/*--------------------------------*- C++ -*----------------------------------*\
| =========                 |                                                 |
| \\      /  F ield         | OpenFOAM: The Open Source CFD Toolbox           |
|  \\    /   O peration     | Version:  2506                                  |
|   \\  /    A nd           | Website:  www.openfoam.com                      |
|    \\/     M anipulation  |                                                 |
\*---------------------------------------------------------------------------*/
FoamFile
{
    version     2.0;
    format      ascii;
    arch        "LSB;label=32;scalar=64";
    class       volScalarField;
    location    "0.00031";
    object      Co;
}
// * * * * * * * * * * * * * * * * * * * * * * * * * * * * * * * * * * * * * //

dimensions      [0 0 0 0 0 0 0];

internalField   nonuniform List<scalar> 
3447
(
6.8604296e-06
6.5595901e-06
6.2622407e-06
1.2698657e-05
1.2525459e-05
1.234452e-05
1.2155559e-05
1.1958348e-05
1.1752713e-05
1.1538545e-05
1.1315799e-05
1.1084508e-05
1.084478e-05
1.0596804e-05
1.0340857e-05
1.0077297e-05
9.8065737e-06
9.5292188e-06
9.2458471e-06
8.9571517e-06
8.6638967e-06
8.3669091e-06
8.0670704e-06
7.7653045e-06
7.462566e-06
7.1598276e-06
6.8580667e-06
6.5582446e-06
6.2618191e-06
1.3279191e-05
1.313448e-05
1.2983607e-05
1.2826138e-05
1.2661672e-05
1.2489843e-05
1.2310324e-05
1.2122834e-05
1.1927138e-05
1.172306e-05
1.1510486e-05
1.1289369e-05
1.1059731e-05
1.0821674e-05
1.0575382e-05
1.0321121e-05
1.0059244e-05
9.7901881e-06
9.514478e-06
9.2327198e-06
8.9455974e-06
8.6538661e-06
8.3583454e-06
8.0599088e-06
7.7594735e-06
7.4579887e-06
7.1564222e-06
6.8557478e-06
6.556924e-06
6.2614075e-06
1.3508952e-05
1.3376195e-05
1.3238262e-05
1.3094673e-05
1.2944972e-05
1.2788728e-05
1.2625543e-05
1.2455049e-05
1.2276915e-05
1.2090855e-05
1.1896636e-05
1.1694078e-05
1.148306e-05
1.1263526e-05
1.10355e-05
1.0799074e-05
1.0554424e-05
1.0301809e-05
1.0041573e-05
9.7741456e-06
9.500043e-06
9.2198618e-06
8.9342771e-06
8.6440361e-06
8.3499505e-06
8.0528865e-06
7.7537545e-06
7.4534981e-06
7.1530803e-06
6.8534713e-06
6.5556267e-06
6.2610015e-06
1.3717123e-05
1.3594103e-05
1.3466964e-05
1.3335195e-05
1.3198299e-05
1.3055798e-05
1.290724e-05
1.2752194e-05
1.2590255e-05
1.2421058e-05
1.2244272e-05
1.2059608e-05
1.1866828e-05
1.1665747e-05
1.1456243e-05
1.1238256e-05
1.1011802e-05
1.0776966e-05
1.0533918e-05
1.0282909e-05
1.0024276e-05
9.7584395e-06
9.4859069e-06
9.2072666e-06
8.9231856e-06
8.6344027e-06
8.3417213e-06
8.0460009e-06
7.7481454e-06
7.4490926e-06
7.1498009e-06
6.8512367e-06
6.5543533e-06
6.2606016e-06
1.8092232e-05
1.778838e-05
1.7506552e-05
1.4132935e-05
1.4021691e-05
1.3908553e-05
1.3792953e-05
1.3674344e-05
1.3552189e-05
1.3425963e-05
1.3295154e-05
1.3159268e-05
1.3017832e-05
1.2870389e-05
1.2716506e-05
1.2555783e-05
1.238785e-05
1.2212374e-05
1.2029067e-05
1.1837689e-05
1.1638051e-05
1.1430024e-05
1.1213545e-05
1.0988622e-05
1.0755338e-05
1.0513853e-05
1.0264412e-05
1.0007343e-05
9.7430608e-06
9.4720624e-06
9.1949287e-06
8.9123179e-06
8.6249611e-06
8.333654e-06
8.039249e-06
7.7426438e-06
7.4447703e-06
7.1465826e-06
6.8490435e-06
6.5531033e-06
6.2602101e-06
1.9100746e-05
1.8718513e-05
1.8364822e-05
1.8037339e-05
1.7733881e-05
1.7452431e-05
1.7191115e-05
1.6948204e-05
1.6722087e-05
1.6511262e-05
1.6314335e-05
1.4414578e-05
1.4306089e-05
1.4197504e-05
1.4088221e-05
1.3977652e-05
1.3865225e-05
1.3750382e-05
1.3632574e-05
1.3511261e-05
1.3385923e-05
1.3256052e-05
1.3121151e-05
1.2980746e-05
1.2834384e-05
1.2681635e-05
1.2522096e-05
1.2355396e-05
1.21812e-05
1.1999218e-05
1.1809206e-05
1.1610972e-05
1.1404384e-05
1.1189376e-05
1.0965947e-05
1.0734176e-05
1.0494217e-05
1.0246307e-05
9.9907666e-06
9.7280018e-06
9.4585028e-06
9.1828416e-06
8.9016686e-06
8.6157069e-06
8.3257451e-06
8.0326282e-06
7.7372475e-06
7.4405299e-06
7.1434245e-06
6.8468904e-06
6.5518757e-06
6.2598247e-06
1.9046153e-05
1.8664349e-05
1.8311068e-05
1.7983974e-05
1.7680891e-05
1.7399802e-05
1.7138838e-05
1.6896271e-05
1.6670494e-05
1.6460006e-05
1.6263414e-05
1.6079423e-05
1.5906817e-05
1.5744462e-05
1.5591296e-05
1.5446319e-05
1.5308582e-05
1.5177199e-05
1.5051326e-05
1.4930162e-05
1.481294e-05
1.469893e-05
1.458743e-05
1.4477765e-05
1.436928e-05
1.4261346e-05
1.4153344e-05
1.4044678e-05
1.3934765e-05
1.3823034e-05
1.3708923e-05
1.3591885e-05
1.347139e-05
1.3346914e-05
1.3217949e-05
1.3084006e-05
1.2944608e-05
1.2799299e-05
1.264765e-05
1.248926e-05
1.2323755e-05
1.2150801e-05
1.1970106e-05
1.1781421e-05
1.1584554e-05
1.1379367e-05
1.1165788e-05
1.0943815e-05
1.0713517e-05
1.0475044e-05
1.0228624e-05
9.9745729e-06
9.7132877e-06
9.4452506e-06
9.1710257e-06
8.8912557e-06
8.6066561e-06
8.3180079e-06
8.0261494e-06
7.7319658e-06
7.4363784e-06
7.1403317e-06
6.8447811e-06
6.5506724e-06
6.2594458e-06
1.940702e-05
1.8994463e-05
1.8612982e-05
1.8260013e-05
1.7933222e-05
1.7630429e-05
1.7349624e-05
1.7088942e-05
1.6846651e-05
1.6621148e-05
1.6410937e-05
1.6214622e-05
1.6030912e-05
1.5858597e-05
1.569654e-05
1.5543674e-05
1.5399008e-05
1.5261598e-05
1.5130556e-05
1.5005042e-05
1.4884251e-05
1.4767423e-05
1.4653829e-05
1.4542768e-05
1.4433568e-05
1.4325576e-05
1.4218162e-05
1.4110715e-05
1.4002636e-05
1.3893344e-05
1.378227e-05
1.3668855e-05
1.3552559e-05
1.3432847e-05
1.3309197e-05
1.3181103e-05
1.3048073e-05
1.2909637e-05
1.2765341e-05
1.2614752e-05
1.2457467e-05
1.2293115e-05
1.2121359e-05
1.1941904e-05
1.17545e-05
1.1558951e-05
1.1355116e-05
1.1142918e-05
1.0922351e-05
1.0693477e-05
1.045644e-05
1.0211464e-05
9.9588535e-06
9.6990006e-06
9.4323798e-06
9.1595474e-06
8.8811378e-06
8.5978593e-06
8.3104858e-06
8.0198491e-06
7.7268282e-06
7.432339e-06
7.1373219e-06
6.8427287e-06
6.5495017e-06
6.2590779e-06
1.9356196e-05
1.8943984e-05
1.8562833e-05
1.8210177e-05
1.7883687e-05
1.7581189e-05
1.7300671e-05
1.7040268e-05
1.6798258e-05
1.6573032e-05
1.6363093e-05
1.6167056e-05
1.5983626e-05
1.5811591e-05
1.5649824e-05
1.5497261e-05
1.5352907e-05
1.5215818e-05
1.5085109e-05
1.4959942e-05
1.4839517e-05
1.4723074e-05
1.4609885e-05
1.4499252e-05
1.4390505e-05
1.4282993e-05
1.4176086e-05
1.4069176e-05
1.3961668e-05
1.3852979e-05
1.3742547e-05
1.3629813e-05
1.3514233e-05
1.3395279e-05
1.327243e-05
1.3145183e-05
1.3013047e-05
1.2875548e-05
1.2732234e-05
1.2582674e-05
1.2426464e-05
1.2263233e-05
1.2092642e-05
1.1914393e-05
1.1728235e-05
1.1533967e-05
1.1331448e-05
1.1120595e-05
1.0901395e-05
1.0673909e-05
1.0438272e-05
1.0194701e-05
9.9434956e-06
9.6850397e-06
9.4198e-06
9.1483257e-06
8.8712439e-06
8.5892555e-06
8.3031273e-06
8.0136843e-06
7.7217999e-06
7.4283847e-06
7.1343745e-06
6.8407176e-06
6.5483544e-06
6.2587201e-06
1.975197e-05
1.9306376e-05
1.8894522e-05
1.8513713e-05
1.8161385e-05
1.7835211e-05
1.7533016e-05
1.7252797e-05
1.6992684e-05
1.6750954e-05
1.6526007e-05
1.6316351e-05
1.6120593e-05
1.5937444e-05
1.5765698e-05
1.5604222e-05
1.5451956e-05
1.5307906e-05
1.5171134e-05
1.5040758e-05
1.4915937e-05
1.4795874e-05
1.4679808e-05
1.4567018e-05
1.4456806e-05
1.43485e-05
1.4241455e-05
1.4135046e-05
1.4028662e-05
1.3921711e-05
1.3813615e-05
1.3703805e-05
1.3591732e-05
1.3476853e-05
1.3358637e-05
1.323657e-05
1.3110147e-05
1.2978879e-05
1.2842291e-05
1.2699933e-05
1.2551375e-05
1.2396212e-05
1.223407e-05
1.206461e-05
1.1887536e-05
1.1702591e-05
1.1509573e-05
1.1308335e-05
1.1098791e-05
1.0880925e-05
1.0654791e-05
1.0420518e-05
1.0178317e-05
9.9284821e-06
9.6713892e-06
9.4074976e-06
9.1373493e-06
8.8615642e-06
8.5808358e-06
8.2959244e-06
8.0076485e-06
7.7168757e-06
7.4245114e-06
7.1314869e-06
6.8387469e-06
6.5472291e-06
6.2583676e-06
2.0184649e-05
1.9702714e-05
1.9257518e-05
1.8846038e-05
1.8465585e-05
1.8113598e-05
1.7787752e-05
1.7485871e-05
1.7205955e-05
1.694614e-05
1.6704701e-05
1.6480041e-05
1.6270667e-05
1.6075193e-05
1.5892331e-05
1.5720871e-05
1.5559687e-05
1.5407717e-05
1.5263976e-05
1.5127522e-05
1.4997472e-05
1.487299e-05
1.4753282e-05
1.463759e-05
1.4525192e-05
1.4415391e-05
1.430752e-05
1.4200935e-05
1.4095011e-05
1.398914e-05
1.388273e-05
1.3775208e-05
1.3666009e-05
1.355458e-05
1.3440384e-05
1.332289e-05
1.3201583e-05
1.3075961e-05
1.2945535e-05
1.2809836e-05
1.266841e-05
1.2520827e-05
1.2366682e-05
1.2205603e-05
1.2037247e-05
1.1861315e-05
1.1677551e-05
1.148575e-05
1.1285761e-05
1.1077493e-05
1.0860926e-05
1.0636108e-05
1.0403166e-05
1.0162302e-05
9.9138036e-06
9.6580403e-06
9.3954645e-06
9.126611e-06
8.8520925e-06
8.5725956e-06
8.2888735e-06
8.0017388e-06
7.7120532e-06
7.4207172e-06
7.1286576e-06
6.8368161e-06
6.5461275e-06
6.2580203e-06
2.0135869e-05
1.9654372e-05
1.9209592e-05
1.8798507e-05
1.8418423e-05
1.8066786e-05
1.7741278e-05
1.7439723e-05
1.7160119e-05
1.6900607e-05
1.6659467e-05
1.6435099e-05
1.6226014e-05
1.6030826e-05
1.584825e-05
1.5677078e-05
1.5516186e-05
1.5364517e-05
1.522108e-05
1.5084939e-05
1.4955214e-05
1.483107e-05
1.4711712e-05
1.4596388e-05
1.4484375e-05
1.4374979e-05
1.4267535e-05
1.41614e-05
1.4055948e-05
1.3950579e-05
1.3844702e-05
1.3737741e-05
1.3629136e-05
1.3518335e-05
1.3404802e-05
1.328801e-05
1.3167444e-05
1.3042604e-05
1.2913001e-05
1.2778165e-05
1.2637645e-05
1.2491011e-05
1.2337859e-05
1.2177813e-05
1.2010532e-05
1.1835714e-05
1.1653102e-05
1.1462484e-05
1.1263709e-05
1.1056686e-05
1.0841385e-05
1.0617852e-05
1.0386207e-05
1.0146647e-05
9.8994521e-06
9.6449866e-06
9.3836954e-06
9.1161061e-06
8.8428248e-06
8.5645309e-06
8.2819714e-06
7.9959527e-06
7.7073306e-06
7.4170006e-06
7.1258856e-06
6.8349237e-06
6.5450463e-06
6.2576804e-06
2.0608842e-05
2.0087963e-05
1.9606926e-05
1.9162574e-05
1.8751892e-05
1.8372197e-05
1.8020929e-05
1.7695768e-05
1.7394548e-05
1.7115267e-05
1.6856066e-05
1.661523e-05
1.6391159e-05
1.6182368e-05
1.598747e-05
1.5805182e-05
1.5634304e-05
1.5473705e-05
1.5322333e-05
1.51792e-05
1.504337e-05
1.4913968e-05
1.4790157e-05
1.4671146e-05
1.4556185e-05
1.444455e-05
1.433555e-05
1.4228524e-05
1.4122827e-05
1.4017841e-05
1.3912963e-05
1.3807603e-05
1.370119e-05
1.3593163e-05
1.3482976e-05
1.3370092e-05
1.3253983e-05
1.3134139e-05
1.3010059e-05
1.2881258e-05
1.2747265e-05
1.2607628e-05
1.2461917e-05
1.230973e-05
1.215069e-05
1.1984455e-05
1.181072e-05
1.1629226e-05
1.1439765e-05
1.1242176e-05
1.1036363e-05
1.0822297e-05
1.0600016e-05
1.0369635e-05
1.0131346e-05
9.8854237e-06
9.6322242e-06
9.3721865e-06
9.1058316e-06
8.8337583e-06
8.5566399e-06
8.2752167e-06
7.9902886e-06
7.7027066e-06
7.4133611e-06
7.1231705e-06
6.8330694e-06
6.5439877e-06
6.2573483e-06
2.1124853e-05
2.0561251e-05
2.0040884e-05
1.9560322e-05
1.9116421e-05
1.8706165e-05
1.8326869e-05
1.7975978e-05
1.7651177e-05
1.7350301e-05
1.7071352e-05
1.6812473e-05
1.6571946e-05
1.6348178e-05
1.6139684e-05
1.5945082e-05
1.5763087e-05
1.5592498e-05
1.5432196e-05
1.5281121e-05
1.5138293e-05
1.5002776e-05
1.487369e-05
1.4750209e-05
1.4631541e-05
1.4516935e-05
1.4405673e-05
1.4297065e-05
1.4190447e-05
1.4085183e-05
1.3980652e-05
1.3876254e-05
1.37714e-05
1.3665523e-05
1.3558063e-05
1.3448473e-05
1.3336219e-05
1.3220778e-05
1.3101637e-05
1.2978297e-05
1.2850275e-05
1.2717102e-05
1.2578326e-05
1.2433516e-05
1.2282269e-05
1.2124209e-05
1.1958993e-05
1.1786315e-05
1.1605914e-05
1.1417576e-05
1.122114e-05
1.1016508e-05
1.0803645e-05
1.0582585e-05
1.0353437e-05
1.0116388e-05
9.871707e-06
9.6197431e-06
9.3609295e-06
9.0957801e-06
8.824887e-06
8.548917e-06
8.2686043e-06
7.984743e-06
7.6981784e-06
7.409796e-06
7.1205103e-06
6.8312526e-06
6.5429497e-06
6.2570209e-06
2.1077489e-05
2.0514455e-05
1.999462e-05
1.9514557e-05
1.9071119e-05
1.8661299e-05
1.8282414e-05
1.7931918e-05
1.7607491e-05
1.7306969e-05
1.7028359e-05
1.6769804e-05
1.6529595e-05
1.6306138e-05
1.6097945e-05
1.5903641e-05
1.5721943e-05
1.5551649e-05
1.5391641e-05
1.5240866e-05
1.5098337e-05
1.4963126e-05
1.4834361e-05
1.4711209e-05
1.4592881e-05
1.4478626e-05
1.4367728e-05
1.4259504e-05
1.4153291e-05
1.404845e-05
1.3944362e-05
1.3840431e-05
1.3736075e-05
1.363072e-05
1.3523811e-05
1.3414806e-05
1.3303168e-05
1.3188375e-05
1.3069921e-05
1.2947305e-05
1.2820044e-05
1.2687668e-05
1.2549728e-05
1.2405796e-05
1.2255465e-05
1.2098358e-05
1.1934135e-05
1.1762487e-05
1.1583148e-05
1.1395905e-05
1.1200594e-05
1.0997113e-05
1.0785423e-05
1.0565553e-05
1.0337608e-05
1.0101769e-05
9.858298e-06
9.6075402e-06
9.3499212e-06
9.0859486e-06
8.8162083e-06
8.5413604e-06
8.2621329e-06
7.9793144e-06
7.6937448e-06
7.4063047e-06
7.1179048e-06
6.8294722e-06
6.5419324e-06
6.2567007e-06
2.1030863e-05
2.0468418e-05
1.9949134e-05
1.9469586e-05
1.9026633e-05
1.8617268e-05
1.8238813e-05
1.7888717e-05
1.7564672e-05
1.7264516e-05
1.6986255e-05
1.6728039e-05
1.6488153e-05
1.6265009e-05
1.6057124e-05
1.5863121e-05
1.5681719e-05
1.5511723e-05
1.5352013e-05
1.5201536e-05
1.5059311e-05
1.4924411e-05
1.4795958e-05
1.4673129e-05
1.4555134e-05
1.4441227e-05
1.4330693e-05
1.4222845e-05
1.4117026e-05
1.4012599e-05
1.3908949e-05
1.3805478e-05
1.3701606e-05
1.3596763e-05
1.3490392e-05
1.3381953e-05
1.3270917e-05
1.3156761e-05
1.3038974e-05
1.2917062e-05
1.279054e-05
1.2658942e-05
1.2521819e-05
1.2378739e-05
1.22293e-05
1.2073126e-05
1.1909868e-05
1.173922e-05
1.1560918e-05
1.1374742e-05
1.1180528e-05
1.0978169e-05
1.0767621e-05
1.0548911e-05
1.0322139e-05
1.008748e-05
9.8451905e-06
9.5956093e-06
9.3391564e-06
9.0763329e-06
8.8077184e-06
8.5339669e-06
8.2558001e-06
7.9740011e-06
7.6894045e-06
7.4028862e-06
7.1153529e-06
6.8277292e-06
6.5409365e-06
6.2563888e-06
2.1593587e-05
2.0985077e-05
2.0423238e-05
1.9904517e-05
1.9425497e-05
1.8983036e-05
1.8574135e-05
1.8196112e-05
1.784643e-05
1.7522776e-05
1.7222991e-05
1.6945084e-05
1.6687205e-05
1.6447648e-05
1.6224821e-05
1.6017244e-05
1.5823543e-05
1.5642443e-05
1.5472743e-05
1.5313325e-05
1.5163146e-05
1.5021223e-05
1.4886627e-05
1.4758485e-05
1.4635974e-05
1.4518309e-05
1.4404744e-05
1.4294565e-05
1.4187087e-05
1.4081655e-05
1.3977634e-05
1.3874412e-05
1.377139e-05
1.3667988e-05
1.3563644e-05
1.3457801e-05
1.334992e-05
1.3239467e-05
1.3125928e-05
1.3008793e-05
1.2887564e-05
1.2761762e-05
1.2630923e-05
1.2494594e-05
1.2352346e-05
1.2203776e-05
1.2048505e-05
1.1886189e-05
1.1716517e-05
1.1539223e-05
1.1354087e-05
1.116094e-05
1.0959673e-05
1.0750239e-05
1.053266e-05
1.030703e-05
1.0073521e-05
9.8323841e-06
9.5839507e-06
9.3286354e-06
9.0669334e-06
8.7994179e-06
8.5267369e-06
8.2496062e-06
7.9688032e-06
7.6851575e-06
7.3995407e-06
7.1128551e-06
6.8260217e-06
6.5399603e-06
6.2560828e-06
2.22075e-05
2.1550166e-05
2.0942166e-05
2.0380806e-05
1.9862527e-05
1.9383927e-05
1.8941861e-05
1.8533327e-05
1.8155658e-05
1.7806305e-05
1.7482967e-05
1.7183485e-05
1.690587e-05
1.6648272e-05
1.6408985e-05
1.6186423e-05
1.5979109e-05
1.5785668e-05
1.5604823e-05
1.5435381e-05
1.5276224e-05
1.5126306e-05
1.4984647e-05
1.4850323e-05
1.4722465e-05
1.4600246e-05
1.4482883e-05
1.4369632e-05
1.4259781e-05
1.4152648e-05
1.4047577e-05
1.3943937e-05
1.3841116e-05
1.3738516e-05
1.3635562e-05
1.353169e-05
1.3426348e-05
1.3318995e-05
1.3209102e-05
1.3096151e-05
1.2979638e-05
1.2859068e-05
1.2733958e-05
1.2603844e-05
1.2468277e-05
1.2326829e-05
1.2179094e-05
1.2024694e-05
1.1863283e-05
1.1694552e-05
1.151823e-05
1.1334097e-05
1.1141979e-05
1.0941767e-05
1.0733408e-05
1.051692e-05
1.0292395e-05
1.0059997e-05
9.8199737e-06
9.5726505e-06
9.318436e-06
9.0578192e-06
8.7913676e-06
8.5197232e-06
8.2435963e-06
7.9637588e-06
7.6810351e-06
7.3962924e-06
7.1104293e-06
6.8243635e-06
6.5390123e-06
6.2557827e-06
2.2165144e-05
2.150831e-05
2.090078e-05
2.0339864e-05
1.9822003e-05
1.9343788e-05
1.8902087e-05
1.8493901e-05
1.8116557e-05
1.7767515e-05
1.7444471e-05
1.7145271e-05
1.6867926e-05
1.6610592e-05
1.6371561e-05
1.6149252e-05
1.5942185e-05
1.5748986e-05
1.5568383e-05
1.5399183e-05
1.5240273e-05
1.5090605e-05
1.4949202e-05
1.4815139e-05
1.4687549e-05
1.4565608e-05
1.4448534e-05
1.4335582e-05
1.4226046e-05
1.4119245e-05
1.4014523e-05
1.3911249e-05
1.3808812e-05
1.3706623e-05
1.3604103e-05
1.3500687e-05
1.3395825e-05
1.3288981e-05
1.3179628e-05
1.3067248e-05
1.2951337e-05
1.2831402e-05
1.2706962e-05
1.2577551e-05
1.2442723e-05
1.2302047e-05
1.215512e-05
1.2001564e-05
1.184103e-05
1.167321e-05
1.149783e-05
1.1314667e-05
1.1123549e-05
1.0924358e-05
1.0717042e-05
1.0501614e-05
1.027816e-05
1.0046841e-05
9.8078991e-06
9.561654e-06
9.3085088e-06
9.0489467e-06
8.7835296e-06
8.5128932e-06
8.2377427e-06
7.9588445e-06
7.6770183e-06
7.3931268e-06
7.1080648e-06
6.822747e-06
6.5380882e-06
6.2554906e-06
2.2826783e-05
2.2123483e-05
2.1467175e-05
2.0860135e-05
2.0299678e-05
1.9782249e-05
1.9304439e-05
1.8863118e-05
1.8455287e-05
1.8078281e-05
1.772956e-05
1.7406819e-05
1.7107908e-05
1.6830844e-05
1.6573781e-05
1.6335011e-05
1.6112955e-05
1.5906139e-05
1.5713188e-05
1.5532829e-05
1.5363874e-05
1.5205211e-05
1.5055793e-05
1.4914643e-05
1.4780837e-05
1.4653513e-05
1.4531847e-05
1.4415057e-05
1.4302404e-05
1.4193178e-05
1.40867e-05
1.3982319e-05
1.3879404e-05
1.3777347e-05
1.3675556e-05
1.3573453e-05
1.3470482e-05
1.3366094e-05
1.3259749e-05
1.315092e-05
1.3039096e-05
1.2923771e-05
1.2804451e-05
1.2680661e-05
1.2551934e-05
1.2417823e-05
1.22779e-05
1.213176e-05
1.1979024e-05
1.1819346e-05
1.165241e-05
1.1477946e-05
1.1295729e-05
1.1105581e-05
1.0907385e-05
1.0701084e-05
1.0486687e-05
1.0264276e-05
1.0034008e-05
9.796119e-06
9.5509239e-06
9.2988205e-06
9.0402864e-06
8.7758775e-06
8.5062243e-06
8.2320261e-06
7.9540443e-06
7.6730941e-06
7.3900336e-06
7.1057539e-06
6.8211666e-06
6.5371841e-06
6.2552057e-06
2.2785281e-05
2.2082507e-05
2.1426737e-05
2.0820213e-05
2.0260236e-05
1.9743256e-05
1.9265865e-05
1.8824937e-05
1.8417477e-05
1.8040816e-05
1.7692425e-05
1.7369999e-05
1.7071389e-05
1.6794608e-05
1.6537819e-05
1.6299318e-05
1.607752e-05
1.5870954e-05
1.5678252e-05
1.5498144e-05
1.5329435e-05
1.5171016e-05
1.5021845e-05
1.4880948e-05
1.4747402e-05
1.4620342e-05
1.4498947e-05
1.4382438e-05
1.4270077e-05
1.4161157e-05
1.4054997e-05
1.3950949e-05
1.3848385e-05
1.3746697e-05
1.3645296e-05
1.3543608e-05
1.3441071e-05
1.3337139e-05
1.3231278e-05
1.3122963e-05
1.3011679e-05
1.2896924e-05
1.2778208e-05
1.2655049e-05
1.2526986e-05
1.2393575e-05
1.2254382e-05
1.2109007e-05
1.1957069e-05
1.1798219e-05
1.1632144e-05
1.1458572e-05
1.1277273e-05
1.108807e-05
1.0890842e-05
1.0685528e-05
1.0472134e-05
1.0250738e-05
1.0021493e-05
9.7846292e-06
9.5404571e-06
9.2893686e-06
9.031836e-06
8.7684097e-06
8.4997146e-06
8.226445e-06
7.9493573e-06
7.6692617e-06
7.3870122e-06
7.1034963e-06
6.8196229e-06
6.5363012e-06
6.2549296e-06
2.2744413e-05
2.2042187e-05
2.1386974e-05
2.078098e-05
2.0221501e-05
1.9704985e-05
1.9228028e-05
1.8787505e-05
1.838043e-05
1.800413e-05
1.7656076e-05
1.7333971e-05
1.7035667e-05
1.675918e-05
1.6502672e-05
1.6264441e-05
1.6042907e-05
1.5836599e-05
1.564415e-05
1.5464291e-05
1.529583e-05
1.5137659e-05
1.4988736e-05
1.4848091e-05
1.4714802e-05
1.4588003e-05
1.4466878e-05
1.4350649e-05
1.4238575e-05
1.4129954e-05
1.4024108e-05
1.3920389e-05
1.3818168e-05
1.3716841e-05
1.3615819e-05
1.3514531e-05
1.3412419e-05
1.3308934e-05
1.3203544e-05
1.3095729e-05
1.298497e-05
1.2870769e-05
1.2752637e-05
1.2630096e-05
1.2502682e-05
1.2369948e-05
1.2231468e-05
1.2086837e-05
1.1935674e-05
1.1777631e-05
1.1612394e-05
1.1439689e-05
1.1259284e-05
1.1071e-05
1.0874713e-05
1.067036e-05
1.0457943e-05
1.0237535e-05
1.0009286e-05
9.7734207e-06
9.5302448e-06
9.280145e-06
9.0235885e-06
8.76112e-06
8.4933594e-06
8.2209955e-06
7.9447799e-06
7.6655181e-06
7.3840604e-06
7.1012903e-06
6.8181136e-06
6.5354373e-06
6.2546584e-06
2.2704142e-05
2.2002494e-05
2.134786e-05
2.0742422e-05
2.018346e-05
1.9667425e-05
1.919092e-05
1.8750815e-05
1.8344131e-05
1.7968203e-05
1.7620502e-05
1.7298727e-05
1.7000738e-05
1.6724552e-05
1.6468331e-05
1.6230376e-05
1.6009111e-05
1.5803064e-05
1.5610869e-05
1.543126e-05
1.5263046e-05
1.5105124e-05
1.4956453e-05
1.4816059e-05
1.4683022e-05
1.4556482e-05
1.4435623e-05
1.4319669e-05
1.4207881e-05
1.4099555e-05
1.3994016e-05
1.3890617e-05
1.3788734e-05
1.3687761e-05
1.3587112e-05
1.3486216e-05
1.3384517e-05
1.3281471e-05
1.3176542e-05
1.306921e-05
1.2958965e-05
1.2845306e-05
1.2727742e-05
1.26058e-05
1.2479015e-05
1.234694e-05
1.2209151e-05
1.2065243e-05
1.1914834e-05
1.1757577e-05
1.1593155e-05
1.1421293e-05
1.1241757e-05
1.1054367e-05
1.0858996e-05
1.0655578e-05
1.0444111e-05
1.0224665e-05
9.997385e-06
9.7624914e-06
9.5202855e-06
9.2711489e-06
9.0155431e-06
8.754008e-06
8.4871579e-06
8.2156768e-06
7.9403117e-06
7.6618634e-06
7.3811781e-06
7.0991359e-06
6.8166395e-06
6.534594e-06
6.254391e-06
2.2664433e-05
2.1963407e-05
2.1309379e-05
2.0704515e-05
2.0146086e-05
1.9630547e-05
1.9154503e-05
1.8714836e-05
1.8308556e-05
1.7933011e-05
1.758567e-05
1.7264234e-05
1.6966567e-05
1.6690688e-05
1.6434761e-05
1.6197089e-05
1.5976095e-05
1.5770315e-05
1.5578378e-05
1.5399022e-05
1.5231062e-05
1.5073388e-05
1.4924963e-05
1.4784819e-05
1.4652038e-05
1.4525759e-05
1.4405164e-05
1.428948e-05
1.4177971e-05
1.4069935e-05
1.39647e-05
1.3861617e-05
1.3760064e-05
1.3659438e-05
1.3559154e-05
1.3458641e-05
1.3357346e-05
1.3254724e-05
1.3150244e-05
1.3043386e-05
1.2933638e-05
1.2820505e-05
1.2703496e-05
1.2582135e-05
1.2455962e-05
1.2324532e-05
1.2187418e-05
1.2044212e-05
1.1894537e-05
1.1738042e-05
1.1574412e-05
1.1403369e-05
1.1224679e-05
1.1038159e-05
1.0843679e-05
1.0641169e-05
1.0430627e-05
1.0212118e-05
9.9857809e-06
9.7518339e-06
9.5105727e-06
9.2623739e-06
9.0076944e-06
8.7470686e-06
8.4811061e-06
8.210486e-06
7.93595e-06
7.6582952e-06
7.3783636e-06
7.0970317e-06
6.8151994e-06
6.5337698e-06
6.2541316e-06
2.3352251e-05
2.2625301e-05
2.1924908e-05
2.1271506e-05
2.0667233e-05
2.0109355e-05
1.9594331e-05
1.9118768e-05
1.8679548e-05
1.8273689e-05
1.7898535e-05
1.7551563e-05
1.723048e-05
1.6933144e-05
1.6657578e-05
1.6401951e-05
1.6164567e-05
1.5943849e-05
1.5738336e-05
1.5546662e-05
1.5367561e-05
1.5199852e-05
1.5042429e-05
1.4894255e-05
1.4754363e-05
1.4621834e-05
1.449581e-05
1.4375476e-05
1.4260061e-05
1.4148829e-05
1.404108e-05
1.3936143e-05
1.383337e-05
1.3732141e-05
1.3631854e-05
1.3531926e-05
1.3431787e-05
1.3330883e-05
1.3228677e-05
1.3124635e-05
1.3018239e-05
1.290898e-05
1.2796357e-05
1.2679886e-05
1.2559093e-05
1.2433516e-05
1.2302709e-05
1.2166248e-05
1.2023727e-05
1.1874766e-05
1.1719015e-05
1.1556155e-05
1.1385909e-05
1.1208042e-05
1.1022367e-05
1.0828754e-05
1.0627129e-05
1.0417486e-05
1.0199888e-05
9.9744694e-06
9.7414435e-06
9.501102e-06
9.2538165e-06
9.000039e-06
8.7402994e-06
8.4752019e-06
8.2054207e-06
7.9316933e-06
7.6548123e-06
7.3756158e-06
7.0949772e-06
6.8137936e-06
6.5329652e-06
6.253878e-06
2.3313065e-05
2.2586699e-05
2.1886969e-05
2.1234221e-05
2.0630559e-05
2.0073253e-05
1.9558758e-05
1.9083691e-05
1.8644934e-05
1.8239507e-05
1.7864757e-05
1.7518164e-05
1.7197438e-05
1.6900439e-05
1.6625195e-05
1.6369873e-05
1.6132784e-05
1.5912352e-05
1.570711e-05
1.5515699e-05
1.5336858e-05
1.5169403e-05
1.5012231e-05
1.4864306e-05
1.4724662e-05
1.4592385e-05
1.4466616e-05
1.4346543e-05
1.4231394e-05
1.4120436e-05
1.401297e-05
1.3908323e-05
1.3805854e-05
1.3704943e-05
1.3604989e-05
1.3505408e-05
1.3405637e-05
1.3305121e-05
1.3203318e-05
1.3099703e-05
1.2993755e-05
1.2884968e-05
1.2772846e-05
1.2656901e-05
1.253666e-05
1.2411663e-05
1.2281466e-05
1.214564e-05
1.2003784e-05
1.1855517e-05
1.1700486e-05
1.1538375e-05
1.1368905e-05
1.1191837e-05
1.1006985e-05
1.0814214e-05
1.061345e-05
1.0404682e-05
1.018797e-05
9.9634451e-06
9.7313157e-06
9.4918694e-06
9.2454734e-06
8.9925747e-06
8.733698e-06
8.4694431e-06
8.2004794e-06
7.9275402e-06
7.6514137e-06
7.3729342e-06
7.0929718e-06
6.8124205e-06
6.5321786e-06
6.2536286e-06
2.3274234e-05
2.2548581e-05
2.1849567e-05
2.11975e-05
2.0594471e-05
2.0037755e-05
1.952381e-05
1.9049249e-05
1.8610965e-05
1.8205984e-05
1.7831652e-05
1.7485448e-05
1.7165091e-05
1.686844e-05
1.6593526e-05
1.6338519e-05
1.6101725e-05
1.5881577e-05
1.5676612e-05
1.5485471e-05
1.5306892e-05
1.5139692e-05
1.4982774e-05
1.4835101e-05
1.4695707e-05
1.4563683e-05
1.4438168e-05
1.4318351e-05
1.4203465e-05
1.4092777e-05
1.3985588e-05
1.3881229e-05
1.3779062e-05
1.3678461e-05
1.3578832e-05
1.3479595e-05
1.3380179e-05
1.3280038e-05
1.3178632e-05
1.3075431e-05
1.2969923e-05
1.2861598e-05
1.2749961e-05
1.2634527e-05
1.2514823e-05
1.2390388e-05
1.2260781e-05
1.2125576e-05
1.1984368e-05
1.1836774e-05
1.1682445e-05
1.1521063e-05
1.1352346e-05
1.1176056e-05
1.0992003e-05
1.0800052e-05
1.0600125e-05
1.0392209e-05
1.0176359e-05
9.9527031e-06
9.7214461e-06
9.4828712e-06
9.2373409e-06
8.9852974e-06
8.7272612e-06
8.463827e-06
8.1956601e-06
7.923489e-06
7.6480979e-06
7.3703176e-06
7.0910147e-06
6.8110808e-06
6.5314118e-06
6.2533862e-06
2.3919466e-05
2.3236826e-05
2.2511769e-05
2.1813416e-05
2.1161995e-05
2.0559574e-05
2.0003419e-05
1.9489997e-05
1.901593e-05
1.8578102e-05
1.8173544e-05
1.7799611e-05
1.7453786e-05
1.713378e-05
1.6837462e-05
1.6562862e-05
1.6308155e-05
1.607165e-05
1.5851777e-05
1.5647079e-05
1.5456194e-05
1.5277865e-05
1.5110913e-05
1.4954237e-05
1.4806806e-05
1.4667654e-05
1.453587e-05
1.4410598e-05
1.4291032e-05
1.41764e-05
1.4065972e-05
1.3959051e-05
1.3854971e-05
1.3753091e-05
1.3652792e-05
1.3553479e-05
1.3454569e-05
1.33555e-05
1.3255722e-05
1.3154698e-05
1.3051901e-05
1.2946815e-05
1.2838936e-05
1.2727769e-05
1.2612828e-05
1.2493643e-05
1.2369755e-05
1.2240722e-05
1.2106115e-05
1.1965531e-05
1.1818591e-05
1.1664942e-05
1.1504264e-05
1.1336277e-05
1.116074e-05
1.0977463e-05
1.0786306e-05
1.0587189e-05
1.0380098e-05
1.0165084e-05
9.9422708e-06
9.7118599e-06
9.4741301e-06
9.2294396e-06
8.9782262e-06
8.7210057e-06
8.4583685e-06
8.1909753e-06
7.9195501e-06
7.6448735e-06
7.3677726e-06
7.0891109e-06
6.8097773e-06
6.5306655e-06
6.2531527e-06
2.388523e-05
2.3202651e-05
2.2477998e-05
2.1780151e-05
2.1129237e-05
2.0527287e-05
1.9971574e-05
1.9458567e-05
1.8984881e-05
1.8547413e-05
1.8143194e-05
1.7769577e-05
1.7424048e-05
1.7104325e-05
1.6808276e-05
1.6533932e-05
1.627947e-05
1.60432e-05
1.5823554e-05
1.5619074e-05
1.5428405e-05
1.525029e-05
1.5083547e-05
1.4927077e-05
1.4779853e-05
1.4640911e-05
1.4509341e-05
1.4384288e-05
1.4264941e-05
1.4150537e-05
1.4040344e-05
1.3933669e-05
1.3829845e-05
1.3728231e-05
1.3628211e-05
1.3529188e-05
1.3430586e-05
1.3331841e-05
1.3232404e-05
1.313174e-05
1.3029325e-05
1.292464e-05
1.2817183e-05
1.2706462e-05
1.2591992e-05
1.2473302e-05
1.2349935e-05
1.2221445e-05
1.208741e-05
1.1947425e-05
1.180111e-05
1.1648111e-05
1.1488109e-05
1.1320821e-05
1.1146006e-05
1.0963471e-05
1.0773076e-05
1.0574738e-05
1.0368439e-05
1.0154228e-05
9.9322245e-06
9.7026269e-06
9.4657097e-06
9.2218271e-06
8.9714124e-06
8.7149769e-06
8.4531069e-06
8.1864585e-06
7.9157519e-06
7.6417638e-06
7.3653178e-06
7.0872743e-06
6.8085191e-06
6.5299445e-06
6.2529262e-06
2.3851643e-05
2.3169144e-05
2.2444902e-05
2.1747562e-05
2.1097158e-05
2.0495692e-05
1.994043e-05
1.9427841e-05
1.895455e-05
1.8517449e-05
1.8113573e-05
1.7740279e-05
1.7395052e-05
1.7075616e-05
1.6779838e-05
1.6505751e-05
1.6251535e-05
1.6015502e-05
1.5796084e-05
1.5591827e-05
1.5401374e-05
1.5223468e-05
1.5056933e-05
1.4900674e-05
1.475366e-05
1.4614925e-05
1.4483563e-05
1.4358724e-05
1.4239597e-05
1.4125417e-05
1.4015457e-05
1.3909022e-05
1.3805446e-05
1.3704092e-05
1.3604344e-05
1.3505607e-05
1.3407305e-05
1.3308876e-05
1.3209771e-05
1.3109457e-05
1.3007409e-05
1.2903114e-05
1.2796069e-05
1.2685778e-05
1.2571764e-05
1.2453555e-05
1.233069e-05
1.2202731e-05
1.2069252e-05
1.1929847e-05
1.1784137e-05
1.1631769e-05
1.1472422e-05
1.1305812e-05
1.1131697e-05
1.0949883e-05
1.0760227e-05
1.0562644e-05
1.0357113e-05
1.014368e-05
9.922463e-06
9.6936548e-06
9.4575262e-06
9.2144277e-06
8.9647884e-06
8.7091155e-06
8.4479906e-06
8.1820659e-06
7.9120577e-06
7.6387389e-06
7.3629295e-06
7.0854871e-06
6.8072953e-06
6.5292434e-06
6.2527027e-06
2.3136113e-05
2.2412264e-05
2.1715446e-05
2.1065576e-05
2.0464617e-05
1.9909828e-05
1.9397678e-05
1.8924795e-05
1.8488078e-05
1.808456e-05
1.77116e-05
1.7366689e-05
1.7047548e-05
1.6752052e-05
1.6478233e-05
1.6224269e-05
1.5988479e-05
1.5769297e-05
1.5565268e-05
1.5375034e-05
1.5197345e-05
1.5031023e-05
1.4874972e-05
1.4728162e-05
1.4589638e-05
1.4458488e-05
1.4333861e-05
1.4214952e-05
1.4100994e-05
1.3991262e-05
1.3885065e-05
1.3781734e-05
1.3680634e-05
1.3581152e-05
1.3482696e-05
1.3384687e-05
1.3286564e-05
1.3187785e-05
1.3087812e-05
1.2986123e-05
1.2882207e-05
1.277556e-05
1.2665693e-05
1.2552122e-05
1.2434377e-05
1.2312004e-05
1.2184559e-05
1.2051618e-05
1.1912776e-05
1.1767654e-05
1.1615897e-05
1.1457185e-05
1.1291233e-05
1.1117798e-05
1.0936682e-05
1.0747743e-05
1.0550893e-05
1.0346108e-05
1.0133431e-05
9.9129764e-06
9.684934e-06
9.4495712e-06
9.2072343e-06
8.9583482e-06
8.7034157e-06
8.4430149e-06
8.1777936e-06
7.9084642e-06
7.6357959e-06
7.3606057e-06
7.083748e-06
6.8061037e-06
6.5285606e-06
6.2524873e-06
2.3103428e-05
2.2380037e-05
2.1683779e-05
2.1034462e-05
2.0434035e-05
1.987974e-05
1.9368049e-05
1.8895591e-05
1.845927e-05
1.8056125e-05
1.7683515e-05
1.7338932e-05
1.70201e-05
1.6724894e-05
1.6451349e-05
1.6197647e-05
1.5962108e-05
1.5743164e-05
1.5539366e-05
1.5349358e-05
1.5171887e-05
1.5005779e-05
1.484994e-05
1.4703343e-05
1.4565026e-05
1.4434087e-05
1.4309675e-05
1.4190982e-05
1.4077245e-05
1.3967739e-05
1.3861772e-05
1.3758684e-05
1.3657838e-05
1.3558619e-05
1.3460435e-05
1.3362713e-05
1.3264893e-05
1.3166428e-05
1.3066787e-05
1.2965449e-05
1.2861902e-05
1.2755645e-05
1.2646186e-05
1.2533045e-05
1.2415753e-05
1.2293855e-05
1.216691e-05
1.2034491e-05
1.1896196e-05
1.1751644e-05
1.1600481e-05
1.1442385e-05
1.1277071e-05
1.1104295e-05
1.0923858e-05
1.0735615e-05
1.0539476e-05
1.0335414e-05
1.0123471e-05
9.9037563e-06
9.676458e-06
9.4418387e-06
9.2002412e-06
8.9520865e-06
8.6978735e-06
8.438176e-06
8.1736382e-06
7.9049687e-06
7.6329328e-06
7.3583445e-06
7.0820555e-06
6.8049442e-06
6.5278964e-06
6.2522779e-06
2.3753236e-05
2.3071077e-05
2.2348206e-05
2.165255e-05
2.100382e-05
2.040394e-05
1.9850159e-05
1.9338946e-05
1.8866935e-05
1.8431025e-05
1.8028264e-05
1.7656015e-05
1.7311771e-05
1.6993256e-05
1.6698351e-05
1.6425092e-05
1.6171661e-05
1.5936378e-05
1.5717681e-05
1.5514118e-05
1.5324339e-05
1.514709e-05
1.49812e-05
1.4825574e-05
1.4679189e-05
1.4541085e-05
1.4410356e-05
1.4286155e-05
1.4167677e-05
1.405416e-05
1.394488e-05
1.3839147e-05
1.3736296e-05
1.3635695e-05
1.3536731e-05
1.3438817e-05
1.3341376e-05
1.3243848e-05
1.3145692e-05
1.3046376e-05
1.2945379e-05
1.2842191e-05
1.2736311e-05
1.262725e-05
1.2514528e-05
1.2397678e-05
1.2276242e-05
1.2149779e-05
1.2017868e-05
1.1880103e-05
1.1736104e-05
1.1585517e-05
1.1428019e-05
1.1263324e-05
1.1091187e-05
1.0911408e-05
1.0723839e-05
1.0528389e-05
1.032503e-05
1.0113798e-05
9.8948018e-06
9.6682249e-06
9.4343271e-06
9.1934471e-06
8.9460023e-06
8.6924881e-06
8.4334735e-06
8.1695993e-06
7.9015705e-06
7.6301493e-06
7.356146e-06
7.0804097e-06
6.8038162e-06
6.5272498e-06
6.2520724e-06
2.3721106e-05
2.3039131e-05
2.2316778e-05
2.1621735e-05
2.0973615e-05
2.0374314e-05
1.9821065e-05
1.9310345e-05
1.8838795e-05
1.8403318e-05
1.8000958e-05
1.7629082e-05
1.7285189e-05
1.6967004e-05
1.6672405e-05
1.6399439e-05
1.6146286e-05
1.5911268e-05
1.5692823e-05
1.5489502e-05
1.5299957e-05
1.5122935e-05
1.4957265e-05
1.4801856e-05
1.4655683e-05
1.451779e-05
1.4387272e-05
1.4263284e-05
1.4145021e-05
1.403172e-05
1.3922663e-05
1.3817156e-05
1.3714541e-05
1.3614185e-05
1.3515476e-05
1.3417822e-05
1.3320655e-05
1.3223416e-05
1.3125561e-05
1.3026562e-05
1.2925897e-05
1.2823057e-05
1.2717546e-05
1.2608873e-05
1.2496557e-05
1.2380132e-05
1.2259144e-05
1.2133153e-05
1.2001734e-05
1.1864484e-05
1.1721021e-05
1.1570992e-05
1.1414074e-05
1.124998e-05
1.1078463e-05
1.0899322e-05
1.0712407e-05
1.0517626e-05
1.0314947e-05
1.0104405e-05
9.8861058e-06
9.6602289e-06
9.4270311e-06
9.1868474e-06
8.9400917e-06
8.6872552e-06
8.4289038e-06
8.1656743e-06
7.8982679e-06
7.6274435e-06
7.3540087e-06
7.0788095e-06
6.80272e-06
6.5266217e-06
6.2518732e-06
2.3689305e-05
2.3007547e-05
2.2285733e-05
2.1591329e-05
2.0943842e-05
2.0345135e-05
1.979244e-05
1.9282238e-05
1.8811166e-05
1.8376134e-05
1.7974188e-05
1.76027e-05
1.725917e-05
1.6941327e-05
1.664705e-05
1.6374383e-05
1.6121514e-05
1.5886766e-05
1.5668579e-05
1.5465504e-05
1.5276197e-05
1.5099406e-05
1.4933959e-05
1.4778769e-05
1.4632813e-05
1.4495133e-05
1.4364827e-05
1.4241049e-05
1.4123e-05
1.4009919e-05
1.3901079e-05
1.3795798e-05
1.3693415e-05
1.3593297e-05
1.3494836e-05
1.3397442e-05
1.3300544e-05
1.3203584e-05
1.3106025e-05
1.3007333e-05
1.2906992e-05
1.2804494e-05
1.269934e-05
1.2591041e-05
1.2479121e-05
1.2363112e-05
1.224256e-05
1.2117024e-05
1.1986082e-05
1.1849331e-05
1.1706388e-05
1.1556901e-05
1.1400545e-05
1.1237033e-05
1.1066116e-05
1.0887593e-05
1.0701313e-05
1.050718e-05
1.0305161e-05
1.0095288e-05
9.8776646e-06
9.6524666e-06
9.4199478e-06
9.1804397e-06
8.9343525e-06
8.6821737e-06
8.4244657e-06
8.1618616e-06
7.8950596e-06
7.6248148e-06
7.3519318e-06
7.0772544e-06
6.8016539e-06
6.5260102e-06
6.2516816e-06
2.3657757e-05
2.2976278e-05
2.2255043e-05
2.1561314e-05
2.0914484e-05
2.0316397e-05
1.9764278e-05
1.9254608e-05
1.8784029e-05
1.8349459e-05
1.7947947e-05
1.7576858e-05
1.72337e-05
1.6916206e-05
1.662226e-05
1.6349905e-05
1.609733e-05
1.5862858e-05
1.5644936e-05
1.5442117e-05
1.525305e-05
1.5076491e-05
1.4911272e-05
1.4756302e-05
1.4610561e-05
1.4473096e-05
1.4343004e-05
1.421944e-05
1.4101603e-05
1.3988736e-05
1.3880116e-05
1.3775059e-05
1.3672905e-05
1.3573023e-05
1.3474805e-05
1.3377662e-05
1.3281027e-05
1.3184344e-05
1.308707e-05
1.298868e-05
1.2888655e-05
1.2786487e-05
1.2681682e-05
1.257375e-05
1.2462213e-05
1.2346605e-05
1.2226475e-05
1.2101382e-05
1.1970904e-05
1.1834636e-05
1.1692198e-05
1.1543236e-05
1.1387425e-05
1.1224476e-05
1.1054141e-05
1.0876218e-05
1.0690552e-05
1.0497047e-05
1.0295668e-05
1.0086444e-05
9.8694748e-06
9.6449348e-06
9.4130742e-06
9.174221e-06
8.9287819e-06
8.6772411e-06
8.4201573e-06
8.1581602e-06
7.8919443e-06
7.6222621e-06
7.349915e-06
7.075744e-06
6.8006185e-06
6.5254169e-06
6.2514951e-06
2.411481e-05
2.362679e-05
2.2945421e-05
2.2224717e-05
2.1531669e-05
2.0885528e-05
2.0288077e-05
1.9736554e-05
1.922744e-05
1.8757378e-05
1.8323283e-05
1.7922212e-05
1.7551539e-05
1.720877e-05
1.6891637e-05
1.6598028e-05
1.6325991e-05
1.6073717e-05
1.5839533e-05
1.562188e-05
1.5419317e-05
1.5230497e-05
1.5054176e-05
1.4889188e-05
1.4734444e-05
1.4588923e-05
1.4451672e-05
1.4321792e-05
1.4198439e-05
1.4080815e-05
1.3968161e-05
1.3859757e-05
1.3754921e-05
1.3652994e-05
1.3553344e-05
1.3455366e-05
1.3358472e-05
1.3262095e-05
1.3165679e-05
1.3068688e-05
1.2970591e-05
1.2870873e-05
1.276903e-05
1.266456e-05
1.2556981e-05
1.2445818e-05
1.2330603e-05
1.2210883e-05
1.208622e-05
1.195619e-05
1.1820391e-05
1.1678442e-05
1.1529988e-05
1.1374705e-05
1.1212303e-05
1.1042533e-05
1.086519e-05
1.0680119e-05
1.0487223e-05
1.0286463e-05
1.0077867e-05
9.8615326e-06
9.6376303e-06
9.4064074e-06
9.1681888e-06
8.923378e-06
8.6724557e-06
8.4159771e-06
8.1545683e-06
7.888921e-06
7.6197843e-06
7.3479571e-06
7.0742776e-06
6.799613e-06
6.5248401e-06
6.2513107e-06
2.4084312e-05
2.3595927e-05
2.2914786e-05
2.2194717e-05
2.1502387e-05
2.0856957e-05
2.026017e-05
1.9709263e-05
1.9200721e-05
1.8731189e-05
1.8297589e-05
1.7896975e-05
1.7526729e-05
1.7184358e-05
1.68676e-05
1.6574341e-05
1.6302633e-05
1.6050665e-05
1.5816771e-05
1.5599397e-05
1.5397098e-05
1.5208532e-05
1.5032455e-05
1.4867698e-05
1.4713179e-05
1.4567879e-05
1.4430844e-05
1.4301178e-05
1.4178039e-05
1.4060626e-05
1.3948187e-05
1.3840001e-05
1.3735382e-05
1.3633675e-05
1.3534255e-05
1.3436512e-05
1.3339863e-05
1.3243739e-05
1.3147586e-05
1.3050866e-05
1.2953056e-05
1.2853638e-05
1.2752107e-05
1.2647969e-05
1.2540736e-05
1.2429934e-05
1.2315098e-05
1.2195776e-05
1.2071528e-05
1.1941934e-05
1.180659e-05
1.1665115e-05
1.1517153e-05
1.1362381e-05
1.1200508e-05
1.1031284e-05
1.0854502e-05
1.0670009e-05
1.0477702e-05
1.0277542e-05
1.0069555e-05
9.8538344e-06
9.6305495e-06
9.3999443e-06
9.1623406e-06
8.9181384e-06
8.6678153e-06
8.4119231e-06
8.1510848e-06
7.8859885e-06
7.6173808e-06
7.3460576e-06
7.0728549e-06
6.7986379e-06
6.5242808e-06
6.2511337e-06
2.405541e-05
2.356653e-05
2.2885599e-05
2.21661e-05
2.1474441e-05
2.0829674e-05
2.0233514e-05
1.9683188e-05
1.9175182e-05
1.8706149e-05
1.8273012e-05
1.787283e-05
1.7502986e-05
1.7160988e-05
1.684458e-05
1.6551649e-05
1.6280249e-05
1.6028574e-05
1.5794955e-05
1.557784e-05
1.5375789e-05
1.518746e-05
1.501161e-05
1.4847075e-05
1.469277e-05
1.4547677e-05
1.441085e-05
1.4281389e-05
1.4158449e-05
1.4041239e-05
1.3929001e-05
1.3821018e-05
1.3716608e-05
1.3615115e-05
1.3515913e-05
1.3418395e-05
1.3321978e-05
1.3226094e-05
1.3130194e-05
1.3033738e-05
1.2936202e-05
1.2837069e-05
1.2735838e-05
1.2632015e-05
1.2525113e-05
1.2414658e-05
1.2300186e-05
1.2181245e-05
1.2057398e-05
1.1928221e-05
1.1793313e-05
1.1652292e-05
1.1504804e-05
1.1350523e-05
1.1189158e-05
1.1020459e-05
1.0844218e-05
1.0660278e-05
1.0468537e-05
1.0268954e-05
1.0061552e-05
9.846422e-06
9.6237312e-06
9.3937201e-06
9.1567079e-06
8.9130914e-06
8.6633449e-06
8.4080171e-06
8.1477279e-06
7.8831625e-06
7.6150643e-06
7.3442267e-06
7.0714833e-06
6.7976972e-06
6.5237416e-06
6.2509636e-06
2.4029869e-05
2.3540265e-05
2.2859367e-05
2.2140289e-05
2.1449151e-05
2.0804902e-05
2.020924e-05
1.9659379e-05
1.9151802e-05
1.8683166e-05
1.8250401e-05
1.7850567e-05
1.7481047e-05
1.7139351e-05
1.6823225e-05
1.6530561e-05
1.6259413e-05
1.6007977e-05
1.5774582e-05
1.5557682e-05
1.5355837e-05
1.5167704e-05
1.4992044e-05
1.4827694e-05
1.4673572e-05
1.4528659e-05
1.4392007e-05
1.4262721e-05
1.4139958e-05
1.4022924e-05
1.3910865e-05
1.3803065e-05
1.3698841e-05
1.3597541e-05
1.3498536e-05
1.3401222e-05
1.3305017e-05
1.3209355e-05
1.3113687e-05
1.3017475e-05
1.2920194e-05
1.282133e-05
1.2720381e-05
1.2616853e-05
1.2510261e-05
1.2400132e-05
1.2286003e-05
1.2167422e-05
1.2043952e-05
1.191517e-05
1.1780675e-05
1.1640085e-05
1.1493044e-05
1.1339229e-05
1.1178347e-05
1.1010146e-05
1.0834417e-05
1.0651004e-05
1.0459802e-05
1.0260767e-05
1.0053921e-05
9.8393539e-06
9.6172284e-06
9.3877833e-06
9.1513346e-06
8.9082762e-06
8.6590792e-06
8.4042896e-06
8.1445241e-06
7.8804648e-06
7.6128527e-06
7.3424785e-06
7.0701736e-06
6.7967993e-06
6.5232267e-06
6.2507997e-06
2.4004271e-05
2.3514141e-05
2.2833476e-05
2.2114873e-05
2.1424298e-05
2.0780597e-05
2.0185448e-05
1.9636062e-05
1.912893e-05
1.8660709e-05
1.8228326e-05
1.7828846e-05
1.7459658e-05
1.7118274e-05
1.680244e-05
1.6510048e-05
1.6239156e-05
1.5987961e-05
1.5754797e-05
1.5538117e-05
1.5336481e-05
1.514855e-05
1.4973085e-05
1.4808923e-05
1.4654983e-05
1.4510248e-05
1.4373773e-05
1.4244662e-05
1.4122074e-05
1.4005216e-05
1.3893334e-05
1.3785714e-05
1.3681676e-05
1.3580563e-05
1.3481751e-05
1.338464e-05
1.3288644e-05
1.3193199e-05
1.3097755e-05
1.3001777e-05
1.2904743e-05
1.280614e-05
1.2705462e-05
1.260222e-05
1.2495929e-05
1.2386116e-05
1.2272318e-05
1.2154084e-05
1.2030978e-05
1.1902578e-05
1.1768481e-05
1.1628306e-05
1.1481699e-05
1.1328332e-05
1.1167915e-05
1.1000195e-05
1.0824961e-05
1.0642055e-05
1.0451372e-05
1.0252867e-05
1.0046557e-05
9.8325322e-06
9.610952e-06
9.3820525e-06
9.1461472e-06
8.9036275e-06
8.6549607e-06
8.4006903e-06
8.1414302e-06
7.8778595e-06
7.6107166e-06
7.3407898e-06
7.0689083e-06
6.7959312e-06
6.5227286e-06
6.2506411e-06
2.3978321e-05
2.3488143e-05
2.2807828e-05
2.2089767e-05
2.1399782e-05
2.0756656e-05
2.0162045e-05
1.9613157e-05
1.910649e-05
1.8638695e-05
1.8206711e-05
1.7807602e-05
1.743876e-05
1.7097699e-05
1.6782167e-05
1.6490059e-05
1.6219431e-05
1.5968489e-05
1.5735562e-05
1.5519105e-05
1.5317683e-05
1.5129958e-05
1.4954691e-05
1.4790721e-05
1.4636966e-05
1.4492413e-05
1.4356115e-05
1.4227179e-05
1.4104768e-05
1.3988086e-05
1.3876382e-05
1.376894e-05
1.366508e-05
1.3564153e-05
1.3465533e-05
1.3368617e-05
1.3272825e-05
1.3177593e-05
1.308237e-05
1.2986622e-05
1.2889829e-05
1.2791477e-05
1.2691065e-05
1.25881e-05
1.24821e-05
1.2372592e-05
1.2259115e-05
1.2141217e-05
1.2018463e-05
1.1890431e-05
1.1756718e-05
1.1616945e-05
1.1470754e-05
1.1317821e-05
1.1157853e-05
1.0990595e-05
1.0815839e-05
1.0633422e-05
1.044324e-05
1.0245244e-05
1.0039452e-05
9.82595e-06
9.6048956e-06
9.3765226e-06
9.1411416e-06
8.8991409e-06
8.6509858e-06
8.3972162e-06
8.1384435e-06
7.8753443e-06
7.6086542e-06
7.3391592e-06
7.0676864e-06
6.7950931e-06
6.5222476e-06
6.2504899e-06
2.3953624e-05
2.3462826e-05
2.278259e-05
2.2064993e-05
2.1375595e-05
2.0733063e-05
2.0139012e-05
1.9590641e-05
1.9084453e-05
1.8617106e-05
1.8185537e-05
1.7786817e-05
1.7418332e-05
1.7077607e-05
1.6762386e-05
1.6470572e-05
1.6200221e-05
1.5949537e-05
1.5716855e-05
1.5500631e-05
1.529943e-05
1.5111915e-05
1.4936846e-05
1.4773069e-05
1.4619504e-05
1.4475135e-05
1.433902e-05
1.4210261e-05
1.4088024e-05
1.3971517e-05
1.3859987e-05
1.3752723e-05
1.3649046e-05
1.3548304e-05
1.3449872e-05
1.335315e-05
1.3257556e-05
1.3162529e-05
1.3067523e-05
1.2972e-05
1.287544e-05
1.2777332e-05
1.2677176e-05
1.2574479e-05
1.2468761e-05
1.2359549e-05
1.2246381e-05
1.2128808e-05
1.2006394e-05
1.1878717e-05
1.1745376e-05
1.1605989e-05
1.1460201e-05
1.1307686e-05
1.114815e-05
1.0981339e-05
1.0807042e-05
1.0625098e-05
1.0435398e-05
1.0237894e-05
1.00326e-05
9.8196021e-06
9.5990544e-06
9.3711886e-06
9.1363128e-06
8.8948126e-06
8.6471507e-06
8.3938642e-06
8.1355619e-06
7.8729173e-06
7.6066641e-06
7.3375856e-06
7.066507e-06
6.7942841e-06
6.5217836e-06
6.2503439e-06
2.3929389e-05
2.3437796e-05
2.2757617e-05
2.2040504e-05
2.1351724e-05
2.0709807e-05
2.0116338e-05
1.9568509e-05
1.9062824e-05
1.8595942e-05
1.8164801e-05
1.7766481e-05
1.7398369e-05
1.705799e-05
1.6743095e-05
1.6451584e-05
1.6181517e-05
1.5931098e-05
1.5698668e-05
1.5482683e-05
1.5281706e-05
1.5094407e-05
1.4919548e-05
1.4755969e-05
1.4602595e-05
1.4458412e-05
1.4322475e-05
1.4193895e-05
1.4071835e-05
1.3955503e-05
1.3844149e-05
1.3737062e-05
1.3633562e-05
1.3532998e-05
1.3434751e-05
1.3338219e-05
1.3242824e-05
1.3148e-05
1.30532e-05
1.2957897e-05
1.2861565e-05
1.2763695e-05
1.2663788e-05
1.2561352e-05
1.2455906e-05
1.234698e-05
1.2234112e-05
1.2116852e-05
1.1994766e-05
1.1867432e-05
1.1734448e-05
1.1595434e-05
1.1450035e-05
1.1297922e-05
1.1138802e-05
1.0972421e-05
1.0798568e-05
1.0617078e-05
1.0427843e-05
1.0230812e-05
1.0025999e-05
9.8134857e-06
9.5934261e-06
9.366049e-06
9.1316599e-06
8.8906416e-06
8.6434548e-06
8.3906337e-06
8.132784e-06
7.8705777e-06
7.6047453e-06
7.3360684e-06
7.0653699e-06
6.793504e-06
6.521336e-06
6.2502003e-06
2.3905211e-05
2.3413024e-05
2.2732898e-05
2.2016289e-05
2.1328151e-05
2.0686885e-05
2.0094016e-05
1.9546748e-05
1.904158e-05
1.8575181e-05
1.814449e-05
1.7746585e-05
1.7378859e-05
1.703884e-05
1.6724279e-05
1.643308e-05
1.6163307e-05
1.5913164e-05
1.5680992e-05
1.5465252e-05
1.5264509e-05
1.5077429e-05
1.490278e-05
1.4739402e-05
1.458622e-05
1.4442227e-05
1.4306476e-05
1.4178074e-05
1.4056191e-05
1.3940036e-05
1.3828857e-05
1.3721943e-05
1.361862e-05
1.3518238e-05
1.3420172e-05
1.3323827e-05
1.3228622e-05
1.3133995e-05
1.3039403e-05
1.2944311e-05
1.28482e-05
1.2750561e-05
1.2650895e-05
1.2548711e-05
1.2443529e-05
1.2334879e-05
1.22223e-05
1.2105343e-05
1.1983573e-05
1.185657e-05
1.1723931e-05
1.1585276e-05
1.144025e-05
1.1288525e-05
1.1129807e-05
1.096384e-05
1.0790412e-05
1.060936e-05
1.0420571e-05
1.0223996e-05
1.0019645e-05
9.8075985e-06
9.5880085e-06
9.3611013e-06
9.1271803e-06
8.8866262e-06
8.6398963e-06
8.387523e-06
8.1301094e-06
7.8683247e-06
7.6028975e-06
7.3346071e-06
7.0642747e-06
6.7927525e-06
6.5209046e-06
6.2500622e-06
2.3881939e-05
2.3388688e-05
2.2708499e-05
2.1992371e-05
2.130488e-05
2.0664275e-05
2.0072033e-05
1.952535e-05
1.9020722e-05
1.8554822e-05
1.8124593e-05
1.7727119e-05
1.7359793e-05
1.7020146e-05
1.6705932e-05
1.6415056e-05
1.6145585e-05
1.5895726e-05
1.5663822e-05
1.544833e-05
1.5247824e-05
1.5060968e-05
1.4886532e-05
1.4723362e-05
1.4570379e-05
1.4426575e-05
1.4291008e-05
1.416279e-05
1.4041084e-05
1.3925102e-05
1.3814098e-05
1.3707361e-05
1.3604212e-05
1.3504004e-05
1.3406121e-05
1.3309959e-05
1.321494e-05
1.3120507e-05
1.3026115e-05
1.293123e-05
1.2835335e-05
1.273792e-05
1.2638487e-05
1.2536548e-05
1.2431621e-05
1.2323238e-05
1.2210938e-05
1.2094273e-05
1.1972808e-05
1.1846123e-05
1.1713817e-05
1.1575508e-05
1.1430841e-05
1.1279488e-05
1.1121156e-05
1.0955588e-05
1.078257e-05
1.0601938e-05
1.0413579e-05
1.0217441e-05
1.0013534e-05
9.8019367e-06
9.582798e-06
9.3563429e-06
9.122872e-06
8.8827638e-06
8.6364734e-06
8.3845307e-06
8.1275363e-06
7.8661573e-06
7.6011196e-06
7.3332011e-06
7.0632207e-06
6.7920293e-06
6.5204898e-06
6.2499303e-06
2.0050379e-05
1.9504299e-05
1.9000229e-05
1.8534848e-05
1.81051e-05
1.770807e-05
1.7341155e-05
1.7001892e-05
1.6688036e-05
1.6397494e-05
1.6128335e-05
1.5878767e-05
1.5647135e-05
1.5431903e-05
1.523164e-05
1.5045017e-05
1.4870801e-05
1.4707839e-05
1.4555055e-05
1.4411443e-05
1.4276064e-05
1.4148027e-05
1.40265e-05
1.3910697e-05
1.3799864e-05
1.3693298e-05
1.3590323e-05
1.3490293e-05
1.3392585e-05
1.3296603e-05
1.3201772e-05
1.3107528e-05
1.301333e-05
1.2918647e-05
1.2822961e-05
1.2725763e-05
1.2626557e-05
1.2524854e-05
1.2420174e-05
1.2312049e-05
1.2200018e-05
1.2083635e-05
1.1962464e-05
1.1836085e-05
1.1704099e-05
1.1566123e-05
1.1421802e-05
1.1270807e-05
1.1112846e-05
1.094766e-05
1.0775036e-05
1.0594808e-05
1.0406862e-05
1.0211145e-05
1.0007665e-05
9.7964976e-06
9.5777925e-06
9.3517712e-06
9.1187325e-06
8.8790527e-06
8.6331846e-06
8.3816553e-06
8.1250635e-06
7.864074e-06
7.5994109e-06
7.3318497e-06
7.0622076e-06
6.7913341e-06
6.5200905e-06
6.2498053e-06
1.8980099e-05
1.851525e-05
1.8085997e-05
1.7689428e-05
1.7322942e-05
1.6984074e-05
1.6670587e-05
1.6380389e-05
1.611155e-05
1.5862284e-05
1.5630935e-05
1.5415967e-05
1.5215951e-05
1.5029562e-05
1.4855569e-05
1.469282e-05
1.4540242e-05
1.4396828e-05
1.4261636e-05
1.4133784e-05
1.4012434e-05
1.3896805e-05
1.3786148e-05
1.3679757e-05
1.3576954e-05
1.3477095e-05
1.3379563e-05
1.3283758e-05
1.3189106e-05
1.3095048e-05
1.3001041e-05
1.2906555e-05
1.2811072e-05
1.2714086e-05
1.2615099e-05
1.2513624e-05
1.2409183e-05
1.2301307e-05
1.2189536e-05
1.2073423e-05
1.1952535e-05
1.1826452e-05
1.1694773e-05
1.1557117e-05
1.1413128e-05
1.1262478e-05
1.1104873e-05
1.0940054e-05
1.0767808e-05
1.0587967e-05
1.0400417e-05
1.0205103e-05
1.0002032e-05
9.7912788e-06
9.5729895e-06
9.3473842e-06
9.1147602e-06
8.8754913e-06
8.630028e-06
8.3788955e-06
8.1226901e-06
7.8620745e-06
7.5977707e-06
7.3305522e-06
7.0612349e-06
6.7906666e-06
6.5197078e-06
6.2496849e-06
1.8067281e-05
1.7671187e-05
1.7305142e-05
1.6966683e-05
1.6653576e-05
1.6363733e-05
1.6095225e-05
1.5846266e-05
1.5615204e-05
1.5400506e-05
1.5200747e-05
1.5014601e-05
1.4840838e-05
1.4678304e-05
1.4525931e-05
1.4382717e-05
1.4247716e-05
1.4120048e-05
1.399888e-05
1.3883425e-05
1.3772942e-05
1.3666722e-05
1.3564091e-05
1.3464404e-05
1.3367043e-05
1.3271413e-05
1.3176939e-05
1.3083062e-05
1.2989241e-05
1.2894946e-05
1.2799662e-05
1.270288e-05
1.2604106e-05
1.2502853e-05
1.2398642e-05
1.2291005e-05
1.2179484e-05
1.2063633e-05
1.1943017e-05
1.1817218e-05
1.1685834e-05
1.1548485e-05
1.1404815e-05
1.1254495e-05
1.1097231e-05
1.0932765e-05
1.0760881e-05
1.0581411e-05
1.0394241e-05
1.0199314e-05
9.9966347e-06
9.7862775e-06
9.5683863e-06
9.3431801e-06
9.1109535e-06
8.8720781e-06
8.6270027e-06
8.3762503e-06
8.1204152e-06
1.7653727e-05
1.7288112e-05
1.6950052e-05
1.6637315e-05
1.6347816e-05
1.607963e-05
1.583097e-05
1.560019e-05
1.5385758e-05
1.5186246e-05
1.5000331e-05
1.4826787e-05
1.4664465e-05
1.398597e-05
1.3870688e-05
1.3760372e-05
1.3654316e-05
1.3551848e-05
1.3452326e-05
1.3355131e-05
1.3259668e-05
1.3165364e-05
1.307166e-05
1.2978017e-05
1.2883905e-05
1.2788809e-05
1.2692223e-05
1.2593652e-05
1.2492609e-05
1.2388618e-05
1.2281209e-05
1.2169927e-05
1.2054324e-05
1.1933967e-05
1.1808438e-05
1.1677335e-05
1.1540278e-05
1.139691e-05
1.1246905e-05
1.1089966e-05
1.0925834e-05
1.0754294e-05
1.0575177e-05
1.0388368e-05
1.0193808e-05
9.9915016e-06
9.7815209e-06
9.5640085e-06
9.3391813e-06
1.3154658e-05
1.3061109e-05
1.2967625e-05
1.2873677e-05
1.2778751e-05
1.2682342e-05
1.2583955e-05
1.2483104e-05
1.2379312e-05
1.2272113e-05
1.216105e-05
1.2045675e-05
1.1925556e-05
1.1800276e-05
1.1669432e-05
1.1532644e-05
1.1389557e-05
1.1239843e-05
1.1083204e-05
1.0919383e-05
1.0748162e-05
1.0569374e-05
1.0382899e-05
1.0188681e-05
9.9867205e-06
9.7770898e-06
1.2957749e-05
1.2863959e-05
1.2769196e-05
1.2672957e-05
1.2574745e-05
1.2474078e-05
1.2370478e-05
1.2263478e-05
1.2152622e-05
1.2037465e-05
1.1917573e-05
1.1792529e-05
1.1661932e-05
1.1525401e-05
1.138258e-05
1.1233141e-05
1.1076788e-05
1.0913262e-05
1.0742345e-05
1.0563867e-05
1.037771e-05
1.0183815e-05
1.2664034e-05
1.2565992e-05
1.24655e-05
1.2362084e-05
1.2255275e-05
1.2144619e-05
1.2029669e-05
1.1909993e-05
1.1785175e-05
1.1654812e-05
1.1518525e-05
1.1375958e-05
1.1226782e-05
1.10707e-05
1.0907453e-05
1.0736824e-05
1.1902806e-05
1.1778202e-05
1.1648062e-05
1.1512008e-05
1.1369681e-05
)
;

boundaryField
{
    Side
    {
        type            empty;
    }
    Inlet
    {
        type            zeroGradient;
    }
    Airfoil
    {
        type            zeroGradient;
    }
    Outlet
    {
        type            zeroGradient;
    }
    procBoundary18to2
    {
        type            processor;
        value           nonuniform List<scalar> 
18
(
2.3858531e-05
2.3364308e-05
2.2684253e-05
2.1968685e-05
2.1281886e-05
2.0641966e-05
2.0641966e-05
2.0029043e-05
1.9483588e-05
1.9483588e-05
1.8960313e-05
1.849602e-05
1.849602e-05
1.8049361e-05
1.8049361e-05
1.7638157e-05
1.7272887e-05
1.6935147e-05
)
;
    }
    procBoundary18to10
    {
        type            processor;
        value           nonuniform List<scalar> 
55
(
1.9156915e-05
1.9514092e-05
1.9459048e-05
1.9459048e-05
1.9853351e-05
1.9802168e-05
1.9802168e-05
2.0234325e-05
2.0234325e-05
2.0706486e-05
2.0657236e-05
2.0657236e-05
2.1172988e-05
2.1172988e-05
2.1735258e-05
2.1687284e-05
2.1640023e-05
2.1640023e-05
2.2251462e-05
2.2251462e-05
2.2911822e-05
2.2868961e-05
2.2868961e-05
2.3556075e-05
2.3514181e-05
2.3472903e-05
2.3432157e-05
2.3391902e-05
2.3391902e-05
2.4036157e-05
2.3996679e-05
2.3957241e-05
2.3957241e-05
2.4402706e-05
2.4368862e-05
2.4335811e-05
2.3818617e-05
2.3818617e-05
2.378581e-05
2.378581e-05
2.4239367e-05
2.4207715e-05
2.4176298e-05
2.4145032e-05
2.4145032e-05
2.416843e-05
2.413929e-05
2.4111739e-05
2.4087882e-05
2.4063637e-05
2.4038241e-05
2.401489e-05
2.3992503e-05
2.3969876e-05
2.3948768e-05
)
;
    }
    procBoundary18to34
    {
        type            processor;
        value           nonuniform List<scalar> 
74
(
7.8601578e-06
7.5961983e-06
7.3293084e-06
7.0603025e-06
6.7900267e-06
6.51934e-06
6.2495658e-06
1.4512293e-05
1.4369268e-05
1.4234454e-05
1.4106963e-05
9.1073322e-06
8.8688313e-06
8.6241248e-06
8.3737339e-06
7.8601578e-06
8.1182509e-06
1.6622706e-05
1.6333484e-05
1.6065556e-05
1.5817142e-05
1.5586588e-05
1.5372368e-05
1.517306e-05
1.4987337e-05
1.4813973e-05
1.4512293e-05
1.4651825e-05
1.4106963e-05
1.3974108e-05
1.3858968e-05
1.3748795e-05
1.3642882e-05
1.3540557e-05
1.3441178e-05
1.3344128e-05
1.3248812e-05
9.5599294e-06
9.1073322e-06
9.3354551e-06
1.3248812e-05
1.314448e-05
1.305108e-05
9.9821837e-06
9.5599294e-06
9.7728852e-06
1.305108e-05
1.2948351e-05
1.2854715e-05
1.276011e-05
1.0558641e-05
1.0372786e-05
9.9821837e-06
1.0179199e-05
1.276011e-05
1.2655561e-05
1.2557682e-05
1.245736e-05
1.2354119e-05
1.2247493e-05
1.2137027e-05
1.2022275e-05
1.1220754e-05
1.106493e-05
1.0901949e-05
1.0558641e-05
1.0731593e-05
1.2022275e-05
1.1896011e-05
1.1771611e-05
1.1641683e-05
1.1505849e-05
1.1220754e-05
1.136375e-05
)
;
    }
    procBoundary18to50
    {
        type            processor;
        value           nonuniform List<scalar> 
74
(
6.8628368e-06
6.5609607e-06
6.2626711e-06
1.2736532e-05
1.2561926e-05
1.2379528e-05
1.2189057e-05
1.1990288e-05
1.1783053e-05
1.1567247e-05
1.1342833e-05
1.1109847e-05
1.0868404e-05
1.0618702e-05
1.0361026e-05
1.0095744e-05
9.8233122e-06
9.5442729e-06
9.2592501e-06
8.9689456e-06
8.6741324e-06
8.3756459e-06
8.0743748e-06
7.77125e-06
7.4672319e-06
7.163298e-06
7.163298e-06
1.3321112e-05
1.3175252e-05
1.3023171e-05
1.2864439e-05
1.2864439e-05
1.3551962e-05
1.3418193e-05
1.3418193e-05
1.3760936e-05
1.3637028e-05
1.3637028e-05
1.8148257e-05
1.7844029e-05
1.7561832e-05
1.4178729e-05
1.4066795e-05
1.3952922e-05
1.3836548e-05
1.3836548e-05
1.8774236e-05
1.8420122e-05
1.8420122e-05
1.7244871e-05
1.7244871e-05
1.7001602e-05
1.6775132e-05
1.6563964e-05
1.6366694e-05
1.4461108e-05
1.4352047e-05
1.4242857e-05
1.4242857e-05
1.6130013e-05
1.6130013e-05
1.5957072e-05
1.5794379e-05
1.5640866e-05
1.549553e-05
1.5357428e-05
1.5225669e-05
1.5099402e-05
1.4977828e-05
1.486018e-05
1.4745721e-05
1.463375e-05
1.4523587e-05
1.4523587e-05
)
;
    }
}


// ************************************************************************* //
