/*--------------------------------*- C++ -*----------------------------------*\
| =========                 |                                                 |
| \\      /  F ield         | OpenFOAM: The Open Source CFD Toolbox           |
|  \\    /   O peration     | Version:  2506                                  |
|   \\  /    A nd           | Website:  www.openfoam.com                      |
|    \\/     M anipulation  |                                                 |
\*---------------------------------------------------------------------------*/
FoamFile
{
    version     2.0;
    format      ascii;
    arch        "LSB;label=32;scalar=64";
    class       surfaceScalarField;
    location    "0.0003";
    object      phi;
}
// * * * * * * * * * * * * * * * * * * * * * * * * * * * * * * * * * * * * * //

dimensions      [1 0 -1 0 0 0 0];

oriented        oriented;

internalField   nonuniform List<scalar> 
6785
(
-0.31352281
-0.00086387511
-0.3112807
-0.00093900122
-0.30875964
-0.0010214006
-0.30653383
-0.0011121427
-0.0012098832
-0.31487906
-0.00079566785
-0.31272136
-0.00086451158
-0.31048527
-0.00093966016
-0.30822029
-0.0010219715
-0.3062679
-0.0011124999
-0.30515457
-0.0012102507
-0.001315941
-0.31554211
-0.00073336014
-0.31378109
-0.0007962114
-0.31182592
-0.00086486511
-0.30970813
-0.00093997652
-0.30746471
-0.0010225142
-0.30546136
-0.0011135922
-0.30429735
-0.0012116929
-0.3041861
-0.0013176123
-0.0014323082
-0.32227262
-0.0027013542
-0.32534696
-0.0029185445
-0.32739999
-0.0031694045
-0.32374836
-0.0034626737
-0.0037899196
-0.315994
-0.00067690086
-0.31437775
-0.00073417786
-0.31300656
-0.0007968034
-0.31133544
-0.00086514874
-0.3092251
-0.00094020153
-0.30657149
-0.0010231783
-0.30400939
-0.0011152047
-0.30256501
-0.0012139709
-0.30239185
-0.001320253
-0.30310938
-0.0014350573
-0.0015566679
-0.31861495
-0.0025080532
-0.32161992
-0.0027043585
-0.32480923
-0.0029208351
-0.32680709
-0.0031717367
-0.32279399
-0.0034664876
-0.31620992
-0.0037953139
-0.0041280624
-0.3164862
-0.00062517293
-0.31472396
-0.00067790157
-0.31339452
-0.00073510561
-0.31231139
-0.00079766403
-0.31088208
-0.000865914
-0.30876299
-0.00094098768
-0.30570087
-0.0010241371
-0.30268458
-0.0011165047
-0.30108264
-0.0012155
-0.30088349
-0.0013219568
-0.301922
-0.001436913
-0.30416839
-0.0015581984
-0.3061253
-0.0016918751
-0.30766365
-0.0018356749
-0.30942845
-0.0019912718
-0.31155797
-0.0021539597
-0.3141489
-0.0023290356
-0.31759786
-0.0025115911
-0.32068216
-0.0027074252
-0.32402114
-0.0029238366
-0.32618732
-0.0031751235
-0.32211735
-0.0034704129
-0.31524142
-0.0038004113
-0.31251885
-0.0041326864
-0.31214826
-0.0044859464
-0.0048672601
-0.3178989
-0.00057777063
-0.31568876
-0.00062618279
-0.31386539
-0.00067893519
-0.31235045
-0.00073616384
-0.31109819
-0.00079866849
-0.30951182
-0.00086691884
-0.30735305
-0.00094200364
-0.30446068
-0.0010252154
-0.30167496
-0.0011176334
-0.30024261
-0.001216656
-0.30013309
-0.0013231324
-0.30124056
-0.0014381554
-0.30352138
-0.001559633
-0.30548504
-0.0016933597
-0.30710654
-0.0018375145
-0.30872
-0.0019933788
-0.31062408
-0.0021568011
-0.31304211
-0.0023321554
-0.31642183
-0.0025149707
-0.31952496
-0.0027106795
-0.32294824
-0.0029277892
-0.32528069
-0.0031796972
-0.32128166
-0.0034755143
-0.31430574
-0.0038055617
-0.31160929
-0.0041365249
-0.31124897
-0.0044897685
-0.004872066
-0.31878193
-0.00053429146
-0.31629625
-0.00057916278
-0.31401433
-0.00062762947
-0.31221176
-0.00068038052
-0.31091408
-0.00073758246
-0.31004351
-0.00079992907
-0.30881268
-0.00086801998
-0.30678973
-0.00094307798
-0.30383955
-0.0010263917
-0.30096867
-0.0011190743
-0.29954904
-0.0012183027
-0.29952369
-0.001324765
-0.30069857
-0.0014394324
-0.30311998
-0.001560642
-0.30510467
-0.0016940562
-0.30654759
-0.0018386242
-0.30800866
-0.0019948467
-0.30985881
-0.0021591078
-0.31212713
-0.0023349616
-0.31530473
-0.0025187452
-0.31828431
-0.0027151478
-0.32163118
-0.0029328814
-0.32393474
-0.0031848231
-0.32019473
-0.0034792094
-0.31351734
-0.0038090532
-0.31091441
-0.0041400328
-0.310526
-0.0044931389
-0.0048747088
-0.32057973
-0.00049335213
-0.31780113
-0.00053585933
-0.31525344
-0.00058071359
-0.31269234
-0.00062904605
-0.31073832
-0.00068157028
-0.30951016
-0.00073876134
-0.30889037
-0.00080121997
-0.30801195
-0.00086957868
-0.30608304
-0.00094490236
-0.30320421
-0.0010283907
-0.30026986
-0.0011211524
-0.29871608
-0.0012203822
-0.29878516
-0.0013268529
-0.30021093
-0.0014413094
-0.30274566
-0.0015626156
-0.30477821
-0.0016960229
-0.30612783
-0.0018405238
-0.3073067
-0.0019966745
-0.30886735
-0.0021615007
-0.31096047
-0.0023378297
-0.3140862
-0.0025224094
-0.31705851
-0.0027192367
-0.3203747
-0.0029372839
-0.32267968
-0.0031892453
-0.3191692
-0.0034827312
-0.312692
-0.003812142
-0.31016664
-0.0041438731
-0.30973891
-0.0044975226
-0.0048786538
-0.32236107
-0.00045379076
-0.32062058
-0.0004945234
-0.31809818
-0.00053728336
-0.31529138
-0.00058213931
-0.31248674
-0.00063024633
-0.31022224
-0.00068259664
-0.30865612
-0.00073992188
-0.30766578
-0.00080271647
-0.30658998
-0.00087160574
-0.30441286
-0.00094730066
-0.30157323
-0.0010308701
-0.29891907
-0.0011232581
-0.29752183
-0.0012222891
-0.29773863
-0.0013287577
-0.2989389
-0.0014435732
-0.30119314
-0.0015654163
-0.30324062
-0.0016994287
-0.30493615
-0.0018442454
-0.30630569
-0.0020009251
-0.3078698
-0.0021655255
-0.31011487
-0.0023413908
-0.31335994
-0.0025252988
-0.31632984
-0.0027231123
-0.3195695
-0.0029407158
-0.32181579
-0.0031926871
-0.31823549
-0.0034863837
-0.31166196
-0.0038171919
-0.30905585
-0.0041496636
-0.30861998
-0.0045036704
-0.0048845298
-0.3218282
-0.00041687791
-0.32155436
-0.00045455465
-0.31989302
-0.00049506522
-0.31716788
-0.00053786006
-0.3145064
-0.00058278934
-0.31189358
-0.0006310825
-0.3096879
-0.00068367581
-0.30797393
-0.00074122873
-0.30669072
-0.00080431997
-0.30528367
-0.00087355733
-0.30303437
-0.00094938866
-0.30037885
-0.0010330915
-0.2979715
-0.0011254515
-0.29665499
-0.0012246406
-0.2967979
-0.0013313836
-0.29778461
-0.0014468543
-0.29978475
-0.0015689596
-0.30181001
-0.0017028227
-0.3035491
-0.0018477887
-0.30505297
-0.0020052318
-0.30674339
-0.0021697833
-0.30921392
-0.0023455526
-0.31256249
-0.0025287578
-0.315519
-0.002727927
-0.31873369
-0.00294536
-0.32094123
-0.0031975756
-0.31734986
-0.0034912051
-0.31069587
-0.0038228923
-0.3080231
-0.0041562833
-0.30749179
-0.0045112206
-0.0048928266
-0.32038675
-0.00038403458
-0.32083916
-0.00041816544
-0.32062639
-0.00045565826
-0.31919631
-0.00049622961
-0.31648383
-0.00053895457
-0.31395912
-0.00058396288
-0.31121634
-0.00063243771
-0.30885419
-0.00068511964
-0.30716315
-0.00074277894
-0.30580007
-0.00080593929
-0.30430464
-0.00087529326
-0.30201669
-0.00095119301
-0.29923609
-0.0010350846
-0.29673766
-0.0011277461
-0.2953516
-0.0012272213
-0.29547549
-0.0013342813
-0.29641486
-0.0014501296
-0.29843172
-0.0015728067
-0.3006226
-0.0017065956
-0.30244734
-0.0018514408
-0.30402719
-0.0020092778
-0.30563543
-0.0021743029
-0.30810662
-0.0023506214
-0.31161843
-0.0025333241
-0.31465537
-0.0027322533
-0.3178765
-0.0029505238
-0.32010732
-0.0032032897
-0.3164418
-0.0034976622
-0.3096508
-0.0038302036
-0.30691194
-0.0041640667
-0.30638394
-0.004519552
-0.0049024713
-0.32040333
-0.00035583522
-0.32050142
-0.00038636551
-0.32019834
-0.00042026171
-0.31912045
-0.00045711823
-0.31714462
-0.00049683637
-0.31492542
-0.00053925507
-0.31233661
-0.00058438053
-0.30995673
-0.00063318548
-0.30798738
-0.0006863286
-0.30640448
-0.00074435435
-0.30513822
-0.00080779064
-0.30357897
-0.0008773104
-0.30130957
-0.00095337638
-0.29838035
-0.001037237
-0.29574344
-0.0011299297
-0.29437297
-0.0012295328
-0.29443887
-0.0013368847
-0.29532661
-0.0014531272
-0.29733168
-0.0015765903
-0.29952282
-0.0017106571
-0.30129788
-0.0018552475
-0.30293471
-0.0020125518
-0.30467578
-0.0021779239
-0.30718482
-0.0023550238
-0.31074209
-0.0025383541
-0.31376925
-0.0027366673
-0.31692428
-0.0029559789
-0.31911476
-0.0032094309
-0.31549517
-0.0035041591
-0.30876311
-0.0038372468
-0.30598386
-0.0041721054
-0.30537754
-0.0045281566
-0.0049123943
-0.32065983
-0.00033008135
-0.31991833
-0.00035746666
-0.31949265
-0.00038792016
-0.31882429
-0.00042141462
-0.31783783
-0.00045764629
-0.31612503
-0.0004970703
-0.31372954
-0.00053941959
-0.31162227
-0.00058466573
-0.30936477
-0.00063368281
-0.30732857
-0.00068717825
-0.30560884
-0.00074547536
-0.30414736
-0.0008092624
-0.30238216
-0.0008790231
-0.30015998
-0.00095533865
-0.29752606
-0.0010391406
-0.29506906
-0.0011316079
-0.2936616
-0.0012311878
-0.29358303
-0.0013386922
-0.29422175
-0.0014552409
-0.29593068
-0.0015797262
-0.29824013
-0.001714329
-0.30031323
-0.0018589743
-0.30216276
-0.002015449
-0.3038114
-0.0021811866
-0.30623453
-0.0023587071
-0.30989207
-0.0025432034
-0.31295169
-0.0027406273
-0.31602191
-0.0029607186
-0.31823241
-0.0032149206
-0.31463485
-0.003510413
-0.30787536
-0.003844366
-0.30506424
-0.0041800626
-0.30444173
-0.0045365363
-0.30670135
-0.0049220941
-0.0053193997
-0.32074808
-0.00030576516
-0.31961759
-0.00033116953
-0.3189423
-0.00035864846
-0.31829785
-0.00038899927
-0.31749662
-0.00042221151
-0.31650849
-0.00045807262
-0.31507393
-0.00049724957
-0.31276351
-0.000539557
-0.31075763
-0.00058493521
-0.30867032
-0.00063409794
-0.30661531
-0.0006877819
-0.3046838
-0.00074629097
-0.3029575
-0.00081035723
-0.3009895
-0.00088036831
-0.29877084
-0.00095685877
-0.29635858
-0.0010407092
-0.29423383
-0.0011329339
-0.29310203
-0.001232323
-0.29308099
-0.0013397949
-0.29359699
-0.0014564603
-0.2949662
-0.0015813483
-0.29704007
-0.0017164415
-0.29920038
-0.0018614971
-0.30130581
-0.0020178535
-0.30295594
-0.0021834693
-0.30517386
-0.0023609152
-0.30884119
-0.002546635
-0.31198796
-0.0027443592
-0.31504011
-0.0029649353
-0.31728322
-0.003219737
-0.31374979
-0.003515667
-0.30695155
-0.0038498671
-0.3041405
-0.0041857087
-0.30350391
-0.0045427284
-0.30575512
-0.0049302465
-0.3101428
-0.0053285705
-0.0057637819
-0.31997011
-0.00028263
-0.31903185
-0.00030568671
-0.31816074
-0.00033113148
-0.31749245
-0.00035857213
-0.31680777
-0.00038890081
-0.31605986
-0.00042220791
-0.31513148
-0.00045830251
-0.31383182
-0.0004977611
-0.31164641
-0.00054024342
-0.30974362
-0.00058565299
-0.30770024
-0.00063481397
-0.30563818
-0.0006884583
-0.30365527
-0.00074690334
-0.3017799
-0.00081084217
-0.29971882
-0.00088081133
-0.29748715
-0.00095721653
-0.29518067
-0.0010411927
-0.2932467
-0.0011334955
-0.29219847
-0.0012329336
-0.292195
-0.0013404597
-0.29278506
-0.0014572682
-0.29419255
-0.0015820644
-0.2961061
-0.0017175372
-0.29812879
-0.0018627115
-0.3002624
-0.0020196312
-0.30210184
-0.0021853497
-0.30421351
-0.0023628897
-0.30769928
-0.0025490442
-0.31085386
-0.0027474902
-0.31394853
-0.0029675995
-0.31621371
-0.003222515
-0.31274845
-0.0035193069
-0.305967
-0.0038540619
-0.30319899
-0.0041903363
-0.30255098
-0.0045479634
-0.30474666
-0.0049358659
-0.30907258
-0.0053348509
-0.31044509
-0.0057712375
-0.0062586642
-0.32087105
-0.00026243309
-0.31952077
-0.00028334803
-0.31775684
-0.0003058417
-0.31646186
-0.00033072712
-0.31558097
-0.00035780565
-0.31556738
-0.0003882451
-0.31550678
-0.0004221008
-0.31491737
-0.00045896723
-0.31334271
-0.00049899438
-0.31087667
-0.00054177624
-0.30873274
-0.00058710776
-0.30630604
-0.00063614486
-0.30406654
-0.00068949325
-0.30217986
-0.00074768578
-0.30045952
-0.00081133963
-0.29852889
-0.00088113768
-0.29618336
-0.00095738887
-0.29361668
-0.0010414025
-0.29144378
-0.0011339318
-0.29031372
-0.0012336856
-0.29049589
-0.0013414059
-0.29135374
-0.0014583501
-0.29314596
-0.0015829715
-0.29530747
-0.0017188032
-0.29742485
-0.0018643763
-0.29919491
-0.0020221837
-0.30099819
-0.0021882492
-0.30321859
-0.0023654902
-0.30655213
-0.0025510246
-0.30968148
-0.0027495867
-0.31297671
-0.002969886
-0.31535218
-0.003225192
-0.31168814
-0.0035238886
-0.30468201
-0.0038596579
-0.30192213
-0.0041951261
-0.30144542
-0.0045526211
-0.30380365
-0.0049416119
-0.30800678
-0.0053420473
-0.30928519
-0.0057785063
-0.30886559
-0.0062668587
-0.0068232537
-0.30273019
-0.00020633481
-0.32031228
-0.00024313597
-0.32014764
-0.0002628207
-0.31834397
-0.00028382569
-0.31611046
-0.00030633746
-0.31451247
-0.0003307223
-0.31362087
-0.00035769494
-0.31376528
-0.00038818741
-0.3138904
-0.00042233482
-0.31345512
-0.00045975688
-0.31191621
-0.00050012996
-0.30941098
-0.00054301394
-0.30720591
-0.0005883696
-0.3047029
-0.00063737851
-0.30248252
-0.0006907127
-0.30079593
-0.00074896826
-0.29930131
-0.00081265909
-0.29758033
-0.00088248249
-0.29533094
-0.00095877903
-0.29275623
-0.001042871
-0.29046881
-0.0011355349
-0.28919141
-0.0012354157
-0.28932503
-0.0013432148
-0.29024425
-0.0014601935
-0.29216418
-0.0015850765
-0.29429047
-0.0017206262
-0.29624254
-0.0018666697
-0.29787496
-0.0020249104
-0.2997959
-0.0021918583
-0.30217647
-0.0023681267
-0.30542796
-0.0025541193
-0.30846609
-0.0027538479
-0.31171847
-0.0029751214
-0.31403699
-0.0032307153
-0.31051127
-0.0035290042
-0.30366404
-0.0038643214
-0.30092857
-0.0042004071
-0.30038112
-0.0045587881
-0.30261044
-0.0049494622
-0.30673604
-0.0053498547
-0.30805042
-0.0057868933
-0.30764096
-0.0062756304
-0.30496551
-0.0068317803
-0.30448633
-0.0074151385
-0.0080603553
-0.29920485
-0.00020604675
-0.31697994
-0.00024290053
-0.31726176
-0.0002627852
-0.31596401
-0.00028401482
-0.31447072
-0.00030672254
-0.31317505
-0.00033180972
-0.31255056
-0.00035922195
-0.31245891
-0.00038979043
-0.31222883
-0.00042367703
-0.31157794
-0.0004605206
-0.31019911
-0.00050052647
-0.30786052
-0.00054336472
-0.30576387
-0.00058889207
-0.30359294
-0.00063820256
-0.30153496
-0.00069192723
-0.29977847
-0.00075059939
-0.29833751
-0.00081460492
-0.29665682
-0.0008847387
-0.29444617
-0.00096125895
-0.29195354
-0.0010454558
-0.28984837
-0.0011382034
-0.28874444
-0.001238007
-0.28886954
-0.0013458573
-0.28948409
-0.0014628924
-0.29098154
-0.0015881628
-0.29312336
-0.0017234709
-0.29492713
-0.0018689401
-0.29639122
-0.0020270045
-0.29851423
-0.0021950188
-0.30121931
-0.0023718521
-0.30449637
-0.0025586858
-0.30743904
-0.0027598328
-0.31044732
-0.0029820166
-0.3125414
-0.0032376226
-0.30923161
-0.0035336106
-0.30280301
-0.0038683038
-0.3001375
-0.0042068302
-0.29945628
-0.0045667383
-0.30144374
-0.0049577464
-0.30540531
-0.0053564824
-0.30687775
-0.0057961107
-0.30651722
-0.0062859623
-0.30382823
-0.0068415994
-0.3033101
-0.007425943
-0.30428787
-0.0080695524
-0.30508259
-0.00878667
-0.30777642
-0.0095427874
-0.31019731
-0.010291304
-0.011126136
-0.2985407
-0.00020623362
-0.31641928
-0.00024318505
-0.31684305
-0.00026318077
-0.31566081
-0.00028457746
-0.3140242
-0.00030739432
-0.3128815
-0.00033260213
-0.31211208
-0.00036012716
-0.31181946
-0.00039080506
-0.31137383
-0.00042469852
-0.31052681
-0.00046142339
-0.30881649
-0.00050140128
-0.30644587
-0.00054423428
-0.30435518
-0.00058986141
-0.30211459
-0.00063928333
-0.30007733
-0.00069314242
-0.29842865
-0.00075191116
-0.29702968
-0.00081611046
-0.29539354
-0.00088639516
-0.29332478
-0.00096322773
-0.29087565
-0.0010476653
-0.28868253
-0.0011409713
-0.28755687
-0.0012412883
-0.2876325
-0.0013495224
-0.28832442
-0.0014667011
-0.28992686
-0.0015913696
-0.29201664
-0.0017271969
-0.29392805
-0.0018728166
-0.29540352
-0.0020308756
-0.29716021
-0.0021991897
-0.29990876
-0.0023772683
-0.30339392
-0.0025633565
-0.30634662
-0.0027648358
-0.30936064
-0.0029874368
-0.3114538
-0.0032434972
-0.30809723
-0.003540034
-0.30165458
-0.0038751518
-0.29898963
-0.0042146616
-0.29829935
-0.0045755628
-0.30032369
-0.004967008
-0.30430904
-0.005364845
-0.30580102
-0.0058046897
-0.30536522
-0.0062953613
-0.30267771
-0.0068500121
-0.30221798
-0.0074369189
-0.30315689
-0.0080840946
-0.30388978
-0.0087947945
-0.30659538
-0.0095565401
-0.30900163
-0.010309051
-0.31547658
-0.011147323
-0.32449954
-0.012013165
-0.012933776
-0.29783455
-0.0002063914
-0.31599986
-0.00024344966
-0.31655466
-0.00026356245
-0.3154263
-0.00028506107
-0.31401829
-0.00030820897
-0.31264768
-0.00033350978
-0.31197184
-0.00036118034
-0.31145691
-0.00039195207
-0.31061861
-0.00042582927
-0.30947038
-0.00046241395
-0.30767705
-0.0005022667
-0.30514241
-0.00054510475
-0.30293426
-0.00059087999
-0.30078964
-0.00064044838
-0.29890177
-0.00069452258
-0.29732285
-0.00075346397
-0.29609159
-0.00081784682
-0.29453114
-0.00088817841
-0.29247705
-0.00096527591
-0.28990362
-0.0010499794
-0.28742069
-0.0011437481
-0.28604369
-0.0012445468
-0.28589394
-0.0013531757
-0.28678126
-0.0014705628
-0.28870371
-0.0015948228
-0.29067205
-0.0017308958
-0.29244333
-0.0018771703
-0.29408427
-0.0020352852
-0.29597133
-0.0022034411
-0.29881744
-0.0023822663
-0.30246282
-0.0025682672
-0.30545963
-0.0027696689
-0.30846282
-0.002992612
-0.31050722
-0.0032489441
-0.3070358
-0.0035460511
-0.30053131
-0.003881962
-0.29779704
-0.0042221662
-0.29706758
-0.0045837236
-0.2991299
-0.0049753282
-0.30321804
-0.0053737309
-0.30475621
-0.0058137756
-0.30433211
-0.0063054422
-0.30153145
-0.0068602742
-0.30105518
-0.0074465887
-0.30201714
-0.0080945032
-0.30280568
-0.0088109832
-0.30549632
-0.0095719816
-0.30786261
-0.010325006
-0.31430536
-0.011167861
-0.32329161
-0.012034102
-0.32947364
-0.012956144
-0.014089296
-0.2964476
-0.00020697097
-0.3146483
-0.00024412876
-0.31524808
-0.00026424877
-0.31418818
-0.00028572645
-0.31289944
-0.00030888774
-0.31161304
-0.00033444519
-0.31100662
-0.00036219243
-0.31048623
-0.00039296491
-0.30966644
-0.00042673243
-0.30859379
-0.00046324817
-0.30685896
-0.00050309857
-0.30439783
-0.00054601206
-0.30226024
-0.00059187405
-0.30009442
-0.00064160686
-0.29812352
-0.00069586743
-0.29642297
-0.00075500729
-0.2950428
-0.00081964895
-0.29333823
-0.00089024984
-0.29120239
-0.00096764935
-0.28862898
-0.0010526154
-0.28617743
-0.0011463911
-0.28480964
-0.0012471804
-0.28465025
-0.0013558991
-0.28548405
-0.0014736044
-0.28737844
-0.0015985536
-0.28940495
-0.0017348073
-0.29128312
-0.001881471
-0.29309529
-0.0020391445
-0.29491855
-0.0022075473
-0.29772866
-0.0023871093
-0.30147519
-0.0025735665
-0.30450911
-0.0027743017
-0.30746904
-0.0029973902
-0.30950461
-0.0032541417
-0.30597953
-0.003552236
-0.29944081
-0.0038892077
-0.29668765
-0.0042297293
-0.29598238
-0.0045913729
-0.2980566
-0.0049822612
-0.30219154
-0.0053835631
-0.30365653
-0.0058239388
-0.30322841
-0.0063158235
-0.30044219
-0.0068724714
-0.2999753
-0.0074596968
-0.30092558
-0.0081101791
-0.30167538
-0.0088263727
-0.30438485
-0.00958801
-0.30673258
-0.01034251
-0.31312435
-0.011185387
-0.32209188
-0.012054633
-0.32823481
-0.012979345
-0.33429569
-0.014113791
-0.34068588
-0.015419666
-0.33880022
-0.017081161
-0.019327885
-0.29569829
-0.00020775016
-0.31354048
-0.00024500565
-0.3139723
-0.00026505827
-0.31281518
-0.00028646192
-0.31136737
-0.00030960802
-0.31011369
-0.00033494345
-0.30949394
-0.00036256631
-0.3092742
-0.00039336567
-0.30880884
-0.00042730274
-0.30800712
-0.00046406051
-0.30645364
-0.00050409291
-0.30412592
-0.00054715212
-0.30201608
-0.00059306272
-0.29969485
-0.00064284647
-0.29748014
-0.00069715841
-0.29549467
-0.00075638598
-0.29381483
-0.00082122267
-0.29185485
-0.00089210177
-0.28947472
-0.00096975718
-0.28692
-0.0010550038
-0.28470425
-0.0011487384
-0.28355448
-0.0012494808
-0.28359859
-0.0013582773
-0.28432211
-0.001476379
-0.28599231
-0.0016022914
-0.28806121
-0.0017387141
-0.29015039
-0.0018859215
-0.29225244
-0.0020435248
-0.29390115
-0.0022116105
-0.29645861
-0.0023917091
-0.30032425
-0.0025788589
-0.30350396
-0.0027786188
-0.30649159
-0.0030019717
-0.30860656
-0.0032593944
-0.30499428
-0.0035588061
-0.29828403
-0.0038968876
-0.2955215
-0.0042372555
-0.29489076
-0.0045989204
-0.29704875
-0.0049901791
-0.30117262
-0.0053940296
-0.30252718
-0.0058349538
-0.30212748
-0.0063282792
-0.29938053
-0.0068868179
-0.29888363
-0.0074746348
-0.29982473
-0.0081247554
-0.3005728
-0.0088436769
-0.3033225
-0.0096051559
-0.30565257
-0.010360202
-0.3119589
-0.011204384
-0.32089852
-0.012075877
-0.32701102
-0.013002762
-0.33302553
-0.014139455
-0.33935208
-0.015447533
-0.33739246
-0.017110349
-0.31365277
-0.019355491
-0.29432696
-0.020823039
-0.021588887
-0.29454386
-0.00020787828
-0.31216093
-0.00024527795
-0.31247406
-0.00026540086
-0.31125743
-0.00028697455
-0.3096531
-0.00030999956
-0.30848966
-0.00033533166
-0.30788527
-0.00036295622
-0.30772531
-0.00039380316
-0.30749787
-0.0004279336
-0.3068713
-0.00046502038
-0.30556642
-0.0005051533
-0.30329391
-0.00054823492
-0.30123427
-0.0005942243
-0.29897851
-0.00064391146
-0.29675492
-0.00069823466
-0.29460474
-0.00075752029
-0.29268924
-0.00082249215
-0.29057514
-0.00089360268
-0.28803506
-0.00097132792
-0.28539137
-0.0010566073
-0.28323454
-0.0011502379
-0.28213261
-0.0012510843
-0.28221813
-0.0013600315
-0.28297045
-0.0014783755
-0.28469147
-0.0016049624
-0.28681077
-0.0017413349
-0.28884516
-0.0018890466
-0.29111208
-0.002047623
-0.29290637
-0.0022154498
-0.29524777
-0.0023951768
-0.29908697
-0.0025834931
-0.30235856
-0.0027832033
-0.30535456
-0.0030070671
-0.30747516
-0.0032649399
-0.30383295
-0.0035648608
-0.29711508
-0.0039034961
-0.29436892
-0.0042435233
-0.29381353
-0.004605386
-0.29600658
-0.0049977227
-0.30003671
-0.0054033482
-0.30132975
-0.0058454716
-0.30092748
-0.0063393134
-0.29825184
-0.0069006854
-0.29774018
-0.0074897577
-0.29865163
-0.008139866
-0.29937693
-0.0088596638
-0.30218229
-0.009623647
-0.30453562
-0.010380198
-0.3107095
-0.011224012
-0.31963396
-0.012097524
-0.32573352
-0.01302636
-0.33169832
-0.014165207
-0.3379759
-0.015475577
-0.33598394
-0.017139551
-0.31234467
-0.019380801
-0.293135
-0.020854624
-0.021624516
-0.29126694
-0.00020783573
-0.308994
-0.00024533344
-0.30961545
-0.00026560854
-0.30877011
-0.00028737108
-0.3078362
-0.00031093298
-0.30659442
-0.00033668918
-0.30597109
-0.00036460363
-0.30547544
-0.000395296
-0.30510832
-0.0004290053
-0.30434062
-0.00046553024
-0.30329655
-0.00050547707
-0.30131211
-0.00054854563
-0.29951987
-0.00059472048
-0.29769956
-0.00064454579
-0.2957016
-0.00069896601
-0.29352716
-0.00075841918
-0.29150675
-0.00082348053
-0.28932842
-0.00089471817
-0.28689331
-0.00097249802
-0.28450916
-0.0010577912
-0.28261153
-0.0011512957
-0.28158664
-0.0012522107
-0.28156584
-0.0013612492
-0.28214377
-0.0014797101
-0.28367861
-0.00160701
-0.28581238
-0.0017432595
-0.2876025
-0.0018902487
-0.2896631
-0.0020495572
-0.29175526
-0.002217951
-0.29406946
-0.0023972678
-0.29770375
-0.0025869518
-0.30092894
-0.0027880622
-0.30385985
-0.0030125193
-0.30591862
-0.0032706154
-0.3025281
-0.0035696238
-0.29611467
-0.0039073183
-0.29346428
-0.0042481955
-0.29284386
-0.0046108953
-0.29487499
-0.0050041656
-0.29874961
-0.0054105088
-0.30005155
-0.0058539575
-0.29965767
-0.006349011
-0.29704859
-0.0069110762
-0.29654191
-0.0075020801
-0.29742855
-0.0081536783
-0.29813337
-0.0088739599
-0.30095958
-0.0096370579
-0.30332665
-0.010397378
-0.30939042
-0.011242819
-0.31830546
-0.012118008
-0.32439293
-0.013048782
-0.33031541
-0.014188622
-0.33655586
-0.015500644
-0.33457035
-0.017164162
-0.31102996
-0.019407268
-0.29196332
-0.020886518
-0.26899896
-0.021658528
-0.26657426
-0.023540926
-0.27220246
-0.026683457
-0.029292164
-0.29036267
-0.00020796082
-0.30795536
-0.00024549263
-0.30846187
-0.00026581533
-0.30742
-0.00028759713
-0.30626911
-0.00031113641
-0.304964
-0.00033673789
-0.30436189
-0.00036468803
-0.30392074
-0.00039554383
-0.30351106
-0.00042952283
-0.30268194
-0.0004662559
-0.30147035
-0.00050636668
-0.29936386
-0.00054958858
-0.29742693
-0.00059585886
-0.29562727
-0.00064578418
-0.29372819
-0.0007002602
-0.29179714
-0.00075978473
-0.29011365
-0.00082477656
-0.28823995
-0.00089593106
-0.28602936
-0.00097359513
-0.28373123
-0.0010589112
-0.28177565
-0.0011524812
-0.28065894
-0.0012535012
-0.28061533
-0.0013626827
-0.28097698
-0.0014811902
-0.28214929
-0.0016086624
-0.2843792
-0.0017460392
-0.2864388
-0.001892388
-0.28815813
-0.0020519464
-0.29036446
-0.0022212455
-0.29292396
-0.0024000997
-0.29639096
-0.0025898817
-0.29954701
-0.0027924354
-0.30251104
-0.0030172391
-0.30453433
-0.0032756142
-0.30122051
-0.0035745622
-0.29495485
-0.0039121183
-0.29235812
-0.0042535314
-0.29175977
-0.0046167848
-0.29375844
-0.0050103516
-0.29748824
-0.0054176082
-0.29880979
-0.0058620712
-0.29838826
-0.0063578854
-0.29577727
-0.0069201573
-0.29527868
-0.007512642
-0.29616275
-0.0081664174
-0.2968548
-0.0088855013
-0.29974339
-0.0096489304
-0.30210326
-0.010412139
-0.30805642
-0.011259125
-0.31693999
-0.012135913
-0.32303036
-0.013070096
-0.3289172
-0.01420998
-0.3351277
-0.015522997
-0.33316598
-0.017187834
-0.3097157
-0.019434105
-0.2908089
-0.020917984
-0.26788831
-0.021690662
-0.2654156
-0.02357145
-0.27094032
-0.026714029
-0.029329995
-0.2900372
-0.00020774468
-0.30781927
-0.00024538141
-0.30848203
-0.00026578197
-0.30759755
-0.00028767537
-0.30648402
-0.00031148141
-0.30515729
-0.00033721868
-0.30431315
-0.00036528155
-0.30347744
-0.0003962311
-0.30260728
-0.00043014272
-0.30132339
-0.00046679211
-0.2997485
-0.00050682053
-0.29749365
-0.00055008405
-0.29553082
-0.00059648738
-0.29368736
-0.0006467865
-0.29183333
-0.00070156549
-0.29004551
-0.0007613089
-0.28851772
-0.00082646313
-0.28683005
-0.00089764638
-0.2848277
-0.00097523963
-0.28265393
-0.0010606359
-0.28076029
-0.0011545659
-0.27968153
-0.0012557497
-0.27958892
-0.0013650494
-0.2800804
-0.0014834464
-0.2812314
-0.0016099458
-0.28292246
-0.0017484772
-0.28496612
-0.001895683
-0.2866908
-0.0020549518
-0.28891386
-0.0022247003
-0.29172912
-0.0024035809
-0.29516882
-0.0025931732
-0.29822281
-0.0027969772
-0.30117387
-0.0030225108
-0.30314201
-0.0032811605
-0.29991768
-0.003579889
-0.2938188
-0.0039170704
-0.29126194
-0.0042594288
-0.29062588
-0.0046236794
-0.2925581
-0.0050176169
-0.29617492
-0.0054243953
-0.29754386
-0.0058693262
-0.29716629
-0.0063666575
-0.29455397
-0.006929675
-0.29400706
-0.0075227582
-0.29492538
-0.0081744962
-0.29563917
-0.0088983468
-0.29856033
-0.009660194
-0.30087995
-0.01042526
-0.30677217
-0.011275232
-0.31561492
-0.012154208
-0.32168772
-0.013090462
-0.3275485
-0.014231099
-0.33372125
-0.015545645
-0.33176757
-0.01721203
-0.30840276
-0.01946089
-0.28963499
-0.020949078
-0.26676978
-0.021722827
-0.26425869
-0.023602586
-0.26969596
-0.026746308
-0.029370575
-0.28745902
-0.00020749501
-0.30569572
-0.00024524839
-0.30656828
-0.00026584624
-0.30588953
-0.00028800304
-0.30507697
-0.0003119763
-0.30416806
-0.00033808146
-0.30359545
-0.00036638181
-0.30292445
-0.00039741669
-0.3020635
-0.00043119012
-0.30095938
-0.00046761482
-0.29927665
-0.00050741756
-0.2968782
-0.0005505578
-0.2946925
-0.00059692359
-0.29249986
-0.00064741471
-0.29050734
-0.00070247825
-0.28884112
-0.00076253749
-0.28735288
-0.00082806204
-0.28576484
-0.00089959756
-0.28385606
-0.00097741928
-0.28146189
-0.0010629822
-0.27932971
-0.0011572113
-0.27820549
-0.0012585945
-0.27806028
-0.0013680004
-0.27881024
-0.0014863413
-0.28034316
-0.0016119657
-0.28182618
-0.001750507
-0.28345292
-0.0018993132
-0.28519185
-0.0020586245
-0.28752478
-0.0022284081
-0.29055729
-0.0024075851
-0.29407926
-0.0025969808
-0.29705872
-0.0028013095
-0.29992212
-0.0030277635
-0.3018008
-0.0032866626
-0.29858471
-0.0035850629
-0.29261539
-0.0039223564
-0.29004565
-0.0042658082
-0.28937934
-0.0046309876
-0.29137498
-0.0050247601
-0.2949767
-0.0054306994
-0.29649644
-0.0058760661
-0.29598087
-0.0063742589
-0.29328318
-0.0069350678
-0.29285659
-0.0075294912
-0.29372762
-0.0081868894
-0.29438335
-0.008905168
-0.29733021
-0.0096712851
-0.29963014
-0.010438659
-0.30553281
-0.011293032
-0.31430728
-0.01217618
-0.32036621
-0.013111206
-0.32619805
-0.014254082
-0.33232916
-0.015570614
-0.33037808
-0.01723885
-0.30709883
-0.019490804
-0.28845253
-0.020982519
-0.2656567
-0.021757549
-0.26312133
-0.023636325
-0.26849007
-0.026781648
-0.029414481
-0.28569651
-0.0002078576
-0.3036038
-0.00024560139
-0.30439641
-0.00026619191
-0.30379551
-0.000288323
-0.30325206
-0.00031235293
-0.30247551
-0.00033871232
-0.30187615
-0.00036720401
-0.30119302
-0.00039834245
-0.30032238
-0.0004320644
-0.29933452
-0.00046849508
-0.29804357
-0.00050833944
-0.2961883
-0.0005515762
-0.29445665
-0.00059806689
-0.29249458
-0.00064855106
-0.29038077
-0.0007035827
-0.28840042
-0.00076365853
-0.2864997
-0.00082932718
-0.28449695
-0.00090121679
-0.28243811
-0.00097969514
-0.28009426
-0.0010657693
-0.27801103
-0.0011603564
-0.27693581
-0.0012621114
-0.27680275
-0.0013717676
-0.27751766
-0.0014903233
-0.27909843
-0.0016155354
-0.28062039
-0.0017531623
-0.28211182
-0.0019027207
-0.28390445
-0.0020622782
-0.28611673
-0.0022321959
-0.28916607
-0.002412387
-0.2928622
-0.0026018356
-0.29589168
-0.002806335
-0.29868162
-0.0030332165
-0.30052569
-0.0032922996
-0.29737062
-0.0035904672
-0.29150791
-0.0039280167
-0.28894376
-0.0042720526
-0.28821942
-0.0046381717
-0.29017692
-0.0050315891
-0.29379721
-0.005437589
-0.29529437
-0.0058825207
-0.29482638
-0.0063814059
-0.29213567
-0.0069424883
-0.29162329
-0.0075383213
-0.29247501
-0.0081924838
-0.29315045
-0.0089164624
-0.29611877
-0.0096875903
-0.29840326
-0.010453257
-0.30428523
-0.011312822
-0.31301138
-0.01220008
-0.31903893
-0.013132649
-0.32483872
-0.014279327
-0.33091987
-0.015598076
-0.32894846
-0.017268224
-0.30576614
-0.019522831
-0.28723245
-0.021018329
-0.26452496
-0.02179564
-0.26197906
-0.023674215
-0.2673037
-0.02682247
-0.28702948
-0.00020922631
-0.30519902
-0.00024700986
-0.30607017
-0.00026721336
-0.30533648
-0.00028915745
-0.30411497
-0.00031281398
-0.30262005
-0.00033885695
-0.30141362
-0.00036720755
-0.30038645
-0.00039855682
-0.29930949
-0.00043274291
-0.29816647
-0.00046961326
-0.29657673
-0.00050982998
-0.29443969
-0.0005532764
-0.29269912
-0.00059988453
-0.29107169
-0.00065040105
-0.28942288
-0.00070525036
-0.28773693
-0.00076504459
-0.28596256
-0.00083043063
-0.28375743
-0.00090216007
-0.28133412
-0.00098090683
-0.27871802
-0.0010676127
-0.27630621
-0.001162784
-0.27485938
-0.0012651963
-0.27462124
-0.0013753957
-0.27551053
-0.0014944133
-0.27761253
-0.0016196915
-0.27958243
-0.0017565446
-0.28106406
-0.0019065473
-0.28279938
-0.002067162
-0.28489527
-0.0022372393
-0.28788796
-0.0024185088
-0.29174398
-0.0026077407
-0.29484194
-0.0028114071
-0.29766456
-0.0030377222
-0.29956155
-0.0032969905
-0.29627282
-0.0035960299
-0.29022173
-0.0039353713
-0.28760198
-0.0042795991
-0.28695146
-0.0046456163
-0.28896303
-0.0050379644
-0.29262893
-0.0054459925
-0.29417182
-0.0058918354
-0.29367228
-0.0063901201
-0.29088302
-0.0069528202
-0.29038998
-0.0075482217
-0.29125139
-0.0082055956
-0.29192604
-0.0089318424
-0.29486791
-0.0097034412
-0.29715246
-0.010470543
-0.3030231
-0.011332295
-0.31171137
-0.012219533
-0.31768268
-0.01315438
-0.32345259
-0.014303458
-0.32948105
-0.015624208
-0.32747178
-0.017296404
-0.30438618
-0.019555578
-0.28595803
-0.021054676
-0.26333632
-0.02183457
-0.26078083
-0.023711075
-0.02686093
-0.28455195
-0.00021302825
-0.30408282
-0.0002632715
-0.30520091
-0.00026895477
-0.30449681
-0.00029152199
-0.30353675
-0.00031412168
-0.30247055
-0.0003396789
-0.30144394
-0.00036773265
-0.30029767
-0.00039894417
-0.29897415
-0.00043320328
-0.29744392
-0.00047025457
-0.29567455
-0.00051075813
-0.29336947
-0.00055449672
-0.29125021
-0.00060127782
-0.28942766
-0.0006518771
-0.28788548
-0.00070690212
-0.28642674
-0.00076670442
-0.28498938
-0.00083203883
-0.28298131
-0.00090371289
-0.28030797
-0.00098243016
-0.27737209
-0.0010694264
-0.2748599
-0.0011648687
-0.27336323
-0.0012674907
-0.27314313
-0.0013780036
-0.274039
-0.0014975697
-0.27628416
-0.0016242956
-0.27854936
-0.0017606804
-0.28008594
-0.0019104876
-0.28176847
-0.002071667
-0.28367158
-0.002241923
-0.28642632
-0.0024237122
-0.29031587
-0.0026132864
-0.2935247
-0.0028162195
-0.29647975
-0.0030429698
-0.29856182
-0.0033032117
-0.29531385
-0.0036033174
-0.28900582
-0.0039436603
-0.28636942
-0.0042872998
-0.28576036
-0.0046530761
-0.2878053
-0.0050467751
-0.29155576
-0.0054562193
-0.29294774
-0.0059021103
-0.29249199
-0.0064017565
-0.28972185
-0.0069656486
-0.28924031
-0.0075630826
-0.29002584
-0.0082229084
-0.29070302
-0.0089470514
-0.29366978
-0.0097174457
-0.29595567
-0.010488064
-0.30176273
-0.011348976
-0.31041845
-0.01223637
-0.31636235
-0.01317635
-0.32209422
-0.014326373
-0.32806595
-0.015649103
-0.32599625
-0.01732328
-0.30299093
-0.01958341
-0.28464456
-0.021085352
-0.26213038
-0.021868689
-0.25957469
-0.023744514
-0.026897119
-0.1954378
-0.00021576818
-0.26839153
-0.00028433796
-0.29311657
-0.00029659923
-0.29878729
-0.00032039744
-0.29990106
-0.00034177946
-0.29970692
-0.00036196055
-0.29943889
-0.00037749499
-0.29929788
-0.00040253008
-0.29894951
-0.00043508017
-0.29764404
-0.00047144391
-0.29547657
-0.00051154911
-0.29278434
-0.00055495927
-0.29055601
-0.0006016467
-0.2886035
-0.00065241995
-0.28692008
-0.00070791536
-0.28540552
-0.00076831556
-0.28386611
-0.00083410173
-0.2818016
-0.00090597303
-0.27911959
-0.0009843814
-0.27620311
-0.0010709813
-0.27380637
-0.0011664075
-0.27241953
-0.0012691023
-0.2721655
-0.0013798959
-0.27265514
-0.0014999598
-0.27446653
-0.0016285138
-0.27703732
-0.0017652621
-0.27883013
-0.0019141499
-0.28067241
-0.0020752923
-0.28260912
-0.0022459374
-0.28525863
-0.0024281224
-0.28911477
-0.0026188678
-0.29233375
-0.002821903
-0.29519328
-0.0030490582
-0.29722646
-0.0033097582
-0.29402696
-0.0036105845
-0.28783063
-0.0039515544
-0.28522479
-0.0042958386
-0.28465829
-0.0046618923
-0.28668827
-0.0050559022
-0.29037998
-0.0054670764
-0.29176814
-0.0059146407
-0.29135533
-0.0064149952
-0.28857373
-0.0069807695
-0.28807199
-0.0075786612
-0.28883448
-0.0082394861
-0.28950212
-0.0089660724
-0.292474
-0.0097355255
-0.29477977
-0.010504363
-0.30050335
-0.011365988
-0.30912553
-0.012256383
-0.31503896
-0.013198187
-0.32073151
-0.014350082
-0.32664535
-0.015675143
-0.32452242
-0.017352515
-0.30161364
-0.019609732
-0.28334774
-0.021113786
-0.26094081
-0.021901739
-0.25837895
-0.023777343
-0.026932328
-0.10082901
-0.00021582888
-0.11789491
-0.00029253172
-0.12202469
-0.00032067479
-0.12935274
-0.00034676183
-0.15414399
-0.00037393629
-0.21114009
-0.00039847328
-0.26724222
-0.00041612203
-0.28869935
-0.00044255348
-0.29333523
-0.00047566512
-0.29413212
-0.00050657431
-0.29394764
-0.00052723767
-0.2928416
-0.0005593255
-0.2909404
-0.00060340071
-0.28842101
-0.00065349047
-0.28570662
-0.00070857345
-0.28343714
-0.00076887456
-0.28170158
-0.00083503691
-0.28011394
-0.00090750149
-0.27817136
-0.00098617832
-0.27553368
-0.0010722603
-0.27305665
-0.001167235
-0.27161824
-0.0012701687
-0.27124637
-0.0013812043
-0.27145423
-0.0015015341
-0.27283361
-0.0016310832
-0.2754523
-0.0017693487
-0.27765
-0.0019177116
-0.27956015
-0.002078667
-0.28146186
-0.0022494785
-0.28391129
-0.0024316943
-0.28763408
-0.0026236185
-0.29087436
-0.0028273228
-0.29375998
-0.0030548695
-0.29580505
-0.0033161785
-0.29266042
-0.00361778
-0.28652896
-0.0039591813
-0.28397635
-0.0043036593
-0.2834817
-0.0046700452
-0.28555188
-0.0050649018
-0.28920699
-0.0054776574
-0.2905185
-0.0059266011
-0.29010557
-0.0064274782
-0.28736276
-0.0069967005
-0.28685501
-0.0075957498
-0.28755561
-0.0082575731
-0.28822899
-0.0089862006
-0.29120849
-0.0097564084
-0.29357011
-0.010524687
-0.29920071
-0.011385799
-0.30776909
-0.012278409
-0.3136528
-0.013221323
-0.31930778
-0.014375398
-0.32517075
-0.01570251
-0.3230263
-0.017377738
-0.30021559
-0.019633003
-0.28207049
-0.021144008
-0.2597562
-0.021936144
-0.25717049
-0.023812308
-0.10026053
-0.00021544772
-0.11614499
-0.00029288586
-0.11776452
-0.00032113316
-0.11721377
-0.00034829639
-0.11634416
-0.00037796725
-0.11570988
-0.00040989801
-0.11623091
-0.00044424796
-0.12090414
-0.00048124663
-0.14153231
-0.00051990422
-0.1977319
-0.00055522356
-0.25830251
-0.00057999077
-0.28201124
-0.00061508885
-0.2859046
-0.00065495658
-0.28609199
-0.00068079175
-0.28535439
-0.00071538728
-0.28361032
-0.00077123924
-0.28103135
-0.00083645816
-0.27826047
-0.0009084926
-0.27615628
-0.00098739322
-0.27435014
-0.0010740567
-0.27238208
-0.0011686013
-0.27088722
-0.0012712451
-0.27051407
-0.0013822222
-0.27060157
-0.001502517
-0.27148643
-0.0016320963
-0.2735061
-0.0017720448
-0.27587462
-0.0019214866
-0.27807486
-0.0020822067
-0.28019967
-0.002253089
-0.28260359
-0.0024349486
-0.28610447
-0.0026277651
-0.28928756
-0.0028330767
-0.2921788
-0.0030616499
-0.29415631
-0.0033236831
-0.29104922
-0.0036261663
-0.28508104
-0.0039670479
-0.28260019
-0.0043115273
-0.28218401
-0.0046787724
-0.28431203
-0.0050749979
-0.28786481
-0.0054888069
-0.2891539
-0.0059385059
-0.28871936
-0.0064405884
-0.28602217
-0.0070108471
-0.28550519
-0.0076121317
-0.2861671
-0.0082750547
-0.2868102
-0.0090044007
-0.28981576
-0.0097762486
-0.29222645
-0.010546289
-0.29780442
-0.011408438
-0.30630679
-0.012301022
-0.31218114
-0.013246543
-0.31780494
-0.014402388
-0.32363931
-0.015730589
-0.32152627
-0.017405848
-0.29881017
-0.019665643
-0.28082723
-0.021181225
-0.25855378
-0.021974223
-0.023848914
-0.096811278
-0.00021528269
-0.11246459
-0.00029342356
-0.11422757
-0.00032188345
-0.11401081
-0.00034919345
-0.11346882
-0.00037876639
-0.11264121
-0.00041110427
-0.1115778
-0.00044604382
-0.1100173
-0.0004839059
-0.10791324
-0.00052506907
-0.10634195
-0.000569603
-0.10744214
-0.00061816914
-0.12037959
-0.00066987001
-0.17035693
-0.00071885742
-0.23869112
-0.00075066894
-0.27323647
-0.00078633782
-0.27902211
-0.00082432844
-0.27942852
-0.00085237438
-0.27830093
-0.00091321506
-0.27570415
-0.00098979968
-0.27302742
-0.0010757957
-0.2712989
-0.0011709961
-0.27029808
-0.0012737018
-0.26999321
-0.0013845985
-0.27021401
-0.0015047384
-0.27097144
-0.0016333869
-0.27215861
-0.0017737988
-0.27392023
-0.0019248141
-0.27619346
-0.0020860952
-0.27867396
-0.0022570626
-0.28132272
-0.0024386161
-0.28461536
-0.0026322197
-0.28760126
-0.0028399748
-0.29036348
-0.0030698006
-0.29218574
-0.0033323059
-0.28931734
-0.0036335776
-0.28376853
-0.0039738418
-0.28136919
-0.0043202713
-0.28088632
-0.0046891167
-0.2829165
-0.005086019
-0.28634909
-0.0054992414
-0.28773424
-0.0059509484
-0.28732714
-0.0064555731
-0.2846486
-0.0070243177
-0.28408173
-0.007627248
-0.28476237
-0.0082909097
-0.28540418
-0.0090218435
-0.28835397
-0.0097944448
-0.29084146
-0.010568446
-0.29639078
-0.011433198
-0.30480003
-0.012324318
-0.31067118
-0.013273968
-0.31627007
-0.014432099
-0.32207985
-0.015761259
-0.31999933
-0.01743882
-0.29737171
-0.019703576
-0.27954856
-0.021224502
-0.25731455
-0.022017676
-0.023890819
-0.096412715
-0.00021545687
-0.11221072
-0.00029370736
-0.11403148
-0.0003222691
-0.11378901
-0.00034969759
-0.11330592
-0.00037961917
-0.11229718
-0.00041215765
-0.11119223
-0.00044723863
-0.10973621
-0.00048511763
-0.10789013
-0.00052622686
-0.10533437
-0.0005706762
-0.10179423
-0.00061979557
-0.097850482
-0.00067347368
-0.095764298
-0.00073148023
-0.099918528
-0.00079375928
-0.13094564
-0.00085735399
-0.20250621
-0.00090513699
-0.25976506
-0.00092792163
-0.27280978
-0.00094875189
-0.2739757
-0.00099853536
-0.27253245
-0.0010794829
-0.27012012
-0.0011736337
-0.26875208
-0.001277077
-0.26845992
-0.0013884047
-0.2689972
-0.001508673
-0.27028569
-0.0016367358
-0.2714542
-0.0017761741
-0.27252964
-0.0019280679
-0.27428419
-0.0020909059
-0.27699908
-0.002262817
-0.28012469
-0.0024442847
-0.28343612
-0.0026375549
-0.28625137
-0.0028466666
-0.28893548
-0.0030776097
-0.29065223
-0.0033405786
-0.28776982
-0.0036419356
-0.28235031
-0.0039819612
-0.279947
-0.0043300211
-0.27948218
-0.004699962
-0.28157654
-0.0050972905
-0.28503657
-0.005510608
-0.28639042
-0.0059625831
-0.28595083
-0.0064670469
-0.2833184
-0.0070376327
-0.28271473
-0.0076424163
-0.28342032
-0.0083036789
-0.28406004
-0.0090375374
-0.28695609
-0.0098106735
-0.28946595
-0.010590258
-0.29501703
-0.01145963
-0.30334091
-0.012348309
-0.30918913
-0.013302884
-0.31476435
-0.014463373
-0.32053308
-0.015794655
-0.31844363
-0.017475554
-0.29590708
-0.019745142
-0.27821545
-0.02127045
-0.25605043
-0.022064971
-0.023936902
-0.096111369
-0.00021619436
-0.11170662
-0.00029406177
-0.1134517
-0.00032242534
-0.11319485
-0.00034959754
-0.11271112
-0.00037922325
-0.11176626
-0.00041117926
-0.11074606
-0.00044574721
-0.10937311
-0.00048373601
-0.10761965
-0.00052517377
-0.10520998
-0.0005698887
-0.10213757
-0.00061913553
-0.098523736
-0.0006727453
-0.094285159
-0.00073078296
-0.090333766
-0.00079413636
-0.089182916
-0.00086298829
-0.10146597
-0.00093628418
-0.15914619
-0.0010047255
-0.23389416
-0.0010372272
-0.26568455
-0.001050557
-0.26971526
-0.0010918317
-0.26889986
-0.0011783919
-0.26736308
-0.0012807097
-0.26687511
-0.0013926509
-0.26741652
-0.0015133746
-0.26900389
-0.0016417939
-0.27065584
-0.0017800179
-0.27164682
-0.0019316919
-0.27295232
-0.0020955089
-0.27537005
-0.0022689881
-0.27867042
-0.0024515369
-0.28221871
-0.00264461
-0.28500991
-0.0028539975
-0.28759623
-0.0030855303
-0.28927793
-0.0033487459
-0.28641885
-0.0036504413
-0.2810772
-0.0039913885
-0.2786492
-0.0043409885
-0.27812164
-0.0047120325
-0.28018587
-0.0051086452
-0.28361021
-0.0055220973
-0.28513554
-0.0059747191
-0.28469369
-0.0064803196
-0.28201097
-0.0070486915
-0.28146635
-0.0076549345
-0.28211523
-0.0083179461
-0.28272674
-0.0090495129
-0.28558519
-0.0098221653
-0.28810689
-0.010611222
-0.29365871
-0.011483423
-0.30196066
-0.012372398
-0.30776585
-0.013331854
-0.31329737
-0.01449435
-0.31901049
-0.015828087
-0.31687153
-0.01751195
-0.29441613
-0.019787815
-0.27683175
-0.02131355
-0.25478499
-0.022110905
-0.023983217
-0.099454526
-0.00021694001
-0.11540897
-0.00029334916
-0.11701315
-0.0003213655
-0.11649459
-0.00034821818
-0.1156319
-0.00037757615
-0.11454213
-0.00040953506
-0.11332642
-0.00044418908
-0.11181145
-0.0004820485
-0.10989082
-0.00052329206
-0.10735281
-0.00056783219
-0.10377392
-0.00061699272
-0.099505897
-0.00067061658
-0.095222634
-0.00072851663
-0.090584696
-0.00079149446
-0.085942557
-0.00086048798
-0.083424031
-0.00093570176
-0.090718314
-0.0010160589
-0.13895948
-0.0010932321
-0.21623466
-0.0011229038
-0.25972539
-0.0011174351
-0.26579929
-0.0011846653
-0.26551169
-0.0012843732
-0.26493537
-0.0013963831
-0.26540987
-0.0015177312
-0.26728174
-0.0016469795
-0.26958357
-0.0017848898
-0.27082637
-0.0019363814
-0.27188001
-0.0021007581
-0.27386755
-0.0022753982
-0.27711304
-0.0024591289
-0.28092991
-0.002651803
-0.28381864
-0.0028599603
-0.28645845
-0.0030916827
-0.2882321
-0.0033557727
-0.28517436
-0.0036599393
-0.27954539
-0.0040028049
-0.27711956
-0.0043527515
-0.27672663
-0.0047239457
-0.27892055
-0.0051204487
-0.28244909
-0.0055352106
-0.28388687
-0.0059883375
-0.2834611
-0.0064950777
-0.28073271
-0.0070627127
-0.28026305
-0.0076699848
-0.28080033
-0.0083378823
-0.28141322
-0.0090672676
-0.28423005
-0.0098389839
-0.28671948
-0.010627697
-0.292268
-0.011504064
-0.3005368
-0.012397476
-0.30631737
-0.013357903
-0.3118063
-0.01452335
-0.31745714
-0.015859831
-0.31525194
-0.017546027
-0.2928913
-0.019822692
-0.27539097
-0.021352334
-0.25348285
-0.022153749
-0.024025988
-0.10068695
-0.00021593127
-0.11663259
-0.00029228461
-0.11823704
-0.00032030794
-0.11773144
-0.00034721057
-0.11685756
-0.00037649765
-0.11575935
-0.00040834875
-0.11451117
-0.00044294577
-0.11294892
-0.00048070536
-0.11099021
-0.00052180259
-0.10839864
-0.00056620622
-0.10476345
-0.00061519953
-0.10045902
-0.0006686271
-0.096168427
-0.00072634723
-0.091671069
-0.00078906421
-0.08687343
-0.00085777842
-0.082492872
-0.00093310489
-0.08139446
-0.0010156401
-0.099643125
-0.0011025018
-0.16811451
-0.0011738723
-0.24051264
-0.001178129
-0.26189293
-0.0011985551
-0.26368434
-0.0012879005
-0.26350246
-0.0013987065
-0.26383418
-0.0015202973
-0.26568475
-0.0016506491
-0.26827031
-0.0017893756
-0.26982946
-0.0019401415
-0.27090012
-0.0021042183
-0.27261982
-0.0022795098
-0.27573075
-0.0024643978
-0.2797041
-0.0026574773
-0.28268873
-0.0028646076
-0.28533565
-0.0030969131
-0.28714644
-0.0033617941
-0.28398098
-0.0036674459
-0.27819276
-0.0040115184
-0.2757434
-0.0043616204
-0.27542153
-0.0047328473
-0.27767798
-0.0051305984
-0.2812961
-0.0055474604
-0.28262961
-0.0060020891
-0.28228122
-0.0065088104
-0.27959026
-0.0070814848
-0.27904466
-0.0076894297
-0.27957537
-0.0083559023
-0.28022634
-0.009093589
-0.28296698
-0.009866613
-0.28545317
-0.010646132
-0.2909543
-0.01152203
-0.29917622
-0.012422852
-0.30490253
-0.01338133
-0.3103527
-0.014550022
-0.31593053
-0.015889383
-0.31364451
-0.017577583
-0.29137778
-0.019853202
-0.27394986
-0.021385038
-0.25217262
-0.022191456
-0.024064577
-0.097925433
-0.00021444135
-0.11355074
-0.00029140107
-0.11523785
-0.000319564
-0.11490334
-0.00034674558
-0.11436712
-0.00037631788
-0.11340487
-0.00040858358
-0.11237583
-0.00044332233
-0.11100245
-0.00048088443
-0.1092305
-0.00052162044
-0.1067568
-0.00056577816
-0.10350192
-0.00061436671
-0.099676083
-0.00066717624
-0.095865265
-0.00072458661
-0.091794262
-0.00078731027
-0.087104563
-0.00085606501
-0.081380913
-0.00093149105
-0.075623048
-0.0010149088
-0.075146239
-0.0011061841
-0.10763053
-0.0012009361
-0.18778947
-0.001265795
-0.25007601
-0.0012779774
-0.26155467
-0.0013043787
-0.26251808
-0.0014011448
-0.2628022
-0.0015214947
-0.26409461
-0.001652492
-0.26660033
-0.0017928224
-0.26877465
-0.0019429394
-0.27007841
-0.0021054989
-0.27143793
-0.0022806734
-0.27417712
-0.002466937
-0.27815827
-0.0026617761
-0.28120673
-0.0028689374
-0.28377387
-0.0031018975
-0.28550711
-0.0033672656
-0.28238904
-0.0036729661
-0.27677046
-0.0040169053
-0.27439204
-0.0043673104
-0.27413163
-0.0047393074
-0.27642566
-0.0051383581
-0.28000066
-0.0055556875
-0.28129369
-0.0060114416
-0.28095543
-0.0065193344
-0.27836629
-0.0070949551
-0.2778507
-0.0077052578
-0.2782905
-0.0083757867
-0.27888382
-0.0091130573
-0.28162566
-0.009891979
-0.28424633
-0.010669314
-0.28964938
-0.011540415
-0.29780428
-0.012447436
-0.30347731
-0.013404899
-0.30888535
-0.014575116
-0.31440369
-0.015917158
-0.31207324
-0.017605256
-0.28990634
-0.01987704
-0.27257314
-0.021415187
-0.25090362
-0.022226721
-0.095510345
-0.00021311325
-0.11050214
-0.0002911244
-0.1123661
-0.00031955267
-0.11245273
-0.00034714779
-0.11197685
-0.00037695915
-0.11127944
-0.00040928659
-0.11016743
-0.00044412954
-0.10877994
-0.0004816786
-0.10689495
-0.00052231348
-0.10452293
-0.00056633881
-0.10208541
-0.00061458213
-0.099444036
-0.0006669542
-0.095870187
-0.0007240883
-0.091613553
-0.00078664549
-0.086869522
-0.0008553218
-0.081473865
-0.00093097615
-0.07481244
-0.00101451
-0.066693876
-0.0011069792
-0.062328258
-0.0012089087
-0.089901308
-0.0013160438
-0.1744601
-0.001392313
-0.24630655
-0.001395342
-0.26037392
-0.0014179575
-0.26191826
-0.0015236844
-0.26278995
-0.0016537151
-0.26455834
-0.0017953923
-0.26709459
-0.0019466045
-0.26920935
-0.0021079401
-0.27050671
-0.0022816038
-0.27267332
-0.0024681037
-0.27646929
-0.0026650555
-0.27961567
-0.0028731642
-0.28215328
-0.0031067097
-0.28382201
-0.0033724298
-0.28080949
-0.0036783221
-0.2753468
-0.0040217525
-0.27298872
-0.0043723548
-0.27264088
-0.0047454456
-0.27489883
-0.0051464264
-0.27853028
-0.005563561
-0.27989296
-0.0060195929
-0.27959196
-0.0065285947
-0.27704519
-0.0071052383
-0.2764664
-0.0077168074
-0.27694711
-0.0083880517
-0.2775229
-0.0091281055
-0.28015428
-0.0099104569
-0.28280247
-0.010688299
-0.28824545
-0.011559627
-0.29635254
-0.012469719
-0.30196902
-0.013428488
-0.30734624
-0.014599724
-0.31282545
-0.015943439
-0.31050416
-0.01763147
-0.2884433
-0.019904707
-0.27125796
-0.021447789
-0.022262077
-0.092668223
-0.00021256824
-0.10825654
-0.00029164937
-0.11025437
-0.00032052617
-0.11037442
-0.00034846288
-0.11000657
-0.00037891924
-0.10927063
-0.00041204686
-0.10834551
-0.00044729802
-0.10704172
-0.00048471857
-0.10539141
-0.00052499459
-0.10342366
-0.00056854148
-0.10124018
-0.00061657816
-0.098732453
-0.00066899499
-0.095632476
-0.0007262841
-0.092018653
-0.00078886937
-0.08734806
-0.00085770632
-0.081293499
-0.00093397009
-0.074119159
-0.001018501
-0.065825145
-0.0011115943
-0.056511459
-0.0012138659
-0.050873849
-0.0013269332
-0.080148445
-0.0014464693
-0.17057378
-0.0015279715
-0.24592682
-0.0015184326
-0.2597473
-0.0015400465
-0.26139608
-0.0016564374
-0.26242699
-0.0017975388
-0.26445687
-0.001950092
-0.26735561
-0.002112018
-0.26958276
-0.0022843472
-0.27167552
-0.0024698924
-0.27509004
-0.0026686891
-0.27820603
-0.0028791822
-0.28069062
-0.0031130685
-0.28214425
-0.003378914
-0.27917209
-0.0036837432
-0.27403374
-0.0040268266
-0.27154598
-0.0043794533
-0.27106089
-0.0047539981
-0.27326486
-0.0051559672
-0.27686412
-0.0055728635
-0.27844727
-0.0060305055
-0.27817354
-0.0065403829
-0.27563791
-0.0071162566
-0.27500414
-0.0077291332
-0.27553261
-0.0084012176
-0.27609745
-0.009142683
-0.27863137
-0.0099270101
-0.28128365
-0.010707503
-0.28679273
-0.011581223
-0.29485991
-0.012491742
-0.30043463
-0.013452189
-0.30579176
-0.014625533
-0.31124699
-0.015970621
-0.30895577
-0.017660736
-0.28698921
-0.019937626
-0.26996785
-0.021484674
-0.022299005
-0.09069794
-0.0002133951
-0.10625055
-0.00029277847
-0.10827804
-0.00032179647
-0.10846678
-0.00034992787
-0.10812618
-0.0003808403
-0.10746056
-0.00041449958
-0.10667174
-0.00045001916
-0.10551786
-0.00048756081
-0.10396937
-0.00052784271
-0.10214936
-0.00057143931
-0.10018984
-0.00061961023
-0.097921672
-0.00067221671
-0.095020362
-0.00072981382
-0.091616151
-0.00079289035
-0.086988127
-0.00086213271
-0.080682937
-0.00093861482
-0.073082604
-0.0010232754
-0.064690298
-0.0011165804
-0.055613967
-0.0012189957
-0.045695372
-0.0013325064
-0.039490557
-0.0014588113
-0.074694431
-0.001592238
-0.17317341
-0.0016740357
-0.24806597
-0.0016436066
-0.25977654
-0.001669785
-0.2612886
-0.0018004878
-0.26262966
-0.0019531162
-0.26521148
-0.0021170495
-0.26822102
-0.0022898837
-0.27074775
-0.0024737562
-0.27370013
-0.0026728482
-0.2766066
-0.0028860164
-0.27913466
-0.0031200079
-0.28052624
-0.003386275
-0.2776411
-0.0036910952
-0.27268291
-0.0040343902
-0.27014596
-0.0043884284
-0.2695825
-0.0047641311
-0.27171032
-0.0051667319
-0.2752736
-0.0055839701
-0.27691661
-0.0060430705
-0.27671312
-0.006554211
-0.27427109
-0.0071296004
-0.27359945
-0.007743969
-0.27411329
-0.0084163257
-0.27465604
-0.0091585605
-0.27711621
-0.0099445995
-0.27978719
-0.010727231
-0.28533992
-0.011605004
-0.29334579
-0.0125162
-0.29889185
-0.013477937
-0.30422754
-0.014654026
-0.30965129
-0.016001016
-0.30736955
-0.017693718
-0.28549549
-0.01997448
-0.26861423
-0.02152545
-0.091963373
-0.0002147501
-0.10708948
-0.00029348411
-0.10914502
-0.0003222339
-0.10940501
-0.00035014419
-0.10908885
-0.00038035072
-0.10838631
-0.00041323199
-0.10713102
-0.00044858042
-0.10564353
-0.00048665571
-0.10375476
-0.00052782603
-0.10156738
-0.00057232815
-0.099392701
-0.00062109616
-0.097018418
-0.00067399652
-0.093767057
-0.00073177005
-0.089888621
-0.00079514494
-0.085522745
-0.00086443917
-0.080353011
-0.0009403822
-0.074138906
-0.001024018
-0.066697917
-0.0011163181
-0.057946141
-0.0012182319
-0.04746774
-0.0013321357
-0.035062878
-0.0014601172
-0.026219016
-0.0016027126
-0.071057443
-0.0017514033
-0.18027605
-0.0018107546
-0.25131464
-0.0017272527
-0.26010879
-0.0018067053
-0.26155145
-0.0019563871
-0.26323071
-0.0021216516
-0.26634496
-0.0022966233
-0.26962019
-0.0024797401
-0.2725147
-0.0026775151
-0.27518464
-0.0028921842
-0.27772007
-0.0031266751
-0.27909581
-0.0033935298
-0.27616767
-0.0036993888
-0.27116558
-0.0040436425
-0.2686176
-0.0043986142
-0.26805384
-0.0047749945
-0.27022245
-0.0051778374
-0.27387421
-0.0055958863
-0.27548789
-0.006055967
-0.27527084
-0.0065677344
-0.27287059
-0.0071440079
-0.27222013
-0.0077588613
-0.27274699
-0.0084317525
-0.2732594
-0.0091753681
-0.27563876
-0.0099622924
-0.27831764
-0.010746589
-0.28390851
-0.011629694
-0.29186387
-0.012541868
-0.29735294
-0.013504637
-0.30266963
-0.014683913
-0.30804981
-0.016033177
-0.30575368
-0.017728454
-0.28397487
-0.020013993
-0.021568018
-0.093516618
-0.00021544661
-0.10848576
-0.00029375805
-0.11038163
-0.00032236323
-0.11050684
-0.00035007772
-0.11006919
-0.0003801602
-0.10939215
-0.00041299176
-0.10819601
-0.00044829906
-0.10672695
-0.00048642713
-0.10474299
-0.00052764541
-0.10230659
-0.00057227517
-0.099771847
-0.0006211759
-0.096989735
-0.0006742184
-0.093407659
-0.00073207382
-0.089393531
-0.00079552494
-0.085204382
-0.00086478757
-0.080629853
-0.0009405581
-0.075271569
-0.0010238898
-0.068502036
-0.0011158303
-0.059738193
-0.0012174995
-0.048339715
-0.0013314183
-0.034484126
-0.0014596999
-0.019879607
-0.0016024863
-0.018494158
-0.0017597184
-0.10239115
-0.0019069838
-0.21953022
-0.001861854
-0.25730299
-0.0018267176
-0.26063803
-0.0019613037
-0.26192032
-0.0021262716
-0.26456209
-0.0023033499
-0.26819172
-0.0024876044
-0.27136449
-0.0026833024
-0.27390742
-0.0028979117
-0.27638512
-0.0031336751
-0.277758
-0.0034013364
-0.27469946
-0.003708622
-0.26952341
-0.0040540566
-0.26706331
-0.0044094156
-0.26660875
-0.0047864334
-0.26886373
-0.0051901083
-0.27256401
-0.0056089233
-0.27403074
-0.006068938
-0.27383262
-0.0065813332
-0.27153297
-0.0071587633
-0.27088325
-0.0077748949
-0.27140151
-0.0084470928
-0.27187649
-0.0091910802
-0.27418342
-0.0099782545
-0.27687577
-0.010765544
-0.28247223
-0.01165335
-0.29036994
-0.012567385
-0.29582749
-0.013531411
-0.30111171
-0.014713782
-0.30643944
-0.01606539
-0.30410766
-0.017763132
-0.28242507
-0.020053084
-0.021609066
-0.093074455
-0.00021556782
-0.10797132
-0.00029452634
-0.10990132
-0.00032334429
-0.11006017
-0.00035122575
-0.10966111
-0.00038145828
-0.10906459
-0.00041441645
-0.10792009
-0.00044982718
-0.10646672
-0.00048801987
-0.10453852
-0.0005292983
-0.10222433
-0.00057392468
-0.09984994
-0.00062288461
-0.097174933
-0.00067606146
-0.093627297
-0.00073402928
-0.089567963
-0.00079757927
-0.085346915
-0.00086709987
-0.080638825
-0.0009433176
-0.074992694
-0.0010273045
-0.067956383
-0.0011199012
-0.059131602
-0.0012221298
-0.048006736
-0.0013362079
-0.034882546
-0.0014641837
-0.020398687
-0.0016059553
-0.0075743034
-0.0017633886
-0.040944628
-0.0019317973
-0.1564748
-0.0020234531
-0.24749894
-0.001900291
-0.25928807
-0.0019691855
-0.2607894
-0.0021302998
-0.26272834
-0.002308406
-0.26641222
-0.0024955245
-0.27009093
-0.0026905206
-0.27264019
-0.002904234
-0.27500819
-0.003141476
-0.27638286
-0.0034097845
-0.27331392
-0.0037178379
-0.26809586
-0.0040642206
-0.26558874
-0.0044202082
-0.26506108
-0.0047980715
-0.26728554
-0.005202913
-0.27104296
-0.0056229923
-0.27257415
-0.0060840298
-0.27242922
-0.0065973125
-0.27015682
-0.0071743548
-0.26953068
-0.007791263
-0.2700442
-0.0084654488
-0.27051522
-0.0092105
-0.27274504
-0.0099969258
-0.27538955
-0.010784451
-0.28101411
-0.011675561
-0.28891604
-0.012593453
-0.29432661
-0.013558958
-0.2995657
-0.014743565
-0.30483367
-0.016097769
-0.30245035
-0.017797482
-0.28085915
-0.020090133
-0.091166408
-0.00021559594
-0.10633611
-0.00029491443
-0.10826106
-0.00032390106
-0.10834132
-0.00035190902
-0.1080387
-0.00038243648
-0.10733677
-0.00041567555
-0.10641986
-0.00045124188
-0.10511374
-0.00048935385
-0.10346865
-0.00053048168
-0.10146094
-0.0005749372
-0.09918034
-0.00062386155
-0.096550104
-0.00067710601
-0.093299225
-0.00073520682
-0.089407361
-0.00079884694
-0.084846821
-0.00086860402
-0.079450501
-0.00094518861
-0.073115161
-0.0010297475
-0.065620319
-0.0011229883
-0.056693696
-0.0012257636
-0.046003329
-0.0013399688
-0.033816227
-0.0014675484
-0.020498537
-0.0016086252
-0.0070470332
-0.00176557
-0.00093265147
-0.0019366428
-0.082997413
-0.0021138508
-0.21132733
-0.0020815903
-0.2564956
-0.0020015098
-0.26014247
-0.002134216
-0.26145773
-0.0023114199
-0.26461469
-0.0025014859
-0.26868645
-0.0026980441
-0.27138198
-0.0029100547
-0.27359989
-0.0031484641
-0.27493175
-0.0034173118
-0.27186173
-0.0037259967
-0.26672404
-0.0040728314
-0.26426839
-0.004429566
-0.26374631
-0.0048082716
-0.26589341
-0.0052140947
-0.269514
-0.0056356393
-0.27103399
-0.0060983851
-0.27096039
-0.0066134954
-0.26884061
-0.0071907254
-0.26821632
-0.0078089406
-0.26871832
-0.0084848968
-0.26919033
-0.0092310754
-0.27131601
-0.0100234
-0.27395342
-0.010810118
-0.27954007
-0.011695002
-0.28743627
-0.012619582
-0.29280169
-0.013588642
-0.29800069
-0.014773651
-0.30321027
-0.016130749
-0.30076997
-0.017832038
-0.020125384
-0.091321836
-0.0002152634
-0.10629125
-0.00029484059
-0.10823367
-0.00032393466
-0.10832708
-0.00035206443
-0.10784469
-0.0003828575
-0.10728482
-0.00041626958
-0.10624523
-0.00045177125
-0.10489932
-0.00048964089
-0.10317642
-0.0005304805
-0.10115007
-0.00057467368
-0.098970777
-0.00062338906
-0.096388544
-0.00067651812
-0.09297461
-0.00073457013
-0.088976491
-0.00079812785
-0.084474621
-0.00086792994
-0.07913055
-0.0009448469
-0.072648603
-0.0010299063
-0.064896067
-0.0011236899
-0.055906723
-0.001226772
-0.045491227
-0.0013408142
-0.033708715
-0.0014676604
-0.020445547
-0.0016079434
-0.0066241312
-0.0017646351
0.008616419
-0.0019358747
-0.0094434133
-0.0021290748
-0.12698869
-0.0022608358
-0.24053336
-0.002126717
-0.25914187
-0.0021448995
-0.26064802
-0.0023137502
-0.26292622
-0.0025048572
-0.26702101
-0.0027049772
-0.27001353
-0.0029154186
-0.27218048
-0.0031542402
-0.27348062
-0.0034236609
-0.27035507
-0.0037331928
-0.26520217
-0.0040807218
-0.26279149
-0.004438057
-0.26233107
-0.0048172873
-0.26447325
-0.0052240038
-0.26801573
-0.0056468739
-0.2694657
-0.0061108549
-0.26942864
-0.006627295
-0.26743723
-0.0072068175
-0.26685366
-0.0078260939
-0.26734809
-0.0085046429
-0.26781087
-0.0092520004
-0.26984118
-0.010048146
-0.27249869
-0.010839684
-0.27809271
-0.011718683
-0.28598262
-0.012645668
-0.29126495
-0.013618986
-0.29642718
-0.014804728
-0.30157892
-0.016164768
-0.29910058
-0.017867029
-0.089566041
-0.00021466725
-0.10477369
-0.00029449246
-0.10675197
-0.0003236828
-0.10690272
-0.00035193526
-0.10656678
-0.00038280131
-0.10586383
-0.00041632396
-0.10503174
-0.00045181716
-0.10386019
-0.00048954543
-0.10236837
-0.00053016031
-0.10055139
-0.00057413987
-0.098492866
-0.0006226235
-0.096063576
-0.0006755041
-0.093008439
-0.00073331806
-0.089295902
-0.0007967065
-0.084432891
-0.00086647945
-0.078197012
-0.00094363823
-0.070850049
-0.001029161
-0.062636861
-0.0011234915
-0.053757001
-0.0012268012
-0.04413342
-0.001340493
-0.033544062
-0.0014662222
-0.021337909
-0.0016050319
-0.0080808936
-0.00176038
0.0068076078
-0.0019311363
0.017711061
-0.002123374
-0.048586532
-0.0023182479
-0.1839462
-0.0023507628
-0.25478188
-0.002204109
-0.26003075
-0.0023179646
-0.26157953
-0.0025062428
-0.26523485
-0.002709809
-0.26845726
-0.0029214835
-0.27066368
-0.0031598257
-0.27192772
-0.0034297496
-0.26881389
-0.0037398004
-0.26372339
-0.004087742
-0.26131499
-0.0044457913
-0.26082716
-0.0048258665
-0.26291903
-0.0052338576
-0.26640431
-0.005657353
-0.26783323
-0.0061224601
-0.26781666
-0.0066400475
-0.26593296
-0.0072218118
-0.26535303
-0.0078425185
-0.26585703
-0.008521958
-0.266329
-0.0092700713
-0.26831902
-0.01006964
-0.2709161
-0.010866533
-0.27655222
-0.011745634
-0.28448236
-0.01267289
-0.28965611
-0.013649931
-0.29479173
-0.014837023
-0.29989866
-0.01619946
-0.017901595
-0.089202956
-0.00021449994
-0.10410867
-0.00029454503
-0.10619529
-0.00032383202
-0.10652528
-0.00035222723
-0.10630172
-0.00038326218
-0.10569288
-0.00041687525
-0.10461841
-0.00045241273
-0.10338569
-0.00049008534
-0.10182748
-0.00053064714
-0.10000572
-0.00057457679
-0.098167535
-0.00062298881
-0.096080808
-0.00067582359
-0.09313796
-0.00073357822
-0.089380211
-0.00079682408
-0.084572466
-0.00086647737
-0.078386689
-0.00094362978
-0.070834365
-0.0010292253
-0.062310328
-0.0011236688
-0.053411747
-0.001227032
-0.044285239
-0.0013406293
-0.034563527
-0.001466152
-0.023217431
-0.0016045373
-0.010368734
-0.0017595367
0.0044666062
-0.0019299045
0.01804676
-0.0021220576
0.014382
-0.0023216436
-0.09320646
-0.0025108459
-0.22842405
-0.002366154
-0.25855862
-0.002333087
-0.26091095
-0.0025087877
-0.2637429
-0.0027131573
-0.26681974
-0.0029287475
-0.26922168
-0.0031662164
-0.27039437
-0.0034364727
-0.26726448
-0.0037465565
-0.26229658
-0.0040950613
-0.25975724
-0.0044545158
-0.25918366
-0.0048356822
-0.26123244
-0.005244567
-0.26467252
-0.0056685047
-0.26621996
-0.0061354801
-0.26618887
-0.0066542925
-0.2642768
-0.007237308
-0.2637259
-0.0078592194
-0.26422634
-0.0085397454
-0.26480725
-0.0092885684
-0.26675248
-0.010090473
-0.26927036
-0.01089083
-0.27490675
-0.011773081
-0.28286427
-0.012701805
-0.28799915
-0.013681791
-0.29310682
-0.014870255
-0.29818806
-0.016234843
-0.01793914
-0.088097985
-0.00021512263
-0.10322582
-0.00029535314
-0.10520467
-0.00032464035
-0.10539315
-0.00035292667
-0.10504651
-0.00038398377
-0.10440663
-0.00041767352
-0.10371417
-0.00045323639
-0.10270581
-0.00049105284
-0.10124379
-0.00053179338
-0.099488902
-0.00057593042
-0.097566542
-0.00062456337
-0.095294099
-0.00067762949
-0.092537515
-0.00073559478
-0.089282863
-0.00079902825
-0.084678841
-0.00086872232
-0.07843394
-0.000945686
-0.070952369
-0.0010308499
-0.062640206
-0.0011247956
-0.053806562
-0.0012279511
-0.044381776
-0.0013420085
-0.034096899
-0.0014687196
-0.022222114
-0.001608504
-0.0091116982
-0.001764323
0.0058159134
-0.0019349376
0.019163181
-0.0021279534
0.029958624
-0.0023271364
-0.026110403
-0.0025494417
-0.16883267
-0.0025899052
-0.2529949
-0.0023905286
-0.26010392
-0.002514969
-0.26244351
-0.0027166685
-0.26513718
-0.0029358258
-0.26766924
-0.0031732332
-0.26882801
-0.0034440775
-0.26572238
-0.0037546738
-0.260783
-0.0041037126
-0.25825259
-0.00446403
-0.25764499
-0.0048461284
-0.25963767
-0.0052560589
-0.26304081
-0.0056810546
-0.26458788
-0.0061493135
-0.2645447
-0.0066696067
-0.26264582
-0.0072534242
-0.26212216
-0.0078764728
-0.26261436
-0.0085584398
-0.26326262
-0.0093067556
-0.26518913
-0.010111001
-0.26762929
-0.01091389
-0.27326574
-0.011799239
-0.28123644
-0.012730658
-0.28634136
-0.013713171
-0.29141497
-0.014903072
-0.29646346
-0.016270157
-0.017977511
-0.088908262
-0.00021624674
-0.10361666
-0.00029626717
-0.10559228
-0.00032544208
-0.10584589
-0.00035365155
-0.10558151
-0.00038435003
-0.10501784
-0.00041775461
-0.10398381
-0.00045329429
-0.10266256
-0.00049147809
-0.10093017
-0.00053271179
-0.098890301
-0.00057740254
-0.096860578
-0.00062645159
-0.094535556
-0.00067973595
-0.091272905
-0.00073792298
-0.087323013
-0.00080183434
-0.082989688
-0.0008717327
-0.077942802
-0.00094838953
-0.071774413
-0.0010329555
-0.064295431
-0.001126397
-0.055490035
-0.0012293613
-0.045169663
-0.0013438473
-0.033509054
-0.0014715549
-0.020686978
-0.0016126193
-0.0074367579
-0.0017690552
0.0075499877
-0.0019400077
0.021087539
-0.0021338897
0.032227359
-0.0023337351
0.024867738
-0.0025569039
-0.095541066
-0.0027463897
-0.23175972
-0.0025445949
-0.25857187
-0.0025293002
-0.26140203
-0.0027213603
-0.26372286
-0.0029417632
-0.26622443
-0.0031802663
-0.26738853
-0.0034517935
-0.2642553
-0.0037633039
-0.25924365
-0.0041130628
-0.25672389
-0.0044738094
-0.25610952
-0.0048565816
-0.25810081
-0.0052677482
-0.26155554
-0.0056942574
-0.26305369
-0.0061632119
-0.2629764
-0.0066843562
-0.26105692
-0.0072702182
-0.26057248
-0.0078935936
-0.26107585
-0.0085766254
-0.26178191
-0.0093245961
-0.26370414
-0.010130819
-0.26606182
-0.010935256
-0.27166682
-0.011822976
-0.27965223
-0.012757443
-0.28471838
-0.013742625
-0.28975021
-0.014934082
-0.29475018
-0.016303901
-0.018013984
-0.088723007
-0.00021683817
-0.1033073
-0.00029676544
-0.10527624
-0.00032595598
-0.10551668
-0.00035423194
-0.10523835
-0.00038495996
-0.1046304
-0.00041842843
-0.10357576
-0.00045414094
-0.10228152
-0.00049246021
-0.10055715
-0.0005338443
-0.098486086
-0.00057869074
-0.0963791
-0.00062792315
-0.094010221
-0.00068134939
-0.090797353
-0.00073965484
-0.086938318
-0.0008036156
-0.082603833
-0.00087363675
-0.077542258
-0.00095046376
-0.071475181
-0.0010351148
-0.064140659
-0.0011285086
-0.055393863
-0.0012314821
-0.04499021
-0.0013460869
-0.033167488
-0.0014741513
-0.020241241
-0.0016157087
-0.0070499054
-0.0017727192
0.0078292188
-0.0019442586
0.021293934
-0.0021381089
0.032028496
-0.0023380758
0.041491097
-0.0025606772
-0.031654969
-0.0027929578
-0.18067861
-0.0027953061
-0.25439451
-0.0025829052
-0.26023162
-0.0027284336
-0.26248758
-0.0029468748
-0.26481109
-0.0031872882
-0.26597869
-0.0034592782
-0.26285585
-0.0037713413
-0.25783188
-0.0041220198
-0.25530422
-0.0044834604
-0.25466614
-0.0048670713
-0.25662673
-0.0052792373
-0.26007772
-0.0057069357
-0.26154106
-0.0061769809
-0.26145435
-0.0066992537
-0.25956301
-0.007286328
-0.25909032
-0.0079108807
-0.25959041
-0.0085950442
-0.26034218
-0.009342653
-0.26228743
-0.010149148
-0.26456293
-0.010956127
-0.27011752
-0.011844995
-0.27819228
-0.012782324
-0.28313343
-0.013770411
-0.28812013
-0.014963517
-0.2930609
-0.089096895
-0.00021690225
-0.10337159
-0.00029718017
-0.10525786
-0.00032649212
-0.10541493
-0.0003549019
-0.10505783
-0.00038571288
-0.10437336
-0.00041928311
-0.1033749
-0.00045508261
-0.10218196
-0.0004934396
-0.10054668
-0.00053483511
-0.098425294
-0.00057966858
-0.096281619
-0.00062888846
-0.093944108
-0.00068231032
-0.090747258
-0.00074065319
-0.086940655
-0.00080468285
-0.082619994
-0.00087487867
-0.077621938
-0.00095200146
-0.071727239
-0.0010370996
-0.064559557
-0.0011309581
-0.055884933
-0.0012342345
-0.045409227
-0.0013488072
-0.03341898
-0.0014764707
-0.020219814
-0.0016175856
-0.0066191894
-0.0017745495
0.0084527531
-0.001946282
0.0218175
-0.0021394321
0.032389285
-0.0023393372
0.04277465
-0.0025626522
0.028364213
-0.0027969668
-0.10047339
-0.0029962605
-0.23599316
-0.0027569994
-0.25865815
-0.0027427602
-0.26136534
-0.002952231
-0.26345919
-0.003194022
-0.26463801
-0.0034665275
-0.261505
-0.0037790747
-0.25644457
-0.0041304592
-0.25391863
-0.0044922249
-0.25327473
-0.0048765388
-0.25519746
-0.0052897229
-0.2586097
-0.0057189156
-0.26000638
-0.0061899774
-0.25992369
-0.006713409
-0.25808422
-0.0073021201
-0.25760189
-0.00792816
-0.25808588
-0.0086135159
-0.25890557
-0.0093619733
-0.26091612
-0.010168343
-0.2630925
-0.010978747
-0.26856546
-0.011868128
-0.27668198
-0.012806706
-0.28156294
-0.087170533
-0.0002164797
-0.10174205
-0.0002972672
-0.10375773
-0.00032678907
-0.10405652
-0.00035539564
-0.10379648
-0.00038658077
-0.1031341
-0.00042036725
-0.10208011
-0.00045618501
-0.10080968
-0.00049437438
-0.099175865
-0.00053553883
-0.097247805
-0.00058009942
-0.095327399
-0.00062915566
-0.093173277
-0.00068260191
-0.09013109
-0.00074098015
-0.086329064
-0.00080492275
-0.081804102
-0.00087517392
-0.076259547
-0.00095269695
-0.069548281
-0.0010384796
-0.061760429
-0.0011330525
-0.053127472
-0.0012367319
-0.043591333
-0.0013511347
-0.033058558
-0.0014779282
-0.021059241
-0.001617838
-0.0081421307
-0.0017740631
0.0063895457
-0.0019453558
0.019403335
-0.0021379897
0.030539728
-0.0023380853
0.041268537
-0.0025625478
0.050128218
-0.0027967062
-0.025030193
-0.0030546817
-0.17938712
-0.0030482474
-0.25437126
-0.0027971886
-0.25979091
-0.0029592396
-0.26192481
-0.003200487
-0.26311238
-0.0034733543
-0.26007234
-0.0037860907
-0.25512687
-0.0041379275
-0.25262964
-0.0045002564
-0.25196981
-0.0048853163
-0.25379629
-0.0052990983
-0.25703231
-0.0057296571
-0.25842151
-0.006202039
-0.25834916
-0.0067269518
-0.25661646
-0.0073166709
-0.25607964
-0.0079448398
-0.25654444
-0.0086317601
-0.25743726
-0.0093814226
-0.25952505
-0.010187205
-0.26163342
-0.011002927
-0.26699606
-0.011893437
-0.012831612
-0.086735597
-0.00021655888
-0.10157015
-0.00029722215
-0.10354374
-0.00032682898
-0.10375652
-0.00035559248
-0.10344828
-0.00038694745
-0.10277939
-0.00042088541
-0.10199238
-0.0004567713
-0.10087362
-0.0004948811
-0.099418733
-0.0005359728
-0.097639764
-0.00058041759
-0.095615525
-0.00062939879
-0.093219316
-0.00068283161
-0.090287059
-0.00074121164
-0.086868566
-0.00080508493
-0.08234096
-0.0008754196
-0.076422619
-0.00095313948
-0.06937023
-0.0010391129
-0.061456365
-0.0011338135
-0.052872479
-0.0012376302
-0.043522217
-0.0013520501
-0.033314941
-0.0014786938
-0.021605512
-0.0016182038
-0.0086845144
-0.001774284
0.0059040277
-0.0019456079
0.01896119
-0.0021380318
0.030284269
-0.0023383532
0.041293551
-0.0025629403
0.0510601
-0.0027975349
0.037378818
-0.0030563904
-0.09701833
-0.0032699308
-0.23685645
-0.0029483939
-0.25794248
-0.002969832
-0.26040724
-0.0032063752
-0.26157891
-0.0034795107
-0.25853248
-0.0037925338
-0.25363837
-0.0041451125
-0.25115743
-0.0045081714
-0.25055025
-0.0048938572
-0.25235897
-0.0053079639
-0.25545072
-0.0057396185
-0.25683856
-0.0062133129
-0.2567502
-0.0067397192
-0.25503151
-0.0073306499
-0.25447502
-0.0079605516
-0.25494021
-0.0086489988
-0.25588295
-0.009401039
-0.25806816
-0.010206153
-0.26011016
-0.011025631
-0.26537786
-0.011920393
-0.086893621
-0.00021687964
-0.10114444
-0.00029741135
-0.10321113
-0.00032701562
-0.10353293
-0.00035581029
-0.10330097
-0.00038717431
-0.1026535
-0.00042108416
-0.10170598
-0.00045692643
-0.10044558
-0.00049507612
-0.098834101
-0.00053622082
-0.096991231
-0.00058078163
-0.095112844
-0.00062978886
-0.092910401
-0.00068317845
-0.089966419
-0.00074155396
-0.086276209
-0.00080563739
-0.08156181
-0.0008760494
-0.075746742
-0.0009535978
-0.068897132
-0.0010393073
-0.061033893
-0.0011339001
-0.052402569
-0.0012377257
-0.043094332
-0.0013523548
-0.033067547
-0.0014792889
-0.021549586
-0.0016192001
-0.0087375199
-0.0017754186
0.0058063967
-0.0019467203
0.018855355
-0.0021394074
0.030200356
-0.002339752
0.041157262
-0.0025639557
0.05043546
-0.0027978769
0.059928826
-0.0030557778
-0.033632423
-0.0033346372
-0.19427612
-0.0032060981
-0.25490902
-0.0029975885
-0.25872431
-0.00321322
-0.25996382
-0.0034863487
-0.25697155
-0.0037993885
-0.2520897
-0.0041530412
-0.24962742
-0.0045168563
-0.24904028
-0.004902945
-0.25082522
-0.0053173096
-0.25386492
-0.0057502769
-0.25525756
-0.0062251759
-0.25513866
-0.0067524525
-0.25337272
-0.007345496
-0.25282905
-0.0079767356
-0.25330646
-0.0086668188
-0.25426407
-0.25654841
-0.25855628
-0.086532189
-0.00021761137
-0.1009934
-0.0002978913
-0.10303004
-0.00032732999
-0.10336589
-0.00035595219
-0.103146
-0.00038717376
-0.10251525
-0.00042098593
-0.10145194
-0.00045682538
-0.10014308
-0.0004951531
-0.098479742
-0.0005365649
-0.096562406
-0.00058144622
-0.094644017
-0.00063072627
-0.092412668
-0.00068427436
-0.089297978
-0.00074280244
-0.085483785
-0.00080705835
-0.08110219
-0.00087738778
-0.075774678
-0.00095455911
-0.0692139
-0.0010397607
-0.061492796
-0.0011337664
-0.052803833
-0.0012372383
-0.04309551
-0.0013521819
-0.032363513
-0.0014803483
-0.020223386
-0.0016219824
-0.0072290034
-0.0017795421
0.007342239
-0.0019515019
0.020566276
-0.0021452853
0.031730369
-0.0023457016
0.042135309
-0.0025687796
0.05112215
-0.0028017459
0.061909087
-0.0030602809
0.021572369
-0.0033411095
-0.13061145
-0.0034605793
-0.2469673
-0.0030701678
-0.25685416
-0.0032219745
-0.25830277
-0.0034945144
-0.25536715
-0.0038075387
-0.25042794
-0.0041621916
-0.248019
-0.0045266963
-0.24747471
-0.004913357
-0.24926538
-0.005328245
-0.2522734
-0.0057626732
-0.25365361
-0.006238763
-0.25349285
-0.0067675097
-0.25163675
-0.0073617472
-0.25114136
-0.0079940119
-0.0086858243
-0.087912001
-0.00021855162
-0.10195909
-0.00029846026
-0.10384
-0.00032778973
-0.10401907
-0.00035636191
-0.10363781
-0.00038737114
-0.10293285
-0.00042109547
-0.10186216
-0.00045706565
-0.10055817
-0.00049563309
-0.098799156
-0.00053732967
-0.096622789
-0.00058250536
-0.094472968
-0.00063206894
-0.092100832
-0.00068578911
-0.08885628
-0.00074446034
-0.085072797
-0.00080878938
-0.080944924
-0.00087913151
-0.076222338
-0.00095618586
-0.070608093
-0.0010410113
-0.063744965
-0.0011344799
-0.055284816
-0.0012376044
-0.044781934
-0.0013526612
-0.032478947
-0.0014816761
-0.018763403
-0.0016246357
-0.004737474
-0.0017833097
0.010322024
-0.0019565083
0.023636299
-0.0021508859
0.033890618
-0.0023517164
0.043098794
-0.0025739593
0.051777202
-0.0028067887
0.061802546
-0.0030661028
0.056692431
-0.0033441372
-0.075305452
-0.0036081545
-0.2282401
-0.0032129438
-0.25475918
-0.0032339336
-0.25669636
-0.0035039067
-0.25381943
-0.0038169589
-0.24874286
-0.0041727181
-0.24637508
-0.0045377747
-0.24589703
-0.0049248864
-0.24772946
-0.0053403721
-0.25073058
-0.0057764424
-0.25205887
-0.0062533821
-0.25186193
-0.0067833772
-0.24996057
-0.0073794641
-0.2494805
-0.0080128483
-0.008706156
-0.087585093
-0.00021866998
-0.10153644
-0.00029916853
-0.10339905
-0.00032867668
-0.1035682
-0.00035733375
-0.10317
-0.00038835068
-0.1024543
-0.00042211187
-0.10138996
-0.00045815534
-0.10008004
-0.00049684682
-0.09830223
-0.00053863385
-0.096101088
-0.00058387275
-0.093934165
-0.00063347413
-0.091557703
-0.00068728686
-0.088328934
-0.00074603173
-0.084565434
-0.00081046545
-0.080463935
-0.00088100751
-0.075826053
-0.00095836417
-0.070366903
-0.0010435398
-0.063665795
-0.0011373826
-0.05533191
-0.0012407781
-0.044926865
-0.0013558591
-0.032723085
-0.0014844716
-0.019141985
-0.0016268024
-0.0052142704
-0.0017848395
0.0097164122
-0.0019579211
0.022817098
-0.0021517582
0.032969392
-0.0023532331
0.042208281
-0.0025762606
0.051074069
-0.0028099981
0.060749524
-0.0030698059
0.070967031
-0.0033476389
-0.029577241
-0.0036588925
-0.19485252
-0.0034457778
-0.25187492
-0.0032564312
-0.25491607
-0.0035150638
-0.25221165
-0.0038273983
-0.2471656
-0.0041839702
-0.24483421
-0.0045500385
-0.24442454
-0.0049377966
-0.24626311
-0.0053533199
-0.24916354
-0.0057910447
-0.25048503
-0.0062692546
-0.25026072
-0.0068006041
-0.24835087
-0.0073979426
-0.24786114
-0.0080330644
-0.0087274992
-0.085700258
-0.00021884291
-0.099809588
-0.00029985513
-0.10177083
-0.00032955572
-0.102044
-0.00035836214
-0.10176797
-0.00038968038
-0.10110822
-0.00042365365
-0.10011841
-0.0004597316
-0.098898421
-0.00049836313
-0.097257757
-0.00054010841
-0.095300766
-0.00058533386
-0.093353544
-0.00063498124
-0.09113136
-0.00068889016
-0.088058985
-0.00074776399
-0.084318313
-0.00081236115
-0.079998315
-0.0008831504
-0.074907434
-0.00096088857
-0.068869498
-0.0010465896
-0.061692543
-0.0011410676
-0.053265384
-0.0012450215
-0.043425406
-0.0013603616
-0.032374638
-0.0014887447
-0.020089705
-0.0016304492
-0.0071046695
-0.0017880995
0.0073388538
-0.0019606425
0.020402454
-0.0021535725
0.031268136
-0.0023552338
0.041311752
-0.0025788307
0.050486404
-0.0028131839
0.060419359
-0.0030730532
0.072190867
-0.0033517958
0.017412813
-0.0036655086
-0.1422106
-0.0037089129
-0.24618666
-0.0033068313
-0.2529996
-0.0035268478
-0.25058444
-0.0038380932
-0.24557458
-0.0041953395
-0.24328745
-0.0045628133
-0.24295708
-0.0049514183
-0.2448141
-0.0053665303
-0.24761999
-0.0058060645
-0.24894191
-0.0062860591
-0.24868355
-0.0068186767
-0.24677112
-0.0074170337
-0.24627494
-0.0080543562
-0.0087509878
-0.085558729
-0.0002185592
-0.099538787
-0.0002996065
-0.10145583
-0.00032933179
-0.10169169
-0.00035818855
-0.10137159
-0.00038968373
-0.10071751
-0.00042365686
-0.099758449
-0.00045969817
-0.098583869
-0.00049826406
-0.096994164
-0.00053996072
-0.095026872
-0.00058512782
-0.093068595
-0.00063473357
-0.090853618
-0.00068862469
-0.087759283
-0.00074746681
-0.0840223
-0.00081202668
-0.079730937
-0.00088282153
-0.074663191
-0.00096056886
-0.068627116
-0.0010463074
-0.061409988
-0.0011408529
-0.052914634
-0.001244806
-0.042996599
-0.0013600528
-0.031859503
-0.0014882665
-0.01950591
-0.0016299438
-0.0065074333
-0.0017874795
0.0077799688
-0.0019600463
0.020739622
-0.002152587
0.031549496
-0.0023542607
0.041457769
-0.0025775405
0.050546086
-0.0028118272
0.060440547
-0.0030715195
0.071504887
-0.0033501369
0.054539229
-0.0036596375
-0.090981006
-0.0038950183
-0.23366951
-0.003414555
-0.25096466
-0.0035381541
-0.24895
-0.0038486029
-0.24389122
-0.0042061824
-0.24168743
-0.0045742632
-0.24152134
-0.0049632976
-0.24344832
-0.0053781786
-0.2461554
-0.0058196922
-0.24738061
-0.0063010172
-0.24711468
-0.0068349297
-0.24526606
-0.0074353611
-0.24471816
-0.008074913
-0.0087736078
-0.084608243
-0.00021808512
-0.098602499
-0.00029931363
-0.10056873
-0.00032910219
-0.10084346
-0.00035795166
-0.10058064
-0.00038927797
-0.099885909
-0.00042325145
-0.098903831
-0.00045933004
-0.097641601
-0.00049789002
-0.09599945
-0.00053953428
-0.094071837
-0.00058456696
-0.092124245
-0.0006340904
-0.08988227
-0.00068799168
-0.086863414
-0.00074677286
-0.083132455
-0.00081112378
-0.078761894
-0.00088180767
-0.073617722
-0.00095964848
-0.067501869
-0.0010456564
-0.060283708
-0.0011403508
-0.051951602
-0.001244272
-0.04238496
-0.0013590653
-0.031575818
-0.0014865785
-0.019249716
-0.0016276259
-0.0060888267
-0.0017848751
0.0080534736
-0.0019570769
0.020705199
-0.0021491286
0.031317259
-0.0023506956
0.041085585
-0.0025738722
0.050107327
-0.0028083942
0.059872851
-0.0030680229
0.069927856
-0.0033461779
0.077123836
-0.0036528358
-0.043734077
-0.0039818457
-0.20738943
-0.0036202836
-0.24828051
-0.0035514772
-0.2470548
-0.003857388
-0.24213097
-0.0042153092
-0.24003553
-0.0045842721
-0.24007467
-0.0049737809
-0.2420839
-0.0053882344
-0.24465481
-0.005831146
-0.24580427
-0.0063137769
-0.24552836
-0.0068488039
-0.24372753
-0.0074515324
-0.24316792
-0.0080934522
-0.0087943054
-0.084028629
-0.00021805069
-0.098360661
-0.00029958866
-0.10028952
-0.00032945362
-0.10047056
-0.00035834697
-0.10009574
-0.00038992857
-0.099334848
-0.00042399464
-0.0984473
-0.00045999766
-0.097240214
-0.00049842284
-0.095726265
-0.00053996218
-0.093907261
-0.00058489675
-0.091874541
-0.00063442344
-0.089525066
-0.00068841654
-0.086680176
-0.00074728829
-0.083315655
-0.00081155732
-0.078971152
-0.00088217944
-0.073381763
-0.00096014335
-0.066719193
-0.0010464267
-0.05923194
-0.0011413237
-0.051049638
-0.001245311
-0.042006933
-0.0013600721
-0.031777458
-0.0014875175
-0.019733354
-0.0016284091
-0.0066140517
-0.0017859629
0.0072902391
-0.001958321
0.019674862
-0.0021502366
0.030421319
-0.0023517897
0.040557212
-0.0025747589
0.049919843
-0.0028092998
0.059789028
-0.0030689025
0.069909853
-0.0033467309
0.083001675
-0.0036544726
0.0029537895
-0.0040000981
-0.16131847
-0.0038841185
-0.24460565
-0.0035768729
-0.24523985
-0.0038651353
-0.24032169
-0.0042225843
-0.23820791
-0.0045933611
-0.23835627
-0.0049837513
-0.24047648
-0.0053981917
-0.24305142
-0.0058413576
-0.24423038
-0.0063251194
-0.24392982
-0.0068613941
-0.24208179
-0.0074658411
-0.24149582
-0.0081096706
-0.008812307
-0.083335305
-0.00021857738
-0.097618486
-0.00030040952
-0.099527475
-0.00033036369
-0.099715631
-0.00035931913
-0.09935755
-0.00039086047
-0.098647023
-0.00042507795
-0.097840847
-0.00046113366
-0.096693618
-0.00049965564
-0.095183567
-0.00054132623
-0.09335335
-0.00058644918
-0.091289639
-0.00063609209
-0.088834138
-0.00069016409
-0.085866447
-0.00074917169
-0.082476565
-0.00081371975
-0.078237818
-0.00088450549
-0.072853498
-0.00096244222
-0.066449956
-0.0010485518
-0.05916282
-0.001143367
-0.050957707
-0.0012474477
-0.041620298
-0.0013626655
-0.031068931
-0.0014907595
-0.018932147
-0.001632192
-0.0058395762
-0.0017896606
0.0082049023
-0.001962244
0.020800709
-0.002154915
0.031366141
-0.0023565152
0.041036847
-0.0025794622
0.049998306
-0.0028134768
0.059379133
-0.0030728611
0.069487206
-0.0033495421
0.082349014
-0.0036590759
0.040786901
-0.0040015371
-0.11423892
-0.0041334197
-0.23761789
-0.0036471448
-0.2434036
-0.0038763178
-0.23858851
-0.0042294936
-0.23633484
-0.0046031758
-0.23653336
-0.0049942518
-0.23874427
-0.0054091015
-0.24141164
-0.0058528511
-0.24259858
-0.0063374422
-0.24227859
-0.0068745703
-0.24038592
-0.0074803597
-0.23979585
-0.0081258132
-0.0088303315
-0.082982748
-0.00021904346
-0.096841533
-0.00030149792
-0.098838276
-0.00033168068
-0.099176493
-0.0003608785
-0.098924818
-0.00039256539
-0.098268747
-0.00042682116
-0.097279187
-0.00046308765
-0.096056596
-0.00050190639
-0.094419756
-0.00054380503
-0.092479137
-0.00058914151
-0.090541371
-0.00063896633
-0.088301941
-0.00069317443
-0.085213264
-0.00075229289
-0.081494224
-0.00081710174
-0.077276273
-0.00088822347
-0.072296315
-0.00096646521
-0.066314809
-0.0010528434
-0.059190773
-0.0011480094
-0.050843893
-0.0012525489
-0.041144352
-0.0013681879
-0.030291197
-0.0014965171
-0.018195344
-0.0016379208
-0.0053432498
-0.0017950019
0.0085220334
-0.0019674721
0.021030955
-0.002160212
0.031452568
-0.0023623488
0.040856918
-0.0025864893
0.049525691
-0.0028215585
0.058569756
-0.003081728
0.068801956
-0.0033585739
0.081116201
-0.0036698279
0.074066836
-0.004007675
-0.06340276
-0.0043121732
-0.21934334
-0.0038354161
-0.24108802
-0.003893282
-0.23707869
-0.004237621
-0.23441733
-0.0046141113
-0.2347034
-0.0050059659
-0.23701806
-0.0054213984
-0.23975546
-0.0058657717
-0.24094537
-0.24064044
-0.23874217
-0.23812716
-0.081215126
-0.00021933554
-0.095309073
-0.00030246847
-0.097317596
-0.00033290851
-0.097621543
-0.00036231656
-0.09739013
-0.0003942467
-0.096736242
-0.00042872866
-0.095932218
-0.00046517235
-0.094848351
-0.00050404573
-0.093475368
-0.00054597295
-0.091793611
-0.00059129934
-0.089855365
-0.00064125625
-0.087596359
-0.00069571247
-0.084788187
-0.00075496126
-0.081306936
-0.00081983182
-0.07691196
-0.00089128861
-0.071477129
-0.00097006535
-0.065034568
-0.0010571409
-0.057655579
-0.001152983
-0.049407536
-0.0012579657
-0.040303539
-0.0013735729
-0.030399186
-0.0015014701
-0.019229017
-0.001642448
-0.007038905
-0.0017996453
0.0062654587
-0.001972051
0.018513825
-0.0021635143
0.029438103
-0.0023663662
0.039654984
-0.0025912088
0.048878697
-0.0028278553
0.058202707
-0.0030885729
0.068622452
-0.0033670361
0.080019911
-0.0036789193
0.089141874
-0.0040148011
-0.011077105
-0.0043799287
-0.17590153
-0.0041598339
-0.237533
-0.0039218253
-0.23557849
-0.0042483029
-0.23256936
-0.0046256308
-0.23288628
-0.0050187011
-0.23525952
-0.0054344125
-0.080689456
-0.0002200653
-0.094084377
-0.00030313077
-0.096122856
-0.00033369212
-0.096465962
-0.00036344183
-0.096202292
-0.00039562935
-0.095652834
-0.00043019015
-0.094897685
-0.00046666095
-0.093960632
-0.00050561026
-0.092769338
-0.00054767298
-0.091204527
-0.00059317087
-0.089325778
-0.00064327672
-0.087112288
-0.00069788396
-0.084470194
-0.00075733112
-0.081005625
-0.00082243044
-0.076450831
-0.00089416867
-0.070821003
-0.00097326879
-0.064167824
-0.0010606952
-0.056667619
-0.0011569381
-0.048607085
-0.0012623199
-0.040030363
-0.0013781192
-0.030545953
-0.0015061167
-0.01943765
-0.0016473722
-0.007174811
-0.0018050848
0.0058872458
-0.0019779849
0.017864656
-0.0021689137
0.028853084
-0.0023723237
0.039278973
-0.0025972501
0.048618584
-0.0028350886
0.057965056
-0.0030961976
0.06834499
-0.0033760581
0.07950851
-0.0036884366
0.08904457
-0.0040251913
0.039205339
-0.004393201
-0.11720492
-0.0045022533
-0.23096048
-0.0040046115
-0.23366036
-0.0042622178
-0.2308011
-0.0046377898
-0.23114536
-0.0050329078
-0.080940013
-0.0002206973
-0.094509996
-0.00030370143
-0.096555351
-0.00033423535
-0.096938113
-0.00036391564
-0.096730227
-0.00039607814
-0.096172657
-0.00043068097
-0.09538876
-0.00046725242
-0.094321619
-0.00050636465
-0.09289114
-0.00054863379
-0.091222207
-0.00059438386
-0.089475637
-0.00064462182
-0.087389805
-0.00069929159
-0.084635961
-0.00075893785
-0.081172227
-0.00082430102
-0.076732343
-0.0008960858
-0.071225613
-0.00097512791
-0.064690815
-0.0010624753
-0.057195453
-0.0011587614
-0.048990855
-0.0012643252
-0.040191619
-0.0013807028
-0.03060375
-0.0015094086
-0.019591679
-0.0016511457
-0.007452246
-0.0018089317
0.0056863831
-0.0019823944
0.017818414
-0.002174582
0.02890978
-0.0023785427
0.039373888
-0.0026035845
0.048774646
-0.002841288
0.058231926
-0.0031026633
0.068732337
-0.0033827638
0.07993394
-0.00369561
0.089622726
-0.0040326593
0.079445549
-0.0044019676
-0.058825567
-0.0047158806
-0.21178645
-0.004219543
-0.23157016
-0.0042809797
-0.22899169
-0.0046499758
-0.080987372
-0.00022129259
-0.094741588
-0.00030419013
-0.096776287
-0.00033466188
-0.097190072
-0.00036427989
-0.096997071
-0.00039648483
-0.096401627
-0.00043113751
-0.095480886
-0.000467766
-0.094330713
-0.00050702607
-0.092804547
-0.0005494523
-0.090986998
-0.00059537468
-0.089133307
-0.00064576232
-0.086942454
-0.00070053921
-0.083938012
-0.00076034989
-0.080306081
-0.00082594361
-0.076103959
-0.00089775831
-0.071006648
-0.00097664769
-0.064788656
-0.0010638155
-0.057495805
-0.0011599416
-0.049224525
-0.0012654523
-0.039964234
-0.0013822053
-0.029839971
-0.0015116474
-0.018476818
-0.0016541971
-0.0060857287
-0.0018127823
0.0072741891
-0.0019869419
0.019588868
-0.0021793998
0.030368604
-0.0023837757
0.040208314
-0.0026079547
0.049197494
-0.0028454822
0.058374422
-0.0031064654
0.068673937
-0.0033866621
0.079758624
-0.0036991354
0.089470621
-0.0040364802
0.0929167
-0.004405949
-0.0085203223
-0.0047769081
-0.16851265
-0.0045693069
-0.22865621
-0.0043139799
-0.081233444
-0.00022138005
-0.094851523
-0.00030407094
-0.096849859
-0.00033458978
-0.097229481
-0.00036435915
-0.096977189
-0.00039660434
-0.096336482
-0.00043128625
-0.095377752
-0.00046794862
-0.094190884
-0.00050718074
-0.092617307
-0.00054954136
-0.090749731
-0.00059536746
-0.088853951
-0.00064580024
-0.086606405
-0.00070073552
-0.083537761
-0.00076056604
-0.079908254
-0.0008260363
-0.07580282
-0.00089792264
-0.070892638
-0.00097693277
-0.064949279
-0.0010641565
-0.057936293
-0.0011601526
-0.049794197
-0.0012654141
-0.040399287
-0.0013817278
-0.029912559
-0.0015109418
-0.018095325
-0.0016536607
-0.0052921874
-0.001812792
0.008205771
-0.0019873556
0.020409786
-0.0021795933
0.030814309
-0.0023838382
0.040243564
-0.0026074972
0.049068874
-0.002845089
0.058185846
-0.0031059586
0.068431933
-0.0033865184
0.079460919
-0.0036985418
0.089150069
-0.0040358112
0.093120425
-0.0044046791
0.041359295
-0.0047784097
-0.11031572
-0.004908261
-0.080685948
-0.00022116726
-0.094037637
-0.00030390133
-0.096051045
-0.0003345274
-0.096396467
-0.00036447855
-0.096088598
-0.0003969385
-0.095447205
-0.00043164577
-0.094619525
-0.00046825082
-0.093615199
-0.00050737467
-0.092333653
-0.0005496396
-0.090639916
-0.00059534599
-0.088541151
-0.00064579181
-0.086073863
-0.00070085309
-0.083330456
-0.00076069519
-0.079961637
-0.00082605884
-0.075638388
-0.00089800298
-0.070396283
-0.00097714299
-0.064269152
-0.0010645007
-0.057315155
-0.0011605371
-0.049610293
-0.0012656339
-0.040898591
-0.0013814989
-0.030840925
-0.0015102814
-0.01894321
-0.0016527972
-0.0058315399
-0.0018121184
0.0076199417
-0.0019868714
0.019621521
-0.0021784708
0.030034788
-0.0023825319
0.039673129
-0.0026059479
0.04873042
-0.0028439994
0.058056673
-0.003104979
0.068363163
-0.0033861539
0.079244643
-0.0036978606
0.088708376
-0.0040350466
0.09261253
-0.0044027849
0.074501244
-0.0047767273
-0.080157006
-0.093667492
-0.095697387
-0.096063271
-0.095762122
-0.0003968659
-0.095076793
-0.00043156972
-0.094182552
-0.00046814881
-0.093073311
-0.00050726553
-0.091678518
-0.00054953013
-0.089945803
-0.00059522639
-0.087881498
-0.00064562827
-0.085432626
-0.00070064903
-0.082610508
-0.000760486
-0.079225641
-0.00082586929
-0.075032729
-0.00089777655
-0.069952685
-0.00097685492
-0.063943887
-0.0010641402
-0.057100372
-0.0011600878
-0.049498766
-0.0012650698
-0.040863632
-0.0013808248
-0.030868187
-0.0015094098
-0.019012371
-0.0016516391
-0.0058767798
-0.0018105815
0.0075482022
-0.0019852128
0.019370496
-0.002176361
0.029580748
-0.0023805043
0.039097607
-0.0026038486
0.048184662
-0.0028423394
0.057571947
-0.0031035244
0.067852758
-0.0033850275
0.078657182
-0.0036964549
0.0880558
-0.0040333474
0.091972029
-0.0044004566
-0.095636035
-0.095017926
-0.094193051
-0.00046851939
-0.093157646
-0.00050758707
-0.09184898
-0.00054975441
-0.090192151
-0.00059531641
-0.088167853
-0.00064557215
-0.085731637
-0.00070047807
-0.082922683
-0.00076028473
-0.079526924
-0.00082562289
-0.075294272
-0.00089743764
-0.070196231
-0.00097652846
-0.064221196
-0.0010639887
-0.057439201
-0.0011600621
-0.04990214
-0.0012649803
-0.041367422
-0.0013805043
-0.031596928
-0.0015086156
-0.020102543
-0.0016502555
-0.0072627624
-0.0018088359
0.0060162133
-0.0019833559
0.017872711
-0.0021742029
0.02842511
-0.002378436
0.038354114
-0.0026021044
0.047830958
-0.0028417184
0.057547254
-0.0031039875
0.068053033
-0.0033870722
0.078904771
-0.0036987835
0.088219235
-0.0040359423
-0.094639728
-0.093465893
-0.092068452
-0.00055050983
-0.090428397
-0.0005961499
-0.08847444
-0.00064641921
-0.086072425
-0.0007012673
-0.083250406
-0.00076106463
-0.080036432
-0.00082641719
-0.076051928
-0.0008981674
-0.070914439
-0.00097730243
-0.064667409
-0.0010649892
-0.057808643
-0.0011613797
-0.050514536
-0.0012664198
-0.042481176
-0.0013817355
-0.033315404
-0.0015095089
-0.022062589
-0.0016510168
-0.0089264777
-0.0018096982
0.0045073105
-0.0019839342
0.01630765
-0.0021742464
0.027007529
-0.00237827
0.037453005
-0.002602169
0.047771659
-0.0028426172
0.058332418
-0.0031057751
0.069248973
-0.0033902224
0.080033895
-0.0037025197
-0.091055464
-0.089348411
-0.087574226
-0.085553635
-0.083006654
-0.0799185
-0.075981336
-0.00090072281
-0.070853946
-0.00097995333
-0.064561068
-0.0010676539
-0.057552712
-0.0011640115
-0.050209499
-0.0012690787
-0.042249158
-0.001384526
-0.032843337
-0.0015127749
-0.021275051
-0.0016552651
-0.0083674969
-0.0018148122
0.0044794554
-0.001989755
0.015982684
-0.0021795882
0.026789214
-0.0023835565
0.037409328
-0.0026066634
0.047715626
-0.0028471824
0.058166795
-0.0031103338
0.069018245
-0.0033950118
-0.074569962
-0.00090204374
-0.069757379
-0.00098130223
-0.06401423
-0.0010689788
-0.057670664
-0.0011651478
-0.05072441
-0.0012700401
-0.042667344
-0.0013855046
-0.032813737
-0.0015139806
-0.02056308
-0.0016568623
-0.0068089259
-0.001816903
0.006571714
-0.0019927936
0.017908686
-0.0021829671
0.027790068
-0.0023869661
0.0375135
-0.0026093296
0.047548588
-0.0028498112
0.057892527
-0.0031128841
-0.074768666
-0.069833864
-0.00098213749
-0.063920121
-0.0010699273
-0.057432715
-0.0011662462
-0.050446992
-0.0012712493
-0.042502806
-0.0013867159
-0.03289476
-0.0015151482
-0.020955688
-0.0016579032
-0.0074515657
-0.0018178382
0.0058320053
-0.001993369
0.017334833
-0.0021837864
0.027523048
-0.0023877957
0.037446232
-0.0026103951
0.047506006
-0.0028507985
-0.069112826
-0.063249605
-0.0010718557
-0.056793718
-0.0011684129
-0.049839188
-0.0012736102
-0.041894887
-0.0013891953
-0.03221234
-0.001517713
-0.020177689
-0.0016606433
-0.0066716405
-0.0018205641
0.0063898206
-0.0019958955
0.017592831
-0.002185693
0.027521508
-0.0023899195
0.037221088
-0.0026126186
-0.062316667
-0.05574947
-0.048812949
-0.041048127
-0.031585233
-0.01986608
-0.0068371572
-0.0018216164
0.0057359147
-0.00199661
0.016793488
-0.0021859502
0.026972758
-0.0023907561
-0.0071983591
-0.0018238125
0.005347267
-0.0019987774
0.016503884
-0.0021881885
-0.0070354906
0.0053532011
)
;

boundaryField
{
    Side
    {
        type            empty;
    }
    Inlet
    {
        type            calculated;
        value           nonuniform List<scalar> 0();
    }
    Airfoil
    {
        type            calculated;
        value           uniform 0;
    }
    Outlet
    {
        type            calculated;
        value           nonuniform List<scalar> 0();
    }
    procBoundary40to2
    {
        type            processor;
        value           nonuniform List<scalar> 
40
(
-0.31482288
-0.31395327
-0.31302027
-0.31207035
-0.31098086
-0.30981277
-0.30875545
-0.30765821
0.0053082676
-0.31104682
0.0057540304
-0.31153965
0.006249991
-0.31002804
0.0068136665
-0.30613584
0.0074043829
0.0080475222
-0.30545335
0.0087715633
0.0095296212
0.010277293
0.011108795
-0.31666884
0.01199199
0.012911407
-0.33072259
0.014064085
-0.3355722
0.015392803
0.017052022
0.019296544
-0.31497312
0.020798647
0.021555246
-0.27122246
-0.27011762
0.023508598
0.026651216
0.029253363
)
;
    }
    procBoundary40to8
    {
        type            processor;
        value           nonuniform List<scalar> 
93
(
-0.29947498
-0.29807401
-0.29670213
-0.29538367
-0.29410897
-0.029463215
-0.26607031
-0.26484709
-0.26360474
-0.26232051
-0.026969961
-0.25591462
-0.25462025
-0.25331812
-0.25204703
-0.25075834
-0.24945349
-0.2481675
-0.024100563
-0.24967145
-0.248439
-0.2471517
-0.022340566
-0.26721487
-0.26577639
-0.26430398
-0.02164911
-0.27927502
-0.27771394
-0.020159917
-0.29741554
-0.29572778
-0.29400818
-0.29227349
-0.016335927
-0.29053819
-0.018047935
-0.0137981
-0.28650489
-0.014993282
-0.27513953
-0.27353706
-0.012857969
-0.0094208859
-0.010226427
-0.011048073
-0.26371802
-0.011947348
-0.25165474
-0.25003188
-0.24845293
-0.24685342
-0.24525285
-0.24363152
-0.24193005
-0.24019041
-0.006350903
-0.006888929
-0.0074950512
-0.0081425794
-0.23846422
-0.0088489766
-0.23804358
-0.0058792304
-0.23355178
-0.0054494412
-0.22913887
-0.0050476128
-0.22752958
-0.0046607294
-0.22226843
-0.0044023745
-0.059360884
-0.0051019125
0.086832644
-0.0047742396
0.092075466
-0.0044022789
0.089079569
-0.0040402354
0.07972764
-0.0037072182
0.068469801
-0.0033978247
0.057847165
-0.0031137739
0.047111153
-0.0028532294
0.036891998
-0.0026136678
0.026716893
-0.0023930451
0.016109705
)
;
    }
    procBoundary40to24
    {
        type            processor;
        value           nonuniform List<scalar> 
34
(
-0.00022106676
-0.00030379253
-0.00033444312
-0.00036439605
0.095886551
-0.00039697735
-0.00043191451
0.095546187
-0.00046925547
-0.00050831226
0.09250704
-0.00055150485
-0.00059750725
-0.00064813448
-0.00070327665
-0.00076329775
-0.00082882462
0.078368905
0.078620147
-0.0009028135
0.073970601
-0.00098387635
0.068324079
-0.0010731077
-0.0011696499
-0.0012749181
-0.0013906233
-0.0015192299
-0.0016620651
0.020061095
0.020113583
-0.0018263712
-0.0020015921
-0.0021905283
)
;
    }
    procBoundary40to26
    {
        type            processor;
        value           nonuniform List<scalar> 
63
(
0.00086263438
0.00093741596
0.0010198973
0.0011112855
0.0012093037
0.31543373
0.00079512833
-0.30542926
0.0013154958
0.31685445
0.00073265372
-0.30502134
0.0014306094
0.0026989065
0.0029165775
0.0031672717
0.0034589928
0.0037851157
0.31746774
0.00067591616
-0.3045931
0.0015549322
0.31924921
0.0025050848
-0.31738075
0.0041219327
0.31789897
0.00062414582
-0.3048239
0.0016900893
0.001833404
0.0019884547
0.0021508102
0.31529284
0.0023253846
-0.31353377
0.0044807469
0.0048606547
0.3187464
0.00057680636
0.32028046
0.00053293088
0.32159317
0.00049221398
0.32266067
0.00045338189
0.32260279
0.00041577092
0.32130823
0.00038264509
0.32010056
0.00035374023
0.32126612
0.0003287791
0.32184614
0.00030499821
0.32180254
0.0002823471
0.32062134
0.00026132484
0.00020611675
0.32067818
0.00024282176
)
;
    }
}


// ************************************************************************* //
