/*--------------------------------*- C++ -*----------------------------------*\
| =========                 |                                                 |
| \\      /  F ield         | OpenFOAM: The Open Source CFD Toolbox           |
|  \\    /   O peration     | Version:  2506                                  |
|   \\  /    A nd           | Website:  www.openfoam.com                      |
|    \\/     M anipulation  |                                                 |
\*---------------------------------------------------------------------------*/
FoamFile
{
    version     2.0;
    format      ascii;
    arch        "LSB;label=32;scalar=64";
    class       surfaceScalarField;
    location    "0.00025";
    object      phi;
}
// * * * * * * * * * * * * * * * * * * * * * * * * * * * * * * * * * * * * * //

dimensions      [1 0 -1 0 0 0 0];

oriented        oriented;

internalField   nonuniform List<scalar> 
6666
(
0.11709
0.000270251
0.12017998
0.00030677056
0.11519801
0.00032696899
0.10081155
0.0003382755
0.092428402
0.00031229109
0.093857556
0.00034651358
0.099355187
0.00038938751
0.10459374
0.00045879885
0.10608638
0.00051480403
0.10742963
0.00056994591
0.10713255
0.00063373889
0.10515927
0.0006892443
0.10299178
0.00076010459
0.00067761558
0.11623624
0.00026403555
0.11925583
0.0003003519
0.1142521
0.00031996212
0.099618324
0.0003264625
0.090800416
0.00029985552
0.092287837
0.00033114723
0.097913341
0.0003732565
0.10336413
0.00044291965
0.10493868
0.00049781144
0.10634601
0.00055167251
0.1061333
0.00061451405
0.10418656
0.00066710549
0.10176498
0.00081546127
0.093407989
0.00057134881
0.08465618
0.0012010368
0.06562842
4.6314423e-05
0.054643286
0.00076954003
0.057934292
0.0088815307
0.0192799
0.11691458
0.00027736209
0.11973291
0.00031475098
0.11448613
0.00033632879
0.099454078
0.0003393901
0.091079329
0.00031917902
0.092618926
0.0003508069
0.098411209
0.00039404276
0.10389894
0.00046581599
0.10544099
0.00052211512
0.10687495
0.00057712695
0.10668711
0.00064163677
0.10470805
0.00069534871
0.1022503
0.00085828465
0.093718568
0.00059886268
0.084820525
0.0012234523
0.066226641
0.0002594306
0.056780128
0.000462588
0.059897349
0.0062953804
0.086446649
0.017363907
0.1002961
0.021375275
0.12463559
0.026385124
0.13152506
0.034511044
0.040262602
0.043845709
-0.10214699
0.040187614
-0.063328173
0.034222983
-0.0088020029
0.036911509
0.06032912
0.044837525
0.1410626
0.051360275
0.16100529
0.055191252
0.059389714
0.12014717
0.00032688377
0.12267384
0.0003672284
0.11743945
0.00039071548
0.10239947
0.00040564773
0.094301388
0.00039435426
0.09575683
0.00042948646
0.10153884
0.00047521635
0.10697948
0.00055856618
0.10844785
0.0006209463
0.10987614
0.00068216019
0.10966714
0.00075591853
0.1076755
0.00081747084
0.10529347
0.0010013311
0.096845838
0.00074707802
0.088136467
0.0013417776
0.07094974
0.00061818518
0.062497647
0.00049206971
0.063668853
0.0044005727
0.088577038
0.015368717
0.10198247
0.020163992
0.126221
0.02569843
0.132975
0.033893357
0.040418287
0.043332526
-0.1035521
0.039857342
-0.064248155
0.033955599
-0.0093998932
0.036601731
0.060604653
0.044408039
0.14242214
0.050915396
0.16268761
0.054750539
0.058940882
0.12110149
0.0003506094
0.1242392
0.00039607259
0.11899253
0.00042727405
0.10355895
0.00044238586
0.095319732
0.00042458063
0.096549525
0.00046338586
0.10273352
0.00051879144
0.10797312
0.00060245803
0.10947056
0.00066896507
0.11101807
0.00073678829
0.11083016
0.00081169697
0.10881251
0.0008800792
0.10645699
0.00096107332
0.098149103
0.0010055217
0.089103492
0.0010766759
0.072568765
0.0006106131
0.066152116
0.0044956647
0.066761222
0.0089079891
0.09055401
0.016514932
0.10352991
0.020157431
0.12758249
0.025594448
0.13417449
0.033681675
0.040412422
0.04300681
-0.10502115
0.03954074
-0.065152532
0.033691713
-0.0099777687
0.03631245
0.060872917
0.044157915
0.14375441
0.050660556
0.16435528
0.054467488
0.058633019
0.10566069
0.0004802268
0.11006353
0.00053513233
0.10373874
0.00058457836
0.085570542
0.00061507794
0.074653243
0.00059652893
0.076117779
0.00064250959
0.084035789
0.00071581666
0.090728927
0.00082485641
0.092979226
0.00091532088
0.095098742
0.00099932941
0.095563455
0.0010974912
0.09341193
0.0011921391
0.090598075
0.0011517161
0.081403216
0.0016487323
0.059657479
0.0071536443
0.026172189
0.0097465916
0.033188977
0.01271119
0.055616113
0.016912309
0.088483598
0.02059793
0.10398688
0.021965963
0.12883612
0.026150168
0.13558392
0.033895135
0.040597223
0.04303108
-0.10633776
0.039313091
-0.06604321
0.033486018
-0.010546645
0.036109592
0.061132585
0.044052263
0.14506829
0.050604422
0.1660125
0.054397837
0.17046346
0.058531795
0.063570176
0.097795717
0.00049740561
0.10327046
0.00055828297
0.096511294
0.00060097802
0.076822203
0.00062951794
0.063360622
0.00060574703
0.063966464
0.00065766763
0.073085418
0.00073780091
0.080862754
0.00085951817
0.083515311
0.00096085172
0.085769058
0.0010532939
0.086282854
0.0011624748
0.084199062
0.0012992623
0.076489972
0.0058302283
0.0078284893
0.0087251573
-0.051262302
0.015447486
-0.01292933
0.019029534
0.031954941
0.017903027
0.054418517
0.020347484
0.088595065
0.022695862
0.1047567
0.02322736
0.13021973
0.026605271
0.13714831
0.034108091
0.041022067
0.043073672
-0.10752476
0.039142092
-0.066942696
0.033306766
-0.01112743
0.035948998
0.061377575
0.043973967
0.1463723
0.050595306
0.16766398
0.054422623
0.17221786
0.058525867
0.17323221
0.063513041
0.068812185
0.097245302
0.0003164686
0.10268304
0.00036963229
0.095921371
0.00039622015
0.075973351
0.0004051279
0.061949455
0.00035932121
0.062390692
0.00039109048
0.071744429
0.00045014411
0.079865664
0.00055885331
0.082617677
0.00060827344
0.084934303
0.00071632816
0.084208425
0.0040075697
0.026891251
0.0068031371
-0.053208454
0.012206168
-0.076989704
0.015726264
-0.064048026
0.01727047
-0.012171355
0.018909296
0.031210045
0.018820967
0.054051864
0.021130826
0.088820349
0.023248486
0.10548077
0.02365566
0.13117316
0.026762475
0.13815606
0.034158264
0.041208511
0.043056678
-0.10878592
0.039019283
-0.067847103
0.03316284
-0.011714164
0.035812061
0.061613297
0.043981491
0.14766836
0.050645736
0.1693134
0.054502348
0.17397031
0.058584743
0.17500285
0.063541864
0.06881768
0.094988619
0.0002498818
0.10108508
0.00029634527
0.094321939
0.00031643812
0.074002116
0.00031815053
0.058805974
0.00026556514
0.058467608
0.00028139911
0.06834661
0.00034145536
0.07692143
0.00038107344
0.080297803
0.00049990223
0.034916217
0.0045169033
-0.046186585
0.009593523
-0.082669625
0.012748632
-0.08599212
0.014218189
-0.078949174
0.015940003
-0.062006096
0.016974953
-0.013664224
0.018534477
0.026859085
0.018920428
0.052453268
0.021390801
0.088322647
0.023437983
0.10589658
0.023841432
0.13188705
0.026862571
0.13894593
0.034214122
0.041218533
0.043089713
-0.11014231
0.039012277
-0.068761167
0.033120244
-0.012294966
0.035796557
0.061850852
0.044087177
0.148962
0.050826634
0.17096608
0.054717737
0.17572498
0.058803487
0.17678449
0.063758694
0.17762505
0.06903616
0.17836537
0.074374345
0.17872314
0.080292214
0.086783178
0.1004932
0.00025486931
0.1068335
0.00030201533
0.10065004
0.00032413263
0.081844556
0.00032756688
0.067718189
0.00027798046
0.06695578
0.00029118998
0.076882191
0.00034642957
0.084578413
0.00039017904
0.024976243
0.001730966
-0.064609533
0.0098432315
-0.089024242
0.012150964
-0.090264377
0.013048469
-0.087005444
0.014184651
-0.07715499
0.015593441
-0.059039558
0.016670587
-0.018511678
0.018385163
0.019140805
0.019199039
0.052250874
0.021720675
0.08872231
0.023658007
0.1067723
0.024059327
0.13291872
0.027017458
0.13999406
0.034340354
0.041385761
0.043206889
-0.11139281
0.039101855
-0.06965832
0.033218022
-0.01286527
0.035974911
0.062083054
0.044310366
0.15024053
0.051137687
0.17261177
0.055075381
0.17747621
0.059192612
0.17856915
0.064177421
0.17943343
0.069478419
0.18017296
0.074821712
0.18052568
0.080755609
0.18064556
0.087259785
0.094232128
0.10350295
0.00027332347
0.11020503
0.00032466313
0.10432241
0.0003489712
0.086423016
0.00035355645
0.072940942
0.00030562155
0.07168991
0.0003200197
0.081774182
0.00036502794
0.068581714
0.00046951278
-0.016744277
0.0025810767
-0.089129116
0.011288869
-0.090918344
0.012177846
-0.090891152
0.013029206
-0.087223307
0.014116402
-0.07717588
0.015435329
-0.059122899
0.016609804
-0.022371358
0.018435586
0.015440589
0.019587894
0.053018558
0.022024638
0.089599102
0.023880178
0.10785519
0.0242881
0.13411699
0.02717083
0.1411918
0.034459895
0.041637593
0.043327697
-0.11259289
0.039239109
-0.07054954
0.033386097
-0.013422088
0.036214332
0.06230997
0.044586754
0.15150385
0.051509757
0.17425068
0.055501178
0.17922357
0.059664688
0.18035553
0.064695348
0.18124304
0.070030729
0.18198206
0.075383955
0.18233202
0.081337721
0.1824561
0.087872471
0.17141006
0.094856674
0.077438974
0.10144767
0.10068943
0.094641639
0.00022370926
0.1048608
0.00028188655
0.11159021
0.00033453004
0.10578905
0.00035969259
0.087956315
0.00036496654
0.074307734
0.00031626591
0.073109082
0.0003304338
0.083196267
0.00041021597
0.075437711
0.00044068705
-0.011325741
0.0014099266
-0.090581578
0.01072646
-0.091732353
0.012189605
-0.091739458
0.012999338
-0.088089297
0.014078375
-0.07799576
0.015389684
-0.060052868
0.016591287
-0.023941161
0.018462334
0.014458994
0.019807099
0.053351996
0.022182927
0.090347426
0.024018055
0.10894175
0.024441899
0.13528187
0.027266953
0.14234106
0.034520009
0.041887587
0.043390405
-0.11376462
0.039375588
-0.071427519
0.033578172
-0.013967077
0.036463369
0.062527716
0.044863818
0.15274465
0.051883759
0.17587433
0.055931594
0.18095831
0.0601444
0.18213005
0.065223277
0.18304204
0.070594484
0.18378369
0.075956536
0.18413508
0.08192725
0.18426708
0.088494827
0.17314016
0.095491611
0.078366443
0.10205475
0.10083558
0.093890018
0.00022958659
0.10435177
0.00028769698
0.11130697
0.00034292
0.10544053
0.00036890398
0.08758125
0.00037415101
0.073745409
0.000324768
0.072279796
0.00033890698
0.081466473
0.00042717073
0.088848971
0.00043635017
0.013422899
0.00056967276
-0.08245493
0.0092593201
-0.092679412
0.012190279
-0.09274026
0.012962727
-0.089101044
0.014042593
-0.078983149
0.015353924
-0.061240441
0.016557952
-0.02491419
0.018438421
0.014463476
0.019855272
0.053887226
0.022221091
0.091078452
0.024075762
0.10993815
0.024519242
0.13635674
0.027305671
0.14340216
0.034519543
0.042113606
0.043394137
-0.11492601
0.039472699
-0.072303662
0.03374086
-0.014511464
0.036682239
0.062738699
0.04509253
0.15397482
0.052208369
0.17749049
0.056313943
0.18268249
0.060574473
0.18389133
0.065696702
0.18482728
0.071095665
0.18556961
0.076458048
0.18592132
0.082438013
0.18606209
0.089031376
0.17485697
0.096033045
0.079287903
0.10256666
0.10096265
0.083649439
0.00020514785
0.095168715
0.00023934627
0.10556843
0.00029961491
0.11245837
0.00035646478
0.10671823
0.00038335841
0.088891033
0.00038910033
0.074848144
0.00033836848
0.073514164
0.00035252217
0.082329153
0.00041993571
0.089844576
0.00047907673
0.028093636
0.00059625327
-0.068334746
0.008477488
-0.093620087
0.012152102
-0.093743833
0.012920377
-0.090124681
0.013998212
-0.079967746
0.01531097
-0.062337019
0.016514628
-0.02541438
0.018400519
0.014847766
0.019867734
0.054359749
0.022184792
0.091768342
0.02407901
0.11091615
0.024545788
0.13741955
0.027288525
0.14445018
0.034454415
0.042317643
0.043328277
-0.11611057
0.039522238
-0.073188986
0.033855076
-0.015066589
0.036839823
0.06293903
0.045229912
0.1551964
0.052443426
0.17909969
0.056608071
0.18439983
0.060907943
0.18564316
0.066061705
0.18660171
0.071483581
0.18734332
0.07685794
0.18769167
0.082856272
0.18783893
0.089476133
0.17654734
0.09647883
0.080174108
0.10298573
0.10107346
0.076329955
0.00018484096
0.08152347
0.00020641541
0.093443328
0.00024158111
0.10431994
0.00030339896
0.11137664
0.0003602265
0.10554076
0.00038631644
0.087233486
0.00039081682
0.072634262
0.00033618845
0.071259954
0.00034998567
0.080398792
0.00040794871
0.08827473
0.00050257018
0.025820449
0.0012287695
-0.070574901
0.0097839001
-0.09462058
0.01210393
-0.094742633
0.012867599
-0.091145461
0.013943696
-0.080953041
0.015257382
-0.063402905
0.016463054
-0.025590589
0.018354136
0.015285584
0.019871333
0.054533285
0.022112775
0.092400557
0.024034329
0.11189305
0.024525873
0.13848326
0.027223446
0.14550936
0.034323295
0.042546549
0.043186129
-0.11727013
0.039531354
-0.074071894
0.033941905
-0.015616886
0.03695517
0.06313759
0.04532148
0.15641263
0.05261804
0.18070251
0.056834878
0.18611269
0.061167439
0.18739078
0.066343574
0.18836991
0.07177847
0.18911067
0.077170575
0.18945222
0.083193063
0.18960183
0.089842808
0.17820987
0.096856038
0.08101284
0.10334412
0.10116759
0.073671522
0.00017595327
0.078715788
0.00019553248
0.090605554
0.00022900833
0.10154592
0.00028931984
0.10835224
0.00034606011
0.10222671
0.00037133774
0.083013947
0.00037438562
0.067750441
0.00031786098
0.066617125
0.00032788542
0.077766148
0.0003717968
0.07550963
0.00048688016
-0.0087781818
0.0049522217
-0.092832125
0.011088623
-0.095685258
0.012020281
-0.095703331
0.012831812
-0.092120318
0.01390073
-0.081888938
0.01521932
-0.064304287
0.016430235
-0.025347525
0.018329132
0.015825785
0.019893536
0.054527614
0.022046669
0.093003251
0.023981737
0.11282451
0.024485391
0.13949771
0.027158864
0.14652493
0.034200504
0.042793734
0.043043799
-0.11840402
0.039521016
-0.074952709
0.034007394
-0.016166345
0.03704069
0.063325808
0.045389735
0.15761585
0.052756468
0.18229593
0.05701893
0.18782014
0.06138194
0.18913795
0.066575115
0.19013592
0.072004139
0.19087713
0.077401165
0.19121114
0.083438476
0.19135798
0.09011614
0.17985506
0.09715852
0.081820752
0.10363972
0.10124524
0.076011678
0.0001765524
0.080917121
0.00019480733
0.092487491
0.00022845418
0.10322854
0.00028837802
0.11015799
0.00034553974
0.10413345
0.0003708241
0.085148181
0.0003750374
0.069905552
0.00032010857
0.068578313
0.00032843159
0.079554495
0.00036835897
0.022262726
0.00049037112
-0.070170453
0.0075895576
-0.095390164
0.011175749
-0.09648237
0.011950476
-0.096600178
0.01280755
-0.093019729
0.013869162
-0.082678595
0.015192108
-0.065080559
0.016405165
-0.02482758
0.018297342
0.016564388
0.01989289
0.05445499
0.021997565
0.093613772
0.023945935
0.11376242
0.024459926
0.14049872
0.02711812
0.14752591
0.034109662
0.043067311
0.042934172
-0.11948666
0.0395263
-0.075829192
0.034053115
-0.016724199
0.037125358
0.063496855
0.045485201
0.15879786
0.0529121
0.18387145
0.057208247
0.18951034
0.061601531
0.19087254
0.066810494
0.19188915
0.072226965
0.19263388
0.077616152
0.19296281
0.083655846
0.19310408
0.090354599
0.18148712
0.097425243
0.082608755
0.10390174
0.081412675
0.0001855931
0.08612872
0.00020489611
0.097402457
0.00023771931
0.10794858
0.00029708305
0.11523182
0.0003554133
0.10919501
0.000381886
0.090768147
0.00038563555
0.076202586
0.0003306212
0.074922445
0.00034232781
0.085493347
0.00038684011
0.032855012
0.00051437306
-0.062147096
0.0066843693
-0.09631198
0.011137571
-0.097381977
0.011909642
-0.097521489
0.012770146
-0.093938536
0.013823939
-0.083464331
0.015142102
-0.065996594
0.016351851
-0.024343565
0.018228583
0.017346173
0.019846795
0.054243472
0.021926384
0.094157848
0.023902432
0.11467224
0.024443327
0.14144683
0.02707781
0.14846016
0.034022753
0.043316022
0.0428375
-0.12054241
0.039546938
-0.076684527
0.03413034
-0.017244686
0.037254189
0.06368792
0.045581341
0.15997451
0.053088133
0.18544015
0.057430235
0.19118938
0.061857677
0.19259281
0.067085764
0.19363289
0.072498672
0.19437974
0.077883967
0.19470308
0.083928427
0.19484378
0.090646408
0.18310911
0.097728738
0.10418951
0.081068373
0.00018657397
0.085719385
0.00020579511
0.096856549
0.0002388229
0.10729477
0.00029828068
0.11427029
0.0003561887
0.10836753
0.00038273426
0.08966554
0.00038741021
0.074861859
0.00033413864
0.073729559
0.00034582066
0.084462265
0.00039455117
0.041369442
0.00050899604
-0.052977939
0.0034379938
-0.097222229
0.010313846
-0.098324675
0.011916949
-0.09849372
0.012710042
-0.094890286
0.013766194
-0.084315472
0.015078818
-0.066905807
0.016281514
-0.023727547
0.018143124
0.018304414
0.019794503
0.054121938
0.021834091
0.094711081
0.023855157
0.11558452
0.024409242
0.14242011
0.027025937
0.1494152
0.03392314
0.043522598
0.042739206
-0.12167058
0.039553482
-0.077563736
0.034223128
-0.017803322
0.03736145
0.063855073
0.045617365
0.16114589
0.053213624
0.18700732
0.0576137
0.19286757
0.062078442
0.19431013
0.067326229
0.19537218
0.072737002
0.196116
0.078132277
0.1964294
0.084195009
0.19657075
0.090941528
0.18471001
0.098043163
0.10448596
0.08761978
0.0001977402
0.092080975
0.00021917816
0.10270675
0.00025266466
0.11273072
0.00031052003
0.11975044
0.00036824915
0.11422048
0.00039484467
0.096471479
0.00040223922
0.082412179
0.00035430858
0.08112906
0.00036815751
0.091275181
0.00042555889
0.097315018
0.0005126602
0.018385739
0.00067392253
-0.085044193
0.0067597094
-0.09942245
0.011896685
-0.099494756
0.012659614
-0.095871531
0.013717549
-0.085225245
0.015028112
-0.067927187
0.016226495
-0.023100373
0.018080731
0.01944225
0.01978063
0.054122542
0.021761977
0.095318139
0.02380841
0.11653474
0.024371209
0.14339032
0.026982566
0.1503648
0.033831169
0.043667855
0.042635359
-0.12284434
0.03952437
-0.078448789
0.034260802
-0.018365152
0.037398318
0.064019852
0.045600855
0.16231459
0.053274203
0.18857142
0.057725266
0.19454956
0.062222457
0.19603747
0.067481442
0.19711588
0.072881156
0.19785685
0.078292326
0.19815731
0.084378544
0.19829024
0.091160642
0.1862932
0.098301394
0.096336934
0.00022580628
0.10022799
0.00024832866
0.10974738
0.00028204993
0.11884241
0.00033966713
0.12578396
0.00039864287
0.1203539
0.00042867004
0.10345152
0.00043892366
0.090485445
0.0003968421
0.089436197
0.00041596994
0.097621638
0.00047840594
0.104321
0.00055642135
0.076960783
0.00065172349
-0.028438686
0.0023965349
-0.10020892
0.01004547
-0.10039841
0.012634609
-0.096794605
0.013680797
-0.086138587
0.014989919
-0.068938629
0.016184762
-0.022597248
0.018031554
0.020443965
0.019769223
0.054166116
0.021717052
0.09594981
0.023780098
0.1175175
0.024354331
0.14433934
0.02695739
0.15129884
0.033767265
0.04383489
0.042553756
-0.1239873
0.039495903
-0.079324704
0.034273334
-0.018931222
0.037411851
0.064165941
0.045583547
0.16345291
0.053316501
0.19011157
0.057807934
0.19621316
0.062330973
0.19775232
0.067594385
0.19885114
0.07297971
0.19959617
0.078403979
0.19988582
0.084509441
0.20000768
0.091324107
0.098505648
0.10021604
0.00023321745
0.10365995
0.00025522644
0.11256263
0.00028999511
0.12114988
0.00034885351
0.1278755
0.00040861707
0.12236094
0.0004399179
0.10576393
0.0004513635
0.09320575
0.00041122754
0.092330766
0.00042925391
0.10029792
0.00048473953
0.10689559
0.0005807782
0.11026377
0.00065828071
0.038945807
0.00075685587
-0.068652642
0.0067468596
-0.10132737
0.01259802
-0.097918548
0.013634163
-0.087296834
0.014937187
-0.070293208
0.016128161
-0.021820508
0.017961738
0.022059777
0.01973907
0.054271603
0.021648045
0.096595638
0.023741432
0.11854628
0.024350831
0.14525022
0.02692149
0.1521785
0.03368309
0.044030686
0.04246474
-0.12505897
0.039478109
-0.080183296
0.03429406
-0.019489162
0.037445759
0.064309442
0.045566775
0.16457305
0.053368882
0.19163397
0.057902811
0.19785747
0.062450494
0.19944815
0.067719202
0.20057128
0.073095264
0.20132065
0.078531433
0.20159997
0.084653978
0.20171376
0.091495131
0.09870355
0.097041098
0.00023097069
0.10081713
0.00025216294
0.11023127
0.00028566507
0.11949583
0.00034393402
0.1265227
0.00040613012
0.12112407
0.00043793022
0.10429296
0.00044910856
0.090980163
0.00040819991
0.089736635
0.00042391941
0.09814456
0.0004766823
0.10500608
0.00057932584
0.10861113
0.00064851261
0.065649355
0.00073095359
-0.039692016
0.00319401
-0.10235548
0.012421112
-0.099013083
0.013582483
-0.088363225
0.014884465
-0.071414409
0.016075457
-0.020833245
0.017911034
0.023979997
0.019759199
0.054743043
0.021593965
0.097417163
0.023699934
0.11972209
0.024317412
0.14628714
0.026859741
0.1531858
0.033553567
0.044301696
0.042324216
-0.12611298
0.039440344
-0.081068778
0.034312851
-0.020086997
0.037480671
0.064428057
0.045491832
0.16568301
0.053397485
0.19314808
0.057986764
0.19949291
0.062557329
0.20113454
0.067831987
0.20228474
0.073207384
0.20303543
0.078668999
0.2033026
0.084816221
0.20341259
0.091684803
0.098911899
0.099069495
0.00022362505
0.10282764
0.00024568031
0.11213733
0.00028085349
0.12137544
0.00034047222
0.12834911
0.00040139314
0.12318194
0.00043167001
0.10660594
0.00044174279
0.093269882
0.00039870627
0.091832495
0.00041159397
0.10008395
0.0004639337
0.10688782
0.00056709199
0.11057915
0.0006380493
0.10777094
0.00071781204
0.0060833582
0.002508451
-0.10053803
0.012406361
-0.09972528
0.0135515
-0.088994387
0.014857929
-0.071921407
0.016053454
-0.020817371
0.017899718
0.024283027
0.019801697
0.055025775
0.021606196
0.098154698
0.023699392
0.12089216
0.024304867
0.14727895
0.026858299
0.15416241
0.033532645
0.044585181
0.042282472
-0.12713264
0.039394217
-0.081946429
0.034303748
-0.02067431
0.037473723
0.064551347
0.045430339
0.16678845
0.053402536
0.19465175
0.058040225
0.20111971
0.062632788
0.20281403
0.067910974
0.20398977
0.073286076
0.20473982
0.078776788
0.20499111
0.084952231
0.20509514
0.091851811
0.099104252
0.095145423
0.00022358804
0.099182743
0.00024732599
0.10899723
0.00028205254
0.11889874
0.00034136945
0.12609421
0.00040251971
0.12103192
0.00043044326
0.10436549
0.00043911048
0.090386661
0.00039662504
0.088594346
0.00041181557
0.097008027
0.0004643418
0.1042602
0.00056708347
0.10816424
0.00063849151
0.078528391
0.00071691746
-0.025985283
0.0024190957
-0.10367318
0.01224335
-0.10044624
0.013520928
-0.089651813
0.014829549
-0.072486425
0.01602432
-0.021147231
0.017870049
0.024176982
0.019798497
0.055204933
0.021557952
0.098840957
0.023684761
0.12208458
0.024327683
0.14825498
0.026814273
0.1551439
0.033410973
0.044841992
0.042153194
-0.12818707
0.039328139
-0.0828368
0.034278381
-0.021274954
0.037453912
0.064666151
0.045377975
0.16788843
0.053399899
0.19614793
0.058077786
0.20274098
0.062690471
0.20449268
0.067967097
0.20569393
0.073333992
0.2064424
0.078842525
0.20667446
0.085039738
0.20676877
0.091970492
0.10463845
0.00031825328
0.10789125
0.0003480727
0.11655493
0.00038777918
0.12503807
0.00045360065
0.13154673
0.00052142566
0.12646001
0.0005618106
0.11015552
0.00058015622
0.097586938
0.00054752232
0.096472431
0.00057678571
0.10437112
0.00064948902
0.11086071
0.00074952229
0.11454356
0.00084769206
0.11270714
0.00093108498
0.0097979958
0.00115805
-0.099657338
0.010658411
-0.10112428
0.013517904
-0.090316896
0.014842473
-0.073088683
0.016041284
-0.021627502
0.017912981
0.023760105
0.019898922
0.055148232
0.021635108
0.099403681
0.023715247
0.12374204
0.024342967
0.14896545
0.026846043
0.15584579
0.033432317
0.044841407
0.042152908
-0.12937116
0.039279301
-0.083699723
0.034254947
-0.021849213
0.037437615
0.064787006
0.045341273
0.16897287
0.053406944
0.19762496
0.058114864
0.2043445
0.062744645
0.20615862
0.068018992
0.2073879
0.073378532
0.20813568
0.078902265
0.20834621
0.085118684
0.092077588
0.10572559
0.00033499381
0.10883075
0.00036685476
0.11725533
0.00040800262
0.12554327
0.00047633272
0.13195622
0.00054866624
0.12688472
0.00059689562
0.11056125
0.00061471807
0.098020289
0.00056568801
0.096940149
0.00060003916
0.10473825
0.00067608666
0.11140032
0.00079737544
0.1152207
0.00088780597
0.11702317
0.00095886321
0.036179905
0.0044716018
-0.072146514
0.010893626
-0.10175519
0.013532728
-0.090949227
0.014857121
-0.073596136
0.016056724
-0.02200612
0.017923629
0.023374706
0.019921054
0.055136123
0.021714891
0.10001654
0.023783818
0.12505643
0.024448252
0.14970825
0.026912127
0.15657184
0.033461764
0.044733085
0.042176548
-0.13066894
0.039244779
-0.084569915
0.034242677
-0.022439161
0.037432892
0.064895634
0.045264813
0.17004524
0.053404075
0.19908835
0.058152223
0.20593476
0.062795258
0.20781462
0.068070345
0.20907618
0.073434464
0.20982078
0.078983509
0.21000964
0.085226903
0.092212029
0.085728893
0.00025406304
0.087063655
0.00027376518
0.095653428
0.0003077904
0.10475911
0.00036937877
0.11137275
0.00043106653
0.10484289
0.00046190036
0.085555437
0.00046255982
0.071204764
0.00039434382
0.070791531
0.00039545901
0.08091347
0.00037740185
0.089811764
0.00077917559
0.09520393
0.0047769632
0.034904395
0.0056497295
-0.066245166
0.0097020021
-0.10363459
0.012422008
-0.10241279
0.013539779
-0.091512623
0.014862262
-0.074019534
0.01606935
-0.022402831
0.017942164
0.022710042
0.019927089
0.054886355
0.021806579
0.10059363
0.023902717
0.12603184
0.024567574
0.15039175
0.027049888
0.15726389
0.033600516
0.04447604
0.042335735
-0.13204569
0.039239179
-0.085424348
0.034221732
-0.023018002
0.037405828
0.06500518
0.045162114
0.17110419
0.053370699
0.20053345
0.058161342
0.20750716
0.062816761
0.20946195
0.068093928
0.21075107
0.073474443
0.21148602
0.079058167
0.21165973
0.085340708
0.081389226
0.00022957661
0.079785607
0.0002331674
0.08757109
0.00025986886
0.095861939
0.00031455755
0.10129954
0.00036976451
0.093609714
0.00040149702
0.072166895
0.00033833769
0.056501642
0.0026376716
0.058831737
0.0037009312
0.071404584
0.0040870294
0.0061318662
0.0049792932
-0.083029229
0.0094053493
-0.10127645
0.010640272
-0.10578365
0.011679768
-0.10657168
0.012480584
-0.10304456
0.013524293
-0.092090281
0.014839748
-0.074461294
0.01604219
-0.022826564
0.01789974
0.022066384
0.019861131
0.054646997
0.021784247
0.10112735
0.023974198
0.12697592
0.024688638
0.15112079
0.027134182
0.15800121
0.033656764
0.04424499
0.04242495
-0.13345132
0.039202766
-0.086294164
0.034193482
-0.023620065
0.037368201
0.065100228
0.0450627
0.17215376
0.05334153
0.20196476
0.058167343
0.20906892
0.062833452
0.21110846
0.068114187
0.21241979
0.073514304
0.21313888
0.079135575
0.085458746
0.083335678
0.00022753427
0.080649788
0.00022545587
0.088011128
0.00025058766
0.095474496
0.00030228924
0.10015482
0.00035548535
0.087856662
0.00059237045
0.015000241
0.0033381444
-0.055291754
0.006131973
-0.063472884
0.007455561
-0.079501249
0.0082567488
-0.096095063
0.0091195433
-0.10388678
0.010000175
-0.10619591
0.010837787
-0.10712346
0.011646902
-0.10725016
0.012444849
-0.10363106
0.013479568
-0.092593138
0.014787672
-0.074783886
0.015984666
-0.023162046
0.017829218
0.021398357
0.019778624
0.054335394
0.021689388
0.10160733
0.023938463
0.12787519
0.024658496
0.15178028
0.02711124
0.15866125
0.033594736
0.043870179
0.042371454
-0.13490037
0.03914062
-0.08714963
0.034166218
-0.024215014
0.037328273
0.065195994
0.044952189
0.17318974
0.053298527
0.20337629
0.058168232
0.2106171
0.062847305
0.2127468
0.068132763
0.21408197
0.073551738
0.21478237
0.079208829
0.085572112
0.089133132
0.00072264428
0.087004405
0.00075021358
0.09418316
0.00082800276
0.10104654
0.00093238538
0.09697897
0.001035134
-0.0080142747
0.0017716115
-0.09769766
0.0065420432
-0.087414254
0.0073069292
-0.083419855
0.0078856516
-0.091483853
0.0085943905
-0.1007097
0.00922487
-0.10531428
0.009984833
-0.10677363
0.01082706
-0.10765626
0.011607132
-0.10779515
0.012415694
-0.10415299
0.013445729
-0.093024877
0.014752705
-0.07504457
0.015947833
-0.02350356
0.017791738
0.020705978
0.019744013
0.053977023
0.021634865
0.10203094
0.023921958
0.12868857
0.024642863
0.15243025
0.027102263
0.15932634
0.033556511
0.043578801
0.042323417
-0.13632703
0.039060909
-0.088021717
0.034116456
-0.024834686
0.037260944
0.065274515
0.044839204
0.17421213
0.053239069
0.20477037
0.058144347
0.21215485
0.062836906
0.21438434
0.068123599
0.21573461
0.073558053
0.216409
0.079245976
0.085651016
0.098252219
0.0012347681
0.091786458
0.0013318408
0.09107374
0.0014065095
0.098961118
0.0015067055
0.10671575
0.0016538086
0.090896745
0.0018251825
-0.02459723
0.0025380946
-0.1039774
0.0066879473
-0.089528169
0.0073017422
-0.085114454
0.0079198242
-0.092239848
0.0086142565
-0.10112244
0.0092185894
-0.1058259
0.0099838653
-0.10733659
0.010824075
-0.10820367
0.011604287
-0.10833088
0.012414831
-0.10468389
0.013446538
-0.093496577
0.014758324
-0.075381527
0.015956938
-0.02394958
0.017808825
0.020041673
0.019793486
0.053667219
0.021655177
0.10244927
0.02395542
0.12946935
0.024674065
0.15311825
0.027136904
0.15999886
0.033567708
0.043345097
0.042325775
-0.13767868
0.039004321
-0.088887742
0.034071456
-0.025455542
0.037208954
0.065348913
0.044758753
0.17521697
0.053209756
0.20613994
0.058137674
0.21367897
0.062843081
0.2160195
0.068131375
0.2173798
0.073575065
0.21802283
0.079287242
0.21814717
0.085726697
0.092854599
0.098867904
0.0014392649
0.092277126
0.0015557205
0.091463031
0.0016522242
0.099292854
0.0017710802
0.10734039
0.0019243596
0.10599379
0.0021163864
-0.0081314587
0.0032543329
-0.10465989
0.0067025505
-0.089940377
0.0073067555
-0.085415082
0.0079334053
-0.092489882
0.0086242119
-0.10149363
0.0092303056
-0.10633825
0.0099978682
-0.10785573
0.010841247
-0.10872084
0.011625529
-0.10885104
0.012437066
-0.10519714
0.013473018
-0.093930696
0.014795399
-0.075624561
0.016003949
-0.024503374
0.017875029
0.019417369
0.019903365
0.05338068
0.021738932
0.10287315
0.024052767
0.13024787
0.024769039
0.15386915
0.027228492
0.16070879
0.033641014
0.04316917
0.04239595
-0.13894132
0.038984462
-0.089734583
0.0340576
-0.026062328
0.037196589
0.065423616
0.044687017
0.17619941
0.053203423
0.2074811
0.058165
0.2151869
0.062888287
0.21764214
0.068186329
0.21901703
0.073637648
0.21962781
0.079372017
0.21973729
0.085837826
0.092989416
0.093861151
0.0018548827
0.087209261
0.0019981355
0.085640596
0.0021175205
0.093045599
0.0022665046
0.10074717
0.0024558449
0.060401713
0.0026916362
-0.054910597
0.004568504
-0.10472611
0.0067266021
-0.090451451
0.0073326753
-0.086120457
0.0079591214
-0.093108149
0.0086504753
-0.10203079
0.009262486
-0.10689223
0.010034755
-0.10837535
0.0108837
-0.10924111
0.011674511
-0.10937746
0.012489231
-0.10571743
0.013531383
-0.094401959
0.014865104
-0.075939489
0.016083216
-0.024965401
0.017971178
0.018722311
0.020009478
0.053087111
0.021857537
0.10329433
0.024182594
0.13102
0.024904929
0.15466959
0.027360482
0.16145903
0.033758248
0.043025796
0.042521817
-0.14017494
0.038960365
-0.090583503
0.034042305
-0.026669773
0.037176945
0.065499705
0.04459085
0.17717429
0.053173604
0.20880683
0.05817943
0.21668975
0.062926435
0.21926059
0.068238335
0.22064352
0.073699381
0.22121606
0.079458011
0.22130873
0.085953629
0.093131242
0.09480215
0.0024779449
0.088141224
0.0026750288
0.086406592
0.0028414337
0.09341715
0.0030384037
0.10089826
0.003279675
0.045170812
0.0038117275
-0.071744186
0.0056070384
-0.10530102
0.0068009933
-0.091085952
0.0073279927
-0.086729097
0.0080066638
-0.093607196
0.0086905985
-0.10249908
0.0093089764
-0.10740964
0.010086432
-0.10892738
0.010941674
-0.10979805
0.011739965
-0.10993847
0.01255904
-0.10627021
0.013608012
-0.094907538
0.014950827
-0.076299637
0.016175085
-0.025399306
0.018073102
0.018052654
0.020111633
0.052825384
0.021995529
0.10371544
0.024325393
0.13179234
0.025057853
0.15549267
0.027511179
0.16222526
0.03389664
0.042877519
0.042673393
-0.14140779
0.038921568
-0.091436791
0.033998241
-0.027276516
0.037118302
0.065579671
0.044471479
0.1781452
0.053098064
0.21012424
0.058152274
0.21819897
0.06292219
0.22089134
0.068241722
0.22226494
0.0737104
0.22279112
0.079494178
0.22287421
0.0860259
0.093232082
0.088556742
0.0027930315
0.081269325
0.0030152353
0.078842343
0.0032121393
0.088260698
0.0034547936
0.067824337
0.0041163181
-0.036812381
0.0051236947
-0.11919184
0.0062153324
-0.10434238
0.006824324
-0.091767917
0.007362587
-0.087365919
0.0080378363
-0.094142806
0.0087253031
-0.10301493
0.0093512698
-0.10796676
0.010132867
-0.10951053
0.010994277
-0.1103837
0.01179975
-0.11052778
0.012623775
-0.10684787
0.013679763
-0.095432481
0.01503463
-0.076671527
0.016268799
-0.025839262
0.018179928
0.01734586
0.020227223
0.0525401
0.022141742
0.10412562
0.024470252
0.13255683
0.025213564
0.15631233
0.027659602
0.16298776
0.034026469
0.042772243
0.042808893
-0.14257842
0.038879536
-0.092278625
0.033944529
-0.027882294
0.037047336
0.065650614
0.044356292
0.17909066
0.053036311
0.21142221
0.058110351
0.21970812
0.062899277
0.22252671
0.068221818
0.22387864
0.073692779
0.2243572
0.079498232
0.22444156
0.086062823
0.093296327
0.089223105
0.0026195919
0.081694936
0.0028678492
0.080789562
0.0030668691
0.039586912
0.003281147
-0.054650596
0.0039178347
-0.12057222
0.0051620442
-0.11993743
0.0062390882
-0.10360445
0.0068126215
-0.092597283
0.0073972113
-0.087821223
0.0080501787
-0.094536209
0.0087490353
-0.10346107
0.00938214
-0.10850395
0.010165277
-0.11010216
0.011031743
-0.11097017
0.011843873
-0.11111312
0.012671628
-0.10743285
0.013733078
-0.095995498
0.015097987
-0.07709597
0.016341589
-0.026326767
0.018268113
0.016579131
0.020328779
0.052226403
0.022260927
0.10453465
0.024588423
0.1333269
0.02534239
0.15713416
0.027775892
0.16374474
0.034116788
0.042718894
0.042896317
-0.14367537
0.038833329
-0.093115895
0.033900666
-0.028499654
0.036987599
0.065700371
0.044249267
0.18000082
0.052980789
0.21269891
0.058080574
0.22121374
0.062886929
0.22415478
0.068213981
0.22548264
0.073683949
0.22591649
0.07950726
0.22600587
0.086096375
0.093354652
0.10224321
0.0024029644
0.093095952
0.002614667
0.093102104
0.0028047582
0.10197372
0.0030078406
0.056637975
0.0032656232
-0.05895936
0.0040874072
-0.12318501
0.0050282719
-0.10605286
0.00628471
-0.093267905
0.0073760586
-0.087799808
0.0080637936
-0.094427673
0.008770103
-0.10367291
0.0093971827
-0.1089563
0.010182571
-0.11071534
0.011048724
-0.11157743
0.011867531
-0.11171058
0.012697507
-0.1080286
0.013762174
-0.096575249
0.015134208
-0.077538111
0.016384628
-0.026841487
0.018322002
0.015745928
0.020397028
0.051878715
0.022334779
0.10493427
0.024665093
0.13409688
0.025430161
0.15795984
0.02785066
0.16450273
0.034159007
0.042715975
0.042925781
-0.14470008
0.03877646
-0.093953427
0.033857421
-0.029129405
0.036925515
0.065727973
0.044138623
0.18087789
0.052924515
0.21396195
0.058053907
0.22271761
0.062879802
0.22577061
0.068214228
0.2270702
0.073683557
0.22746309
0.079524735
0.22756416
0.086137532
0.11538766
0.0014307845
0.10626185
0.0015813646
0.10875548
0.0017290144
0.11856805
0.0018680751
0.12697058
0.0019905165
0.12970994
0.0022513972
0.047995699
0.0025125352
-0.073278404
0.0034750615
-0.098470687
0.0043943784
-0.087754497
0.0048768839
-0.094432703
0.0070739644
-0.10395722
0.0094786118
-0.10943577
0.010173996
-0.11133632
0.011059731
-0.11219667
0.011878288
-0.11232045
0.012710507
-0.10862583
0.013777074
-0.09713037
0.015154877
-0.077961419
0.016411813
-0.027365616
0.018357229
0.014871822
0.02044494
0.051505278
0.022379237
0.10531962
0.024713512
0.13484789
0.025488741
0.15876715
0.027900266
0.16524168
0.034176182
0.042749295
0.042926563
-0.14569225
0.038703622
-0.094797716
0.033802678
-0.029772482
0.036850294
0.065734733
0.044025678
0.18172766
0.052860504
0.21521858
0.05802081
0.2242242
0.062865608
0.22737823
0.068205257
0.22863918
0.073674157
0.22899051
0.079535783
0.086173342
0.11918396
0.00041870871
0.10866409
0.00043024984
0.11193189
0.00048889957
0.12195823
0.00054871257
0.13217543
0.00063511847
0.14095701
0.00075341171
0.13496048
0.00083766659
0.11340524
0.00086256647
0.092215692
0.00099663995
0.046244719
0.0011213918
-0.047488884
0.0029652555
-0.10218812
0.0052352304
-0.10989564
0.0058792001
-0.11193224
0.010445178
-0.11278952
0.011914358
-0.11290537
0.012713812
-0.10920677
0.013791558
-0.097683904
0.015174517
-0.078365193
0.016435531
-0.027903224
0.01838879
0.013864283
0.020484808
0.051045188
0.022423463
0.1057118
0.024759541
0.13562383
0.025542972
0.15961711
0.027948559
0.16603248
0.034195472
0.042830296
0.042929313
-0.14664093
0.038629287
-0.095640066
0.03374049
-0.030417408
0.036769458
0.065724856
0.043919836
0.18255116
0.052804896
0.21647546
0.057987415
0.22573268
0.062848593
0.22897114
0.068190501
0.23018867
0.073659675
0.23050842
0.07954496
0.086202885
0.12111394
0.00028317859
0.10987221
0.00027435575
0.11332978
0.00029229832
0.12386576
0.0003302189
0.13460888
0.0003999407
0.14390682
0.00048020702
0.13897616
0.00052049093
0.12257869
0.00053814232
0.108183
0.0005044917
0.10526178
0.00051072359
0.11098087
0.00055794054
0.10943356
0.00083171114
0.015648524
0.0012217007
-0.10019512
0.0054506797
-0.11354591
0.010406743
-0.11349306
0.012735138
-0.10982354
0.013801455
-0.09829172
0.015188397
-0.078874229
0.016453392
-0.028514485
0.018409963
0.013044952
0.020516938
0.050714339
0.022464195
0.10599694
0.024802875
0.13629605
0.025597708
0.16036829
0.027997353
0.16672027
0.034214376
0.042851551
0.04293199
-0.14760884
0.038557741
-0.096479518
0.033687195
-0.031063367
0.036694051
0.065696557
0.043812367
0.183351
0.05274703
0.21774038
0.057958663
0.22724006
0.062839534
0.23054148
0.068181851
0.23171787
0.073652121
0.23202041
0.079568892
0.086243607
0.12305076
0.00028705587
0.11151758
0.00027789413
0.11487045
0.00029561029
0.12546983
0.00033365928
0.13639352
0.00040434931
0.14594506
0.0004846553
0.14118763
0.00052498632
0.12502141
0.00054190944
0.11067703
0.00050914126
0.10688695
0.00050963914
0.11479476
0.00057344495
0.1220703
0.00067025146
0.12551478
0.00078074823
0.037221358
0.00097935187
-0.083345196
0.0050009386
-0.1140432
0.011040597
-0.11050249
0.013801356
-0.098979527
0.015196589
-0.07950546
0.016455988
-0.029110667
0.01842261
0.012583153
0.020540182
0.050682169
0.022489234
0.10635044
0.024834003
0.13699316
0.025641098
0.16113226
0.028036986
0.16739764
0.034222214
0.042795455
0.04292356
-0.14863157
0.038480013
-0.097322303
0.03363202
-0.031718157
0.036614223
0.065646166
0.043707273
0.18413497
0.052688625
0.21902373
0.057928375
0.22874448
0.062826851
0.23208507
0.068168916
0.2332283
0.073643985
0.23353542
0.079595266
0.086285009
0.12449915
0.00029138621
0.1126741
0.00028233629
0.11591612
0.0003004618
0.12657037
0.00033910473
0.13766469
0.00041046349
0.14739338
0.0004918996
0.14277895
0.00053282173
0.12678125
0.00055036158
0.11239385
0.00051839767
0.10846268
0.00051837075
0.11642599
0.0005818037
0.12361216
0.00068213463
0.12893909
0.00078977173
0.12788965
0.00086818101
0.040218872
0.0010339634
-0.078248522
0.0073607736
-0.11115064
0.013798827
-0.09970102
0.01520788
-0.080161208
0.016459346
-0.029672135
0.018444889
0.012218305
0.020559922
0.0507521
0.022506229
0.10677487
0.024857019
0.13774004
0.025675
0.16194622
0.028068464
0.16812116
0.034221395
0.042731043
0.042905145
-0.1496611
0.038400011
-0.098161248
0.033573904
-0.032372826
0.036537783
0.065575037
0.043619278
0.18490561
0.052638895
0.22033262
0.05790922
0.23022769
0.062813916
0.2335823
0.068152659
0.23472833
0.073642359
0.23507953
0.079613203
0.086317777
0.12421165
0.00029324054
0.11226748
0.00028371529
0.11534975
0.00030191643
0.1260156
0.00034094687
0.13725422
0.00041252124
0.14705231
0.0004950399
0.14249367
0.00053624347
0.12652985
0.00055398605
0.11197436
0.00052182127
0.10792424
0.00052020438
0.11580142
0.00058456624
0.12322225
0.00068406108
0.12875113
0.00079808324
0.13051823
0.00087193196
0.082021147
0.00096662285
-0.035094287
0.0055523737
-0.11181018
0.013804971
-0.10041893
0.015218836
-0.080794639
0.016470983
-0.030190127
0.018468537
0.011906386
0.020582002
0.050870284
0.022525903
0.10723245
0.024882013
0.13850939
0.025708982
0.16279224
0.028101298
0.16888671
0.0342246
0.042692991
0.042889204
-0.15067638
0.038324723
-0.098996273
0.033520499
-0.03302402
0.036468376
0.065488921
0.043538002
0.18567547
0.052605131
0.22167377
0.05789342
0.23166814
0.06280991
0.2350088
0.068144523
0.23623222
0.073645629
0.23669196
0.079624437
0.086347724
0.122646
0.00029043011
0.11051643
0.00027999056
0.11351149
0.00029795896
0.12425157
0.00033733264
0.1357541
0.00040954776
0.14568664
0.00049249596
0.14112447
0.00053297619
0.12508713
0.00054993275
0.11017618
0.00051635681
0.10597176
0.00051193692
0.11396523
0.00057688759
0.12164306
0.00067431151
0.12734436
0.00079287874
0.12908581
0.00086593353
0.077480195
0.00096197524
-0.039656683
0.0070810769
-0.11253202
0.013815656
-0.10111498
0.015225885
-0.081416191
0.016489017
-0.030719513
0.018478619
0.011580493
0.020609216
0.050986796
0.02254742
0.10768631
0.024908426
0.13927527
0.025746322
0.16364363
0.028136161
0.1696668
0.034228823
0.042655317
0.042874962
-0.15169374
0.038268989
-0.099825206
0.0334849
-0.033670706
0.0364241
0.065407581
0.043527928
0.18645667
0.052618666
0.2230173
0.057915629
0.23305074
0.062846214
0.23636012
0.068177402
0.23774427
0.073680891
0.23836432
0.079656438
0.086408175
0.12019275
0.00028913934
0.10791276
0.00027945786
0.1107124
0.00029653896
0.12146944
0.00033520745
0.1332488
0.00040590074
0.14334084
0.00048913021
0.13872848
0.00052966052
0.12250253
0.00054638836
0.1070892
0.00051235161
0.10269994
0.0005058322
0.11092281
0.00056857559
0.11898926
0.0006714374
0.12491126
0.0007836813
0.12648382
0.00086331782
0.048677425
0.0016669105
-0.069920147
0.010544239
-0.11330443
0.013829236
-0.10179716
0.015234113
-0.082034733
0.016510526
-0.031253888
0.018488397
0.011261762
0.020639011
0.051100709
0.022570375
0.10814266
0.024933522
0.14004587
0.025782031
0.16450089
0.028168479
0.17045366
0.034231245
0.042582734
0.042858181
-0.15274593
0.038230181
-0.10065217
0.033482855
-0.034310596
0.036429113
0.065345593
0.043514079
0.18726104
0.052653593
0.22433363
0.057981108
0.23436944
0.062920839
0.23768127
0.068248975
0.23930095
0.073765515
0.24012983
0.079723241
0.08652
0.12043801
0.00028923154
0.10838211
0.00028014138
0.11083371
0.00029515322
0.12113926
0.00033340173
0.13269876
0.00040325632
0.14273022
0.00048730873
0.13818168
0.0005277065
0.12209638
0.00054460376
0.10656186
0.00051119207
0.10208387
0.00050234318
0.11029182
0.0005647325
0.11847028
0.00066764874
0.12452659
0.00078170072
0.10823239
0.00086293503
-0.0068211997
0.003884738
-0.11557233
0.012698767
-0.11406993
0.013840098
-0.10244604
0.015243581
-0.082631374
0.016527427
-0.031797922
0.018500747
0.010910929
0.020663021
0.051173143
0.022594629
0.10855043
0.024960204
0.14078195
0.025819371
0.16533397
0.02820304
0.17122533
0.034235747
0.04248413
0.042840202
-0.15381173
0.038193158
-0.10146495
0.033488944
-0.034943352
0.036437682
0.065295148
0.043505994
0.18806353
0.052687639
0.22557234
0.058050079
0.23561679
0.063000714
0.23902547
0.068328407
0.24094562
0.073868125
0.24198274
0.079811354
0.24294916
0.086653196
0.094195099
0.12124222
0.00028992897
0.10898697
0.0002804684
0.11128157
0.00029433374
0.12153989
0.00033253446
0.13318861
0.00040231233
0.14334716
0.00048756613
0.13886787
0.00052834045
0.12286084
0.00054548706
0.10719516
0.0005125068
0.10258387
0.0005019711
0.11073095
0.00056569745
0.11901597
0.00066519938
0.12520118
0.00078507764
0.075353104
0.0008635482
-0.045784443
0.005636568
-0.11797423
0.012775185
-0.11476948
0.013839013
-0.10309894
0.015241106
-0.083237694
0.016527905
-0.032348999
0.018497922
0.010549863
0.020672691
0.05122528
0.022609816
0.10893768
0.024980778
0.14150284
0.025853821
0.16614917
0.028234701
0.17197337
0.034234513
0.04231353
0.042816089
-0.15494821
0.038165057
-0.10227604
0.033500887
-0.035567946
0.036451209
0.065250922
0.043525555
0.188857
0.05273386
0.22673953
0.058139654
0.23684119
0.063097837
0.24044855
0.068416721
0.24271152
0.073983908
0.24393309
0.079934217
0.24502546
0.08679709
0.094342377
0.1219786
0.00029366612
0.10937345
0.00028425207
0.11160916
0.00029858449
0.12200284
0.00033712111
0.13395018
0.00040711045
0.14439238
0.00049378422
0.13999693
0.00053532332
0.12402809
0.00055299158
0.10818773
0.00052040918
0.10342515
0.00050896417
0.11159217
0.00057351603
0.11994585
0.00067445629
0.12618369
0.00079623178
0.07045075
0.00087564227
-0.05204995
0.0062489471
-0.11871194
0.012772697
-0.11545723
0.013830975
-0.10376684
0.015233307
-0.083859827
0.016521482
-0.032895233
0.018489015
0.010208445
0.020669746
0.051281571
0.022612796
0.10932892
0.024992042
0.14222638
0.025877972
0.16696604
0.02825741
0.17272321
0.034225749
0.042222289
0.042784555
-0.15592923
0.038126064
-0.10316456
0.033519737
-0.036349734
0.036493309
0.065245194
0.043529259
0.18965553
0.05276585
0.22779535
0.058225308
0.23803571
0.06319208
0.24194646
0.068500995
0.24456309
0.074096136
0.24596016
0.080078712
0.24711663
0.086939651
0.0944709
0.12136267
0.00029167786
0.10863979
0.00028256454
0.11064125
0.00029508458
0.12091523
0.00033338234
0.13301314
0.00040279622
0.14364219
0.00048977028
0.13930358
0.00053056359
0.12339355
0.00054803144
0.10730397
0.00051546009
0.10236906
0.00050123499
0.11061136
0.00056506688
0.11919978
0.00066646871
0.12560249
0.00078938821
0.06227929
0.00087028395
-0.060980186
0.0075573839
-0.11942624
0.01277009
-0.11616242
0.013821243
-0.10444097
0.015223388
-0.084489514
0.016511866
-0.033455823
0.018477502
0.009844551
0.02065909
0.051309832
0.02261208
0.10969653
0.025001481
0.14293203
0.025898928
0.16776071
0.028278962
0.17345034
0.034217417
0.042067048
0.042753145
-0.15698519
0.038072162
-0.10423388
0.033508275
-0.037397421
0.036467386
0.065211408
0.043486897
0.19049834
0.052764112
0.22887323
0.058274909
0.23939121
0.063257393
0.24367592
0.068563263
0.24655729
0.074170731
0.24804171
0.08019678
0.2491643
0.087050711
0.094566215
0.12013721
0.000293962
0.10745266
0.00028354499
0.10913834
0.00029532813
0.11915898
0.00033406193
0.13122578
0.00040484789
0.14186036
0.00049389857
0.1375448
0.00053578291
0.12163449
0.00055403167
0.10522537
0.00052186297
0.10011052
0.00050642601
0.10845971
0.00057078967
0.11730083
0.00067294572
0.1237965
0.00079634783
0.040681007
0.00087665892
-0.083716651
0.0079742189
-0.12013912
0.012757185
-0.11682708
0.013806358
-0.10508822
0.015206991
-0.085070167
0.016494987
-0.033934554
0.018457416
0.0095565706
0.020642943
0.051378028
0.02259399
0.11008671
0.024999313
0.14365794
0.025912944
0.16858727
0.028291219
0.17421727
0.034197473
0.04180683
0.042709992
-0.15828512
0.038032657
-0.10551192
0.033499652
-0.038673055
0.036430933
0.065148639
0.043505375
0.19144581
0.052790495
0.23009006
0.058332282
0.24098412
0.063323217
0.24565146
0.068632424
0.24867371
0.074242063
0.2501367
0.080314428
0.25114817
0.087160635
0.25223672
0.094664973
0.10233437
0.12468986
0.00030265523
0.11114782
0.00029595798
0.11299945
0.00030659835
0.12352462
0.00034524115
0.13625121
0.0004139913
0.14755459
0.00050389069
0.14344435
0.00054607266
0.12783575
0.00056471171
0.11158464
0.00053427365
0.10643936
0.00051906329
0.11443829
0.00058553904
0.12291907
0.00069038317
0.12927363
0.00081682422
0.054214541
0.00091219832
-0.072278832
0.0091142017
-0.12072302
0.012745634
-0.11747906
0.013787786
-0.10578251
0.015186655
-0.085756162
0.016474853
-0.034537263
0.018435071
0.0091772773
0.020627031
0.051381414
0.022573626
0.1104386
0.024991896
0.14435692
0.025915508
0.16937491
0.028291914
0.17494735
0.034165077
0.041601633
0.042652048
-0.15950428
0.038022843
-0.10685792
0.033530221
-0.04006088
0.036456572
0.065061616
0.043527466
0.19240169
0.052854408
0.23136978
0.058422211
0.24271892
0.063422513
0.24774985
0.068747695
0.25080212
0.074359914
0.25217089
0.080467265
0.25304171
0.087303984
0.25396589
0.094800859
0.23709765
0.10249646
0.10870492
0.11814872
0.00031140973
0.10448473
0.00030562964
0.10416501
0.00031540368
0.11355297
0.00035509793
0.12590698
0.00042488728
0.13712719
0.00051688668
0.13290544
0.00056020723
0.11728809
0.00057978712
0.10039609
0.00054880691
0.094966453
0.00053121052
0.10363769
0.00060076565
0.11318431
0.00070513094
0.12005552
0.00083985192
0.0155082
0.0019063617
-0.10901262
0.01126841
-0.12145676
0.012725895
-0.11814681
0.013772767
-0.1064481
0.015170583
-0.086362719
0.016459288
-0.035058854
0.018419198
0.0088246584
0.020619681
0.05138506
0.022558024
0.1107592
0.024984411
0.14503161
0.025918762
0.17015988
0.028295011
0.17568789
0.03413582
0.041413693
0.04259487
-0.16074309
0.038022572
-0.10822766
0.033580278
-0.04146031
0.0365084
0.06496412
0.043565255
0.19334921
0.052946452
0.23271093
0.05854334
0.24457097
0.063564797
0.24992486
0.068915384
0.25290433
0.074524348
0.25413069
0.080638905
0.25485176
0.087470085
0.25563829
0.094959644
0.2382113
0.10267539
0.1088153
0.11972741
0.0003030643
0.1061094
0.00029958749
0.10612666
0.00030087674
0.11560633
0.00033862927
0.12811918
0.00040707481
0.13952129
0.00049994716
0.13541183
0.00054033716
0.11992067
0.00055873853
0.10286643
0.00052568299
0.097079202
0.00049932461
0.10558992
0.00055879833
0.11496016
0.00068496545
0.1015803
0.003020327
-0.020843832
0.0068784617
-0.12179957
0.011871441
-0.12225658
0.012693896
-0.11880704
0.013763909
-0.10710488
0.015161488
-0.086978868
0.016451042
-0.035598965
0.018411541
0.0084531265
0.020616627
0.051365974
0.022554508
0.11105527
0.024984217
0.14568008
0.025928758
0.17090555
0.028304573
0.17638273
0.034115042
0.041215456
0.042546271
-0.16195733
0.038013929
-0.10957782
0.033639396
-0.042822292
0.036565697
0.064870192
0.04358776
0.19428352
0.053039753
0.23412157
0.058674179
0.24653349
0.063729393
0.25213872
0.069105826
0.25494244
0.074703761
0.25598443
0.080807708
0.25656028
0.087642544
0.25723489
0.095125413
0.23921396
0.10285793
0.10623498
0.10891714
0.1026438
0.10956051
0.00027463567
0.095615458
0.00026914241
0.092907814
0.00026139688
0.10144732
0.00029500736
0.11389626
0.00035715874
0.12530014
0.00045216621
0.12096155
0.00049626397
0.10505175
0.00048411844
0.086415669
0.00051019598
0.079666726
0.00036893265
0.092644259
0.002254453
0.057102202
0.0049095376
-0.051148352
0.0076201858
-0.12035829
0.010908754
-0.12292621
0.011874834
-0.12287238
0.012683291
-0.119431
0.013756361
-0.10770371
0.015152815
-0.087500091
0.016443039
-0.036049476
0.018401731
0.0081274384
0.020607612
0.051356894
0.022550382
0.11134677
0.024987471
0.14632872
0.02594492
0.17166023
0.028320734
0.17708709
0.034102384
0.040975363
0.042507014
-0.1632264
0.037995376
-0.11088709
0.033679702
-0.044099551
0.036607943
0.064795703
0.043572113
0.19524073
0.053103047
0.23564076
0.058780199
0.2486007
0.063872818
0.25435919
0.069268117
0.25692182
0.074853891
0.25775299
0.080951847
0.25819931
0.087802829
0.258792
0.095287951
0.24016422
0.10303673
0.10583218
0.10901415
-0.0383099
0.10260937
0.10834352
0.10822297
0.00027237213
0.091802788
0.00025910772
0.091562357
0.00025325146
0.10337774
0.00028854905
0.11861513
0.00035552267
0.13123992
0.00045190728
0.12669423
0.00049597913
0.10905283
0.00048620508
0.090603655
0.00050837472
0.049515221
0.00037336801
-0.040976863
0.002329216
-0.10388277
0.0086289776
-0.11924291
0.010115362
-0.1228493
0.011003147
-0.12347979
0.011853105
-0.12354026
0.012683769
-0.12004775
0.013748543
-0.10833004
0.015143494
-0.08809
0.016434435
-0.036568367
0.018391722
0.0077621266
0.020604204
0.051322742
0.022547513
0.11161989
0.02499327
0.14695628
0.02596296
0.17238092
0.02833879
0.17775461
0.034091651
0.040738514
0.042470885
-0.16444113
0.03796939
-0.11213888
0.033700888
-0.045298657
0.036613616
0.064750771
0.043548932
0.19624021
0.053138096
0.23727029
0.05885546
0.25072792
0.063982682
0.25652076
0.069388744
0.2587885
0.074964182
0.25939918
0.08106965
0.25974475
0.087942413
0.26029035
0.095438437
0.24101656
0.10320462
0.10531466
0.10910224
-0.039054919
0.10257087
-0.060805604
0.10837166
0.11758326
0.12235861
0.0002876043
0.10754755
0.00027308707
0.1074158
0.00027072879
0.11757365
0.00030844528
0.13090658
0.00038042282
0.14278545
0.00047921237
0.13898194
0.00052144545
0.12379761
0.00053931191
0.10631692
0.00050939622
0.10009963
0.00047675092
0.01706051
0.00055484867
-0.093235989
0.004537534
-0.12058268
0.008794188
-0.12339387
0.010996929
-0.12408269
0.011839627
-0.12417407
0.012678888
-0.12066951
0.013739897
-0.10894118
0.01513364
-0.088624001
0.016425271
-0.037014809
0.018381497
0.0074501084
0.020597459
0.051314653
0.022539893
0.11191449
0.02499556
0.14760655
0.025978825
0.17313347
0.028353391
0.17845734
0.034078468
0.040488625
0.042431845
-0.1656967
0.037944309
-0.11334393
0.033718009
-0.046397697
0.036618331
0.064760777
0.043535274
0.19733553
0.053171531
0.23902209
0.058925854
0.25287676
0.064084067
0.25859595
0.069496001
0.26055641
0.075060277
0.2609697
0.08117826
0.26124083
0.088069668
0.26176506
0.09557802
0.24183129
0.10335234
0.10475374
0.10916835
-0.039809094
0.10252663
-0.060981392
0.10839976
-0.061013981
0.11761376
-0.061047148
0.12761085
0.13845713
0.13559577
0.00028194419
0.12332853
0.00029290946
0.10637017
0.00027720429
0.10710915
0.00027638867
0.11948645
0.00031563481
0.13497797
0.00038923835
0.14816983
0.00049020907
0.14444794
0.00053367168
0.1289609
0.00055288114
0.11117479
0.0005246553
0.1047659
0.00049434584
0.11259925
0.00053473872
0.039681654
0.00074063099
-0.081822825
0.0041605878
-0.12411108
0.0090805106
-0.12474154
0.011848101
-0.12477948
0.012664694
-0.12127944
0.013732691
-0.10956987
0.015125545
-0.089216609
0.016417821
-0.037529982
0.018373882
0.0070815931
0.020593999
0.051260753
0.022533921
0.11215527
0.02499775
0.14820718
0.025992597
0.17383124
0.028363616
0.17911152
0.034060684
0.040288293
0.042385551
-0.16683516
0.037916408
-0.11448956
0.033740323
-0.047426402
0.036636766
0.064846339
0.043499076
0.19855025
0.053207939
0.24086055
0.059000834
0.25497073
0.064186936
0.26052085
0.069599084
0.26218845
0.075151946
0.26244074
0.081283042
0.26266378
0.088189296
0.26319215
0.095707599
0.24256301
0.10347733
0.10409251
0.10920825
-0.04059456
0.10247693
-0.06115311
0.10842785
-0.061185622
0.11764422
-0.061218757
0.12764391
0.138493
0.13863117
0.00029751662
0.1268967
0.00030916177
0.11040176
0.00029276103
0.11084567
0.00029544424
0.1225925
0.00033696541
0.13748883
0.00041376328
0.15034374
0.00051573852
0.14681768
0.00056142074
0.13181367
0.00058404283
0.11444158
0.00056140913
0.10744413
0.00053642157
0.11708708
0.00062198846
0.1246487
0.00063993213
0.054265912
0.00088943962
-0.079229074
0.0041021913
-0.12538742
0.0083440683
-0.12535328
0.012668433
-0.1218684
0.013725061
-0.11014555
0.015116612
-0.089714934
0.016410293
-0.03795028
0.018364296
0.006768411
0.020584506
0.051241459
0.022526062
0.11240503
0.024998092
0.14880353
0.02600659
0.17453798
0.028379405
0.1797803
0.034045234
0.040066973
0.042339905
-0.1680198
0.037879559
-0.11559952
0.03375
-0.048352861
0.036633474
0.065067808
0.043476941
0.19994487
0.053240581
0.24275651
0.059067422
0.25696097
0.064269633
0.26229374
0.069673964
0.2637164
0.075220282
0.26385304
0.081368737
0.26405564
0.08829085
0.26460596
0.095821155
0.24326945
0.10358978
0.1034118
0.10923626
-0.041373784
0.10242453
-0.061320711
0.10845589
-0.061353171
0.11767467
-0.061386264
0.12767693
0.13852884
0.15816365
0.00029266496
0.15256438
0.00030762284
0.14103939
0.0003213587
0.12463262
0.00030819636
0.12560554
0.00031298969
0.1370452
0.00035477402
0.15141545
0.00042998342
0.16442714
0.00053305367
0.16132885
0.00058063752
0.14715852
0.00060586294
0.13109941
0.00058813228
0.12432546
0.0005667604
0.13131114
0.00063125163
0.13926261
0.00073009948
0.14585183
0.00086112116
0.094840216
0.0009656991
-0.038952352
0.0029827967
-0.12568475
0.011164256
-0.12244879
0.013715805
-0.11074766
0.015111909
-0.090283915
0.016400789
-0.038457435
0.018353474
0.0063982987
0.020586195
0.051182271
0.022521343
0.11263579
0.025001262
0.14938189
0.026020985
0.17521053
0.02839401
0.18040911
0.034030975
0.039855729
0.042296545
-0.16913658
0.037845427
-0.11666899
0.033755723
-0.04917294
0.036628501
0.065482387
0.04346346
0.2014888
0.053275848
0.24459331
0.059136051
0.25876301
0.064347346
0.26388716
0.069741643
0.26512729
0.075285053
0.26519041
0.081450579
0.26539835
0.088386452
0.26598335
0.095926924
0.24388773
0.10369137
0.10262578
0.10924924
-0.042182151
0.10236897
-0.061484155
0.10848391
-0.061516536
0.11770507
-0.061549607
0.12770993
0.13856463
0.15365971
0.00029468341
0.14780385
0.00030899305
0.13607391
0.0003219645
0.11941034
0.00030638977
0.11993584
0.00031065913
0.1314693
0.00035330013
0.14630911
0.00043137333
0.15945431
0.00053725466
0.15641453
0.00058527116
0.14233911
0.00061083364
0.12580228
0.0005931211
0.11865794
0.00056882085
0.12587466
0.0006331271
0.13429471
0.00073380746
0.14147226
0.00086620059
0.14162321
0.00094450513
0.041134714
0.0010591825
-0.091619747
0.0071616359
-0.12297476
0.013703449
-0.11133504
0.015117108
-0.090802822
0.016389966
-0.038887935
0.018370545
0.0060913281
0.020568149
0.05116247
0.0225154
0.11288516
0.025003782
0.14997695
0.026036181
0.17591029
0.02840915
0.18106901
0.034018492
0.039615671
0.042255086
-0.17031313
0.037806231
-0.1177099
0.033764422
-0.049817643
0.036633627
0.066136478
0.043447151
0.20311892
0.05330979
0.24629113
0.059196673
0.26037253
0.064413921
0.26535839
0.069800244
0.2664924
0.075346812
0.26651724
0.081530869
0.26674477
0.088480485
0.26736739
0.096030509
0.24448694
0.10379072
0.10182204
0.10925526
-0.042982164
0.1023122
-0.061643324
0.10851191
-0.061675648
0.11773544
-0.061708678
0.12774289
-0.061744366
0.1386004
0.15038138
0.15676263
0.00029354959
0.1507023
0.00030757585
0.13832573
0.00032006536
0.12088658
0.00030469255
0.12175258
0.00030850186
0.1339667
0.00035130005
0.14950027
0.00042881996
0.16314292
0.00053456948
0.16018389
0.00058220713
0.14611532
0.0006078779
0.12941695
0.00059103104
0.12196601
0.00056468435
0.12894158
0.00062821552
0.13729935
0.00072768419
0.14460816
0.00086168366
0.14576522
0.00094083201
0.100492
0.0010326251
-0.029582621
0.0046597168
-0.12344203
0.013697141
-0.11192553
0.015105086
-0.091364336
0.016380551
-0.039415435
0.01836187
0.005690124
0.020580549
0.05107694
0.022509482
0.11309243
0.025005739
0.15054186
0.026050332
0.17657358
0.028421281
0.18169521
0.03400207
0.039383331
0.042209784
-0.17143236
0.037765132
-0.118715
0.033763818
-0.050245347
0.036622682
0.067073153
0.043453651
0.20470298
0.053351097
0.24772839
0.059245301
0.26176649
0.064463717
0.2667111
0.069843418
0.26779172
0.07539696
0.26779876
0.081600788
0.26805719
0.088565792
0.26871964
0.096126486
0.24500447
0.10388972
0.10093145
0.10925766
-0.043798411
0.10225434
-0.061798286
0.10853987
-0.061830546
0.1177658
-0.06186354
0.12777581
-0.061899194
0.13863612
0.15491733
0.00030200364
0.148864
0.00031681696
0.13678928
0.00033039289
0.11960656
0.00031502659
0.11993915
0.00031981646
0.13168818
0.00036356276
0.14701134
0.00044162796
0.16046351
0.00054842381
0.15759082
0.00059785229
0.14374688
0.00062569632
0.12684596
0.00061210437
0.11933798
0.00058761799
0.12625329
0.00065237227
0.13489294
0.00075297959
0.14246514
0.00088703458
0.14363376
0.00096814985
0.098788152
0.0010574545
-0.030663702
0.002930599
-0.12404686
0.010837146
-0.11239931
0.015060453
-0.091708789
0.016432913
-0.039779256
0.01836159
0.0052899985
0.020559293
0.050991819
0.02250266
0.1132959
0.025005158
0.15110983
0.026062737
0.17725606
0.028432399
0.18234411
0.033986234
0.039073757
0.042164722
-0.17267673
0.037726825
-0.11971457
0.033772646
-0.050339048
0.036633018
0.068312514
0.04349559
0.2060845
0.053399462
0.24891414
0.059298116
0.2630518
0.064522515
0.26804479
0.069898829
0.26910168
0.075457654
0.26909648
0.081677621
0.26938484
0.088654635
0.27008134
0.096221366
0.2454846
0.10398159
0.099995099
0.10924618
-0.044615452
0.10219511
-0.061948628
0.10856781
-0.061980816
0.11779612
-0.062013773
0.12780871
0.13867181
0.16637796
0.00030855239
0.16056222
0.00032388785
0.14883618
0.00033813976
0.13196183
0.00032503117
0.1326944
0.00033108156
0.14404274
0.00037490403
0.1587408
0.0004524512
0.1721174
0.00055993395
0.16955922
0.00061044008
0.15626981
0.00063974308
0.14022749
0.00062877214
0.13301348
0.00060538708
0.13931837
0.00067084654
0.14709793
0.00077323513
0.15429722
0.00090799988
0.15531685
0.00099342552
0.15337384
0.0010713703
0.076286321
0.001208875
-0.056973707
0.007769284
-0.11219829
0.015034202
-0.090500816
0.016494385
-0.042647378
0.018367697
0.0051378904
0.020509624
0.050863009
0.02249697
0.11338098
0.025007876
0.15160241
0.02607749
0.17786727
0.028445543
0.18293152
0.033972366
0.038752403
0.042119535
-0.17387503
0.037686421
-0.12070144
0.033784673
-0.049912067
0.036648331
0.069861017
0.043560788
0.20694275
0.053416842
0.24984247
0.059337885
0.26425267
0.064576255
0.26934749
0.069951805
0.27039277
0.075516878
0.27037721
0.081752798
0.27069631
0.088741532
0.2714274
0.09631298
0.24591401
0.10407052
0.099017482
0.10922746
-0.045425653
0.10213598
-0.062093996
0.10859572
-0.062126115
0.1178264
-0.062159052
0.12784158
0.13870748
0.15905936
0.00029809612
0.15294698
0.00031213231
0.14087658
0.00032489261
0.12367196
0.00030924661
0.12390194
0.00031164705
0.13535984
0.00035376711
0.15071448
0.00043127297
0.16442051
0.00054217842
0.16187092
0.00059158211
0.14851075
0.0006185213
0.13174212
0.00060353259
0.12414142
0.00057221472
0.13084937
0.00063567654
0.13942222
0.00073797654
0.14714089
0.00087486094
0.14787829
0.00095737325
0.1484771
0.0010361351
0.07818844
0.0020113709
-0.052575523
0.010454515
-0.11171941
0.015049456
-0.090495049
0.01640523
-0.04401792
0.018425771
0.0048413624
0.02049604
0.050771012
0.022491554
0.11350779
0.025011927
0.15209161
0.026094757
0.17847863
0.028463284
0.18352124
0.033961135
0.038352793
0.042076087
-0.17518751
0.037647856
-0.12173103
0.033792626
-0.048847325
0.036652518
0.071728839
0.043657043
0.20725826
0.053434904
0.25070495
0.059382826
0.26546087
0.064632711
0.27065584
0.070005684
0.27167988
0.07557485
0.27164992
0.081825379
0.27199809
0.088825404
0.27276002
0.096400431
0.24628996
0.10415835
0.097994617
0.10920353
-0.046230703
0.10207711
-0.062236012
0.10862362
-0.062268073
0.11785667
-0.062300981
0.12787442
0.13874311
0.15373301
0.00029900925
0.1470379
0.0003129496
0.13355803
0.0003253404
0.11465326
0.00030793952
0.11490446
0.00030901531
0.12788335
0.00035220748
0.14503854
0.00043098944
0.15967455
0.00054304188
0.15693902
0.00059260145
0.14291434
0.00061976938
0.12484
0.00060530333
0.11632688
0.00057255809
0.12342631
0.00063612418
0.13272073
0.00073637306
0.1409018
0.00087564214
0.14196073
0.00095562591
0.11888468
0.0010424088
-0.0052350965
0.0022276992
-0.12160837
0.013300138
-0.11373193
0.015114613
-0.091191264
0.016328836
-0.04324706
0.018409314
0.0042176729
0.020527834
0.050676191
0.022487123
0.1136993
0.025015528
0.15258745
0.02611035
0.17907957
0.028477997
0.184097
0.033946673
0.03792986
0.042029034
-0.17650561
0.037612701
-0.12280167
0.033812269
-0.047782455
0.036683506
0.073597656
0.043760682
0.20752044
0.053467021
0.25157145
0.059445224
0.26667616
0.064710521
0.27196382
0.070083288
0.27296231
0.075654631
0.27291585
0.081917343
0.27329218
0.088924299
0.27408299
0.096496478
0.24660846
0.1042433
0.096916962
0.10916743
-0.047033899
0.10201806
-0.062374754
0.10865148
-0.062406754
0.11788692
-0.062439621
0.12790722
0.16370139
0.00030930745
0.15747277
0.0003241163
0.14501471
0.00033973352
0.127031
0.00032580526
0.12716596
0.00033109408
0.13901028
0.00037480867
0.15488985
0.00045168205
0.16899867
0.00056337546
0.16663811
0.00061504026
0.15339841
0.0006451417
0.1364001
0.00063514084
0.12834296
0.00060748304
0.13480683
0.00067345342
0.14321373
0.00077413564
0.15093388
0.00091476693
0.15180346
0.00099802042
0.14334386
0.0010744194
0.013793407
0.0014338581
-0.12098876
0.011429152
-0.11492457
0.015075393
-0.093656892
0.016375082
-0.042107136
0.018378318
0.0036689579
0.020514837
0.050590815
0.022477808
0.11387667
0.025016127
0.15307519
0.026123669
0.17967426
0.028490484
0.18466695
0.033930893
0.037471677
0.041980354
-0.17785363
0.037562118
-0.12391165
0.033819892
-0.046718616
0.036692027
0.075520484
0.043792719
0.2078147
0.053439972
0.25245184
0.059468381
0.26789373
0.064757955
0.27326145
0.070136052
0.27423155
0.075720485
0.27416653
0.082002402
0.27456916
0.089023978
0.27538823
0.096597886
0.24687806
0.10434401
0.095809012
0.10914066
-0.047823173
0.10196104
-0.062510187
0.10867932
-0.062542117
0.11791713
0.12794001
0.16409522
0.00030613946
0.15774631
0.00032041398
0.14550122
0.00033271285
0.12781559
0.00031773912
0.12768466
0.0003201543
0.13902758
0.00036377576
0.15475345
0.00044202171
0.16888435
0.00055382149
0.16672836
0.00060255933
0.15388078
0.00063150006
0.13701042
0.00062034747
0.12888885
0.00058637166
0.13527932
0.00065097067
0.14375988
0.00075324179
0.15162132
0.00089537251
0.15241791
0.0009776311
0.15249559
0.0010587908
0.057790383
0.0036183479
-0.077867488
0.011598829
-0.1151952
0.015106787
-0.092257693
0.016323323
-0.043675142
0.01837013
0.0033923283
0.020504944
0.050538748
0.022466942
0.11403513
0.025013305
0.15355461
0.026133949
0.18026551
0.028502133
0.18523265
0.033915383
0.036933013
0.041932128
-0.17929743
0.037495917
-0.12505213
0.033798909
-0.045641088
0.036642315
0.077512824
0.043781996
0.20818507
0.053368815
0.25337555
0.059445392
0.26913877
0.064753404
0.27456133
0.070136313
0.27548529
0.075744907
0.27539783
0.082049464
0.27582782
0.089098384
0.27666951
0.096682645
0.24706078
0.10445167
0.09461684
0.10911763
-0.048617388
0.10190459
-0.06264226
0.10870714
-0.062674133
0.11794732
0.12797277
0.15126463
0.00029697825
0.14511869
0.00031139698
0.1326573
0.00032370913
0.1143307
0.00030851775
0.11299692
0.00030668537
0.1242425
0.00034835264
0.14061315
0.00042247335
0.15511098
0.00053498098
0.15287872
0.00058430741
0.13987278
0.00061228248
0.12171711
0.00060051738
0.11267886
0.00056056039
0.11967584
0.00062303568
0.12946139
0.00072248789
0.13813405
0.0008667702
0.13916603
0.00094572453
0.080001398
0.0010413379
-0.046660565
0.0074190412
-0.12469752
0.013555963
-0.11643889
0.015116815
-0.093637327
0.016306841
-0.043266647
0.01833019
0.0029977053
0.020517558
0.050509512
0.022454211
0.11422658
0.025007964
0.15404508
0.026141007
0.18086687
0.028511122
0.18580593
0.0338964
0.036348208
0.04188091
-0.18080359
0.03742029
-0.1262001
0.033769727
-0.044643446
0.0365872
0.079457497
0.04377733
0.2086425
0.053297361
0.25435929
0.059409535
0.2704315
0.064728878
0.27589275
0.070114432
0.27675881
0.075747607
0.27664444
0.082067462
0.27710014
0.089144729
0.27795689
0.096735535
0.24717676
0.10452859
0.093347901
0.10906157
-0.049414743
0.10184588
-0.062770953
0.10873494
-0.062802763
0.11797749
-0.06283555
0.1280055
0.13888533
0.15789071
0.00029562969
0.15153932
0.00030972634
0.13913679
0.00032127862
0.12099757
0.00030624226
0.11993641
0.00030283121
0.13094419
0.00034379234
0.14699518
0.00041615626
0.16142904
0.0005295724
0.15936544
0.0005791049
0.14658972
0.00060712252
0.12875003
0.00059627204
0.11970712
0.00055495374
0.12631671
0.00061635599
0.13556578
0.00071319648
0.14395796
0.00085745254
0.14459793
0.00093540946
0.05101059
0.0011447633
-0.084547967
0.010451353
-0.12768246
0.013651423
-0.1159459
0.015056075
-0.095133011
0.016329356
-0.043224625
0.018274756
0.0026073862
0.02050244
0.050455561
0.022440181
0.11439803
0.025002276
0.15452617
0.026145698
0.18145731
0.028516504
0.18637017
0.033875275
0.035790263
0.041828172
-0.18226918
0.037339445
-0.12737965
0.033734294
-0.043731506
0.03653122
0.081363306
0.043815176
0.20912536
0.053255657
0.25535992
0.059382996
0.27173437
0.064703378
0.27722623
0.070084962
0.27802869
0.075732699
0.27788523
0.0820602
0.27836467
0.089160425
0.27923487
0.096752394
0.24723819
0.10456994
0.092038118
0.10897059
-0.050197806
0.10178569
-0.062896213
0.10876272
-0.062927952
0.11800763
-0.06296072
0.1280382
0.13892081
0.15705128
0.00030499227
0.15043453
0.00031977232
0.13767103
0.0003313465
0.11911956
0.00031560649
0.11799281
0.00031224601
0.1293103
0.00035436104
0.1458883
0.00042888292
0.16066734
0.00054362953
0.15865009
0.00059472831
0.14584001
0.0006247594
0.12768813
0.00061712586
0.11832777
0.00057846796
0.12503754
0.00064053708
0.13454106
0.00073716004
0.14315609
0.00088075891
0.13981706
0.0009601409
0.012964689
0.001159679
-0.12440804
0.0088147002
-0.12828325
0.013642554
-0.11647442
0.015036882
-0.095652066
0.016328746
-0.043600527
0.018280447
0.0022955161
0.020517864
0.050429581
0.022424893
0.11456846
0.024995892
0.15500039
0.026149274
0.18204742
0.028520625
0.18694238
0.033852309
0.035229868
0.041771665
-0.18377104
0.037271476
-0.12860876
0.033712571
-0.042909084
0.036507699
0.083222953
0.043943806
0.20963919
0.053288404
0.25638809
0.05941422
0.27305846
0.064726501
0.27856651
0.070094074
0.27929765
0.075735982
0.27912156
0.082063025
0.27962215
0.089167133
0.28050185
0.096746374
0.24722162
0.10457453
0.09065686
0.10884167
-0.050973982
0.101725
-0.063018018
0.10879047
-0.063049702
0.11803775
-0.063082432
0.12807088
0.17134673
0.00032687497
0.16507458
0.00034322461
0.15290823
0.00035754605
0.13481043
0.00034419067
0.13404451
0.00034545365
0.14486898
0.00039022682
0.16054927
0.00046769919
0.17499845
0.000584471
0.17333279
0.00063935517
0.16111786
0.00067410316
0.14418865
0.00067264452
0.13536665
0.0006428454
0.14132003
0.00070909015
0.1496108
0.00080840865
0.1575827
0.00095278222
0.15798457
0.0010387035
0.096886155
0.0011311793
-0.042299178
0.0034933031
-0.12859788
0.0078274756
-0.11687712
0.014460155
-0.096021204
0.016397222
-0.044083528
0.018170527
0.0017050021
0.020509523
0.050297385
0.022409912
0.11475023
0.024983891
0.15549391
0.026150106
0.18265773
0.028519969
0.18754629
0.03382308
0.034714828
0.04170838
-0.18524266
0.037218572
-0.12989087
0.033720436
-0.042164352
0.036545786
0.08505005
0.044126681
0.21014047
0.053380526
0.25741526
0.059504259
0.27438095
0.064818906
0.27990603
0.070175357
0.28057847
0.075800312
0.28037104
0.082124024
0.28088697
0.089209558
0.2817754
0.096758723
0.2471844
0.10456611
0.08927854
0.10869231
-0.051718079
0.10166738
-0.063136406
0.10881821
-0.063168028
0.11806784
0.12810354
0.17769656
0.0003272191
0.17140118
0.00034201322
0.15908885
0.00035479166
0.14070227
0.00033861817
0.14026272
0.00034000832
0.15142517
0.00038633802
0.16734399
0.00046805601
0.18201339
0.00058815585
0.18058232
0.00064162789
0.16862379
0.00067565104
0.15219503
0.00067231162
0.14351625
0.0006373538
0.14924372
0.00070348581
0.15721001
0.00080850274
0.16514367
0.00095461565
0.16602584
0.001044767
0.16510229
0.0011271616
0.15177061
0.0012414638
0.027426599
0.0039678231
-0.1083779
0.014477516
-0.098689612
0.01648909
-0.047495792
0.018137181
0.0024068067
0.020397489
0.050356771
0.022396408
0.1146074
0.024974815
0.15579219
0.02614905
0.18312726
0.028519562
0.1880378
0.033797881
0.034146353
0.04164932
-0.18672968
0.037173569
-0.13126161
0.033733462
-0.041387314
0.036580704
0.087003463
0.044221216
0.21062251
0.05341404
0.25841927
0.059565899
0.27567068
0.064901671
0.28120635
0.070261403
0.28182319
0.075887208
0.28158488
0.082216324
0.28211863
0.089295288
0.28302262
0.096822262
0.24712469
0.10461277
0.087927824
0.10858472
-0.052419115
0.10161756
-0.063251126
0.10884592
-0.063282701
0.11809792
0.15720474
0.00030317072
0.14972659
0.00031402382
0.13557328
0.00032344181
0.11527864
0.00030056537
0.11416326
0.00029366615
0.12688499
0.00033839715
0.14550589
0.00041989222
0.16139818
0.00054454815
0.159949
0.00059534086
0.14732579
0.00062393756
0.12863814
0.00061207348
0.11845718
0.00055821176
0.12521895
0.00061971838
0.13519938
0.00072384289
0.14443041
0.00087372974
0.14529968
0.00096010735
0.14655845
0.0016459912
0.094226736
0.0065496862
-0.03572241
0.0096735769
-0.11575997
0.015075824
-0.097615984
0.016362023
-0.050151235
0.018292375
0.00244593
0.020321593
0.050300872
0.022386662
0.11462831
0.024973274
0.15618371
0.026155556
0.18365776
0.028526506
0.18856938
0.033780321
0.033425692
0.041598458
-0.1884272
0.03712155
-0.13271539
0.033738245
-0.040526639
0.036558141
0.089151715
0.044239122
0.21120945
0.053378808
0.25948986
0.059573829
0.27700139
0.06492854
0.28251896
0.070297473
0.28305706
0.075945662
0.28278684
0.082289111
0.28334163
0.089394132
0.2842493
0.096920153
0.24699926
0.10472568
0.086537692
0.10853032
-0.053098991
0.1015744
-0.063362243
0.14688018
0.00029040395
0.13862898
0.00030078292
0.12300829
0.00030815718
0.10073121
0.00028289907
0.098818248
0.00027070013
0.11286776
0.00031374984
0.13350899
0.00039351956
0.15041461
0.00051912442
0.14870439
0.00056858979
0.13536133
0.00059495783
0.11443193
0.00058050269
0.10247569
0.00051855656
0.10987812
0.00057726475
0.12131231
0.0006752359
0.13147261
0.00082803787
0.11585184
0.00091619786
-0.0011665719
0.0059446461
-0.12038957
0.012227582
-0.12795203
0.013558808
-0.11859256
0.015101299
-0.097735766
0.016261092
-0.048040771
0.01831914
0.0012094155
0.020376265
0.05014665
0.022376816
0.11493913
0.024973685
0.15669079
0.026164869
0.18424755
0.028535239
0.18913625
0.033763048
0.032620702
0.041548546
-0.19023575
0.037063399
-0.13420704
0.033733868
-0.039654489
0.036522259
0.091384845
0.04427947
0.21189509
0.053353687
0.26063393
0.059579727
0.27839226
0.064941701
0.28387221
0.070313059
0.28431661
0.075981474
0.28401311
0.082338678
0.28458715
0.089476458
0.28548584
0.097007139
0.2468083
0.10483753
0.085082492
0.15351868
0.00030085377
0.14545345
0.00031268116
0.130264
0.00032189119
0.10842379
0.0002996465
0.10666582
0.00029039744
0.12020115
0.00033445637
0.14012323
0.00041312768
0.15665102
0.00053685648
0.15514831
0.00058783264
0.14221139
0.00061706401
0.12205556
0.00060805842
0.11039735
0.0005555301
0.11724376
0.00061556126
0.12785397
0.00071109017
0.13742102
0.00086299171
0.029879083
0.00095274019
-0.10926416
0.0078945819
-0.13369013
0.012575886
-0.13070556
0.013620482
-0.11883991
0.015017701
-0.098191647
0.016281072
-0.046249704
0.018237152
0.00027119356
0.020436391
0.050051351
0.022366348
0.11515997
0.024971349
0.15714794
0.026171934
0.18480394
0.028541346
0.18968187
0.03374349
0.031801657
0.041496472
-0.19204751
0.037000747
-0.13573739
0.033730857
-0.03883987
0.036504006
0.09361375
0.044364957
0.21260736
0.053362701
0.26179799
0.059606786
0.27979721
0.064971762
0.28523202
0.070338705
0.28558348
0.076014452
0.2852463
0.08238058
0.28583719
0.28672314
0.16613267
0.00031078809
0.15885964
0.00032393848
0.14505884
0.00033517731
0.12466504
0.00031593347
0.12322145
0.00030928029
0.13550324
0.00035324367
0.15366107
0.00043195201
0.1692799
0.00055581263
0.1681609
0.00060865073
0.15608979
0.00064041973
0.1378686
0.00063544246
0.1273673
0.00058911266
0.13341319
0.00065027781
0.14265091
0.00074939803
0.15154394
0.00089696847
0.080826467
0.0009852717
-0.062351298
0.0040679022
-0.13433014
0.012556707
-0.13116206
0.013609545
-0.11939722
0.014984248
-0.098497314
0.016278827
-0.046379004
0.01820089
-0.00014061171
0.020439065
0.049993721
0.022355217
0.11529923
0.024967048
0.15756376
0.026177035
0.18533485
0.028546091
0.19021359
0.033724067
0.030977643
0.041443773
-0.19387278
0.03693494
-0.13733088
0.03372532
-0.038078696
0.036494954
0.095854744
0.044475751
0.21333867
0.053393995
0.26297202
0.059649123
0.28120027
0.065018263
0.28658079
0.070378129
0.28684165
0.16289957
0.00030769533
0.15535683
0.00031985227
0.14093268
0.00032974304
0.11965591
0.0003073834
0.11797901
0.00029773557
0.13097023
0.00034218937
0.15014935
0.00042357193
0.16627128
0.0005501988
0.16519855
0.00060279151
0.15306046
0.00063354078
0.13442057
0.00062680882
0.12350444
0.00057460742
0.1297254
0.00063346437
0.13935231
0.00073886043
0.14861249
0.00088134762
0.13591206
0.00097203187
0.00099878262
0.0035559245
-0.13451913
0.012550697
-0.13161895
0.013601163
-0.11988922
0.014973126
-0.098932669
0.016269414
-0.046793752
0.018187266
-0.00044953112
0.020429551
0.049907291
0.022344107
0.11540227
0.024962401
0.15795552
0.026181332
0.18585044
0.028551042
0.19073934
0.033704983
0.0301264
0.041390849
-0.19574314
0.036869981
-0.13898945
0.033720379
-0.03734514
0.036485351
0.09814292
0.044579948
0.2141045
0.053424865
0.26416707
0.059693305
0.28260987
0.15716163
0.00030479979
0.14908266
0.00031636757
0.13359182
0.00032557586
0.11083264
0.00030136492
0.10868553
0.00028939796
0.12276293
0.00033391065
0.14348711
0.00041676837
0.16035304
0.00054496963
0.15933066
0.00059775093
0.14687937
0.00062786379
0.12715292
0.00062030979
0.11529766
0.00056329191
0.12176998
0.00062222396
0.13212818
0.00072301792
0.14186274
0.00087352455
0.087717487
0.0009639969
-0.050122506
0.005903935
-0.13517907
0.012556186
-0.13206619
0.013594884
-0.12035877
0.014964948
-0.099381154
0.016261274
-0.047250632
0.018177271
-0.0007834211
0.020419543
0.049784413
0.022335037
0.11546346
0.024958434
0.15831799
0.026186521
0.18633986
0.028556997
0.19124554
0.033686036
0.029223064
0.041338517
-0.19767166
0.03680446
-0.14072225
0.033716185
-0.036626729
0.0364657
0.10051132
0.21491464
0.15769553
0.00030213822
0.149578
0.00031293958
0.13411889
0.00032120195
0.11127945
0.00029585004
0.10890385
0.00028228739
0.12291259
0.00032686221
0.14363911
0.00041008488
0.16042552
0.00053839922
0.15970014
0.00059122909
0.1474141
0.00062083452
0.12765
0.00061289088
0.11560308
0.00055211836
0.1219345
0.00061209222
0.13232144
0.00070584809
0.14212443
0.00086569304
0.068628975
0.0010405832
-0.071268881
0.0089516701
-0.13569554
0.012560489
-0.13250967
0.013589588
-0.12082323
0.014958081
-0.09983498
0.01625438
-0.047723975
0.01816837
-0.0011410581
0.020410104
0.049642838
0.022330414
0.11551689
0.024956621
0.15866971
0.026193446
0.18680661
0.028563972
0.19172705
0.033669515
0.028228756
0.041289166
-0.19970299
0.036733663
-0.14255725
0.15378767
0.00030123899
0.14541929
0.0003126109
0.12950091
0.00032173145
0.10593805
0.00029796921
0.10306354
0.0002848087
0.11750181
0.00032836
0.1389414
0.00040957523
0.15604334
0.00053657183
0.15559838
0.00059026809
0.14328064
0.00062023789
0.12282088
0.0006139081
0.11013588
0.00055299144
0.11666672
0.00061265813
0.12761193
0.00070512016
0.13640759
0.00086500775
0.0090539748
0.0010399599
-0.1308321
0.010792999
-0.13629204
0.012559662
-0.1329508
0.013584978
-0.12126662
0.014952051
-0.10027308
0.01624813
-0.048195742
0.018159948
-0.0015085796
0.020400784
0.049487212
0.022326296
0.11556258
0.024956809
0.15901681
0.026202726
0.187262
0.028572558
0.19219766
0.033655483
0.027153377
0.15908807
0.00030295765
0.15108307
0.00031420094
0.13622335
0.000323309
0.11410162
0.00030080536
0.11134629
0.00028836375
0.12445811
0.00033157106
0.14438151
0.00041155751
0.16057034
0.00053668664
0.16042902
0.00059095447
0.14876351
0.00062171132
0.12917268
0.00061756011
0.11693478
0.00055704755
0.1229207
0.00061615768
0.13321354
0.0007078665
0.14294156
0.00086762976
0.021656845
0.0010128387
-0.12251168
0.010836355
-0.13669098
0.012553801
-0.13336398
0.013580249
-0.12169905
0.014945704
-0.1007057
0.016241421
-0.048669626
0.01815111
-0.0018905427
0.020390923
0.049310021
0.022323878
0.11558512
0.024958598
0.15934777
0.026214065
0.18769836
0.028582367
0.033643444
0.15676588
0.00029947435
0.14859961
0.00030993529
0.13346093
0.00031824284
0.1109714
0.00029499178
0.10801379
0.00028075347
0.12143791
0.00032353867
0.14187061
0.00040376525
0.15816229
0.00052880462
0.15815758
0.00058303714
0.14654497
0.00061327765
0.1266382
0.00060881243
0.1140803
0.00054472783
0.1201123
0.00060377681
0.13073563
0.00069014443
0.14027734
0.00085760319
0.010947809
0.0024627907
-0.13183235
0.011433307
-0.13714478
0.012536404
-0.1337729
0.013575094
-0.12212158
0.014939143
-0.10112967
0.016234264
-0.049128652
0.018142161
-0.0022600029
0.02038053
0.049138647
0.022322412
0.11560761
0.024961452
0.15966906
0.026226264
0.18812055
0.028592854
0.033633236
0.15494978
0.00030197061
0.14650905
0.00031315602
0.13124144
0.00032263438
0.10850458
0.00030186635
0.10530937
0.00028863252
0.11891125
0.00033065849
0.13971399
0.00040917368
0.15616756
0.00053249641
0.15629966
0.00058815498
0.14470415
0.00061953813
0.12439791
0.00061765115
0.11139929
0.00055548629
0.11753389
0.00061420207
0.1283414
0.00070053854
0.10200141
0.00086627939
-0.038790595
0.0024101391
-0.13765404
0.010885399
-0.13764541
0.012534704
-0.13417495
0.013569065
-0.1225347
0.014931424
-0.10154315
0.016225802
-0.049566963
0.018131582
-0.0026091766
0.020368438
0.048991507
0.022319312
0.11563913
0.024963116
0.15998126
0.02623763
0.18852709
0.028602728
0.033621851
0.16271682
0.00030404924
0.15472275
0.00031523495
0.14054525
0.0003242624
0.11915672
0.00030328945
0.11612038
0.0002887325
0.12842801
0.00033057533
0.14761372
0.00040947678
0.16329536
0.00053295501
0.16380287
0.0005901626
0.15281999
0.00062185807
0.13365277
0.00062095392
0.12127742
0.00055805119
0.12681475
0.00061628067
0.13683569
0.0007036447
0.14635675
0.00086730235
0.025757784
0.0016548726
-0.1201356
0.010898083
-0.13792773
0.012533562
-0.13456495
0.013561711
-0.1229456
0.014922627
-0.10195779
0.016216414
-0.049995469
0.01811966
-0.0029432338
0.020355484
0.04886116
0.11568427
0.16029946
0.18893557
0.1568842
0.00030272307
0.14838908
0.00031351607
0.13290026
0.00032156941
0.10966798
0.0002981566
0.10610733
0.0002809136
0.1198112
0.00032313317
0.14078509
0.00040411687
0.15753053
0.00052959013
0.15827195
0.00058775586
0.14693365
0.00061903162
0.12665185
0.00061741566
0.11333915
0.00054989605
0.11926907
0.00060808875
0.13013515
0.00069275046
0.12441683
0.00086251321
-0.01307408
0.0024020352
-0.13759543
0.011603586
-0.13837381
0.012520514
-0.13494873
0.013554393
-0.12333153
0.014914436
-0.10234997
0.016207821
-0.05043272
0.15931725
0.00030318016
0.15075176
0.00031366964
0.13515776
0.00032207072
0.11176606
0.00029830244
0.10810586
0.00028175908
0.12180551
0.00032445817
0.1427691
0.00040535115
0.15954277
0.000530924
0.16055129
0.00058973459
0.14934763
0.00062126291
0.12906725
0.00061994201
0.11562139
0.00055180248
0.12140947
0.00061022541
0.13213237
0.00069343229
0.12288729
0.00086677473
-0.017590829
0.0029957367
-0.13882334
0.011635264
-0.13879532
0.012506796
-0.13532952
0.013547476
-0.12370181
0.014906723
0.016199504
0.15850703
0.14987476
0.13423026
0.11068223
0.10672491
0.1203916
0.14142911
0.1583887
0.159696
0.00059596079
0.14853553
0.00062884024
0.12803038
0.00062917885
0.11437632
0.0005640733
0.12020359
0.00062308753
0.13112491
0.00070832493
0.1098545
0.0008799228
-0.032675096
0.0025141067
-0.13930088
0.011624065
-0.1391829
0.012503594
-0.13571632
0.01354061
-0.12408108
0.01489913
0.016191258
0.16225673
0.15167014
0.0006249144
0.13189941
0.00062534226
0.11879176
0.00055876909
0.12436813
0.00061657142
0.13494269
0.00070422509
0.13780195
0.00087645814
-0.00076727687
-0.13956247
-0.13955366
-0.13611089
-0.12447243
0.14207614
0.12134625
0.00059117677
0.10760417
0.00051373642
0.11354654
0.00056103308
0.12522153
0.11019085
0.095281599
)
;

boundaryField
{
    Side
    {
        type            empty;
    }
    Inlet
    {
        type            calculated;
        value           nonuniform List<scalar> 0();
    }
    Airfoil
    {
        type            calculated;
        value           nonuniform List<scalar> 0();
    }
    Outlet
    {
        type            calculated;
        value           nonuniform List<scalar> 0();
    }
    procBoundary37to5
    {
        type            processor;
        value           nonuniform List<scalar> 
94
(
-0.11055551
-0.10962031
-0.11049712
-0.11407407
-0.11524141
-0.097516944
-0.087834136
-0.087120223
-0.0841231
-0.0902235
-0.093287901
-0.00021650622
-0.083087494
-0.082209946
-0.00019711387
-0.078639248
-0.00018442533
-0.08241108
-0.079437562
-0.08234249
-0.088608189
-0.087958041
-0.094635555
-0.10211917
-0.10589207
-0.10325497
-0.10527721
-0.10209428
-0.11069382
-0.11171279
-0.092346652
-0.088133165
-0.090884089
-0.096087359
-0.00069624157
-0.10024094
-0.10085614
-0.095264256
-0.096115722
-0.089956122
-0.091038395
-0.10777748
-0.12290069
-0.12813043
-0.13054386
-0.13255778
-0.13409141
-0.13384521
-0.13254696
-0.13026584
-0.13019641
-0.13102934
-0.13198102
-0.13140615
-0.130042
-0.13522994
-0.12751775
-0.12935629
-0.118307
-0.12003528
-0.13273789
-0.00027832271
-0.14182244
-0.14461504
-0.00028386572
-0.16204605
-0.15748829
-0.16097409
-0.15889553
-0.17035998
-0.16298703
-0.15829048
-0.16791248
-0.16816266
-0.15513182
-0.1618718
-0.16121159
-0.17533128
-0.18182747
-0.16186343
-0.15197682
-0.15848292
-0.17064072
-0.16761505
-0.16222573
-0.16277107
-0.15900446
-0.16405084
-0.16187071
-0.16042792
-0.16791368
-0.16234499
-0.16476965
-0.16404609
)
;
    }
    procBoundary37to13
    {
        type            processor;
        value           nonuniform List<scalar> 
82
(
-0.029509467
-0.029593942
-0.02967816
-0.029781634
-0.029911441
-0.030056761
-0.030211883
0.10131919
0.083391284
0.084138073
0.084853937
0.10473611
0.18787567
0.18944145
0.19099731
0.19253361
0.19405963
0.099258422
0.20842915
0.21008648
0.21173568
0.092354808
0.21330081
0.21493007
0.21654415
-0.092751722
0.21823621
0.21983752
0.221426
0.22301251
0.22460785
0.22621139
0.22783439
0.093420742
0.22911623
0.23067202
0.23223391
0.23381432
0.23544232
0.23715958
0.23896852
0.24091128
-0.094040263
0.24447259
0.24653229
0.24853262
0.25042618
-0.10219672
0.23591858
-0.10859505
0.10679408
0.10658097
-0.10267439
-0.037604973
-0.10831535
-0.060625797
-0.11755272
-0.060838256
-0.12757775
-0.13842123
-0.061082983
-0.061254555
-0.061422028
-0.061585325
-0.15034258
-0.061783163
-0.061937952
0.15042014
-0.062049402
-0.062194643
-0.06233653
-0.062475152
0.13877871
-0.062574963
-0.062706956
-0.13884981
-0.062870987
-0.062996123
-0.063117822
0.13895627
-0.063200747
-0.06331539
)
;
    }
    procBoundary37to21
    {
        type            processor;
        value           nonuniform List<scalar> 
54
(
0.12813617
0.10887361
-0.063393748
0.11812797
0.10847049
-0.053767799
0.1015329
0.089532419
0.097058752
0.24656433
0.10489991
0.076053107
0.28646971
0.082425317
0.065070159
0.28792529
0.07042512
0.04465705
0.053436067
0.26538697
0.059726218
0.033707199
-0.035902299
0.036429495
0.041242993
-0.20182558
0.036651202
0.19265399
0.19309851
0.19353111
0.022310915
0.024961807
0.026246137
0.028609741
0.19396875
0.033607357
0.018108196
-0.0033006161
0.020342807
-0.10272459
-0.10312418
0.0031224034
0.011624987
0.012495181
0.013534092
0.014891762
-0.10352287
0.016183268
0.00069033302
0.089748961
0.0040963602
0.00044121077
0.10660683
0.0036504637
)
;
    }
    procBoundary37to41
    {
        type            processor;
        value           nonuniform List<scalar> 
48
(
-0.00025815871
-0.00029497387
-0.00031445756
-0.00032474989
-0.00029895595
-0.00033347996
-0.00037507972
-0.00044193369
-0.00049580852
-0.00054956311
-0.00061111666
-0.00066673366
-0.00064809515
-0.00082000318
0.095580919
-0.00114867
3.0930075e-05
-0.0041188375
-0.014751295
-0.021943349
0.084844257
-0.022403566
-0.026876093
-0.034928098
-0.044194633
-0.040410587
-0.034382048
-0.037094111
-0.045288291
-0.051774392
-0.055548484
-0.059718924
0.16521008
0.16697567
0.16872194
-0.063742185
0.17146058
-0.068908339
0.17402427
0.17581987
-0.074154196
-0.080061238
-0.086568078
0.17883884
-0.093768268
0.16968923
-0.10083403
-0.10054232
)
;
    }
    procBoundary37to53
    {
        type            processor;
        value           nonuniform List<scalar> 
14
(
0.00030533703
0.00031657506
0.00032678659
0.00030679989
0.00029384169
0.00033597137
0.00041245393
0.00053531958
-0.16045228
0.00059207754
-0.15270107
0.00059494857
-0.13250856
0.00057556563
)
;
    }
}


// ************************************************************************* //
