/*--------------------------------*- C++ -*----------------------------------*\
| =========                 |                                                 |
| \\      /  F ield         | OpenFOAM: The Open Source CFD Toolbox           |
|  \\    /   O peration     | Version:  2506                                  |
|   \\  /    A nd           | Website:  www.openfoam.com                      |
|    \\/     M anipulation  |                                                 |
\*---------------------------------------------------------------------------*/
FoamFile
{
    version     2.0;
    format      ascii;
    arch        "LSB;label=32;scalar=64";
    class       surfaceScalarField;
    location    "0.00024";
    object      phi;
}
// * * * * * * * * * * * * * * * * * * * * * * * * * * * * * * * * * * * * * //

dimensions      [1 0 -1 0 0 0 0];

oriented        oriented;

internalField   nonuniform List<scalar> 
6690
(
-0.079985519
-0.00021863373
-0.093445794
-0.00030049622
-0.095485879
-0.00033099539
-0.00036094164
-0.079756254
-0.0002188826
-0.093693182
-0.00030077496
-0.095911468
-0.00033131817
-0.096481011
-0.00036125919
-0.096266085
-0.00039412454
-0.00042887669
-0.079792631
-0.00022005292
-0.093328366
-0.0003022125
-0.095350892
-0.00033274785
-0.095727251
-0.00036258874
-0.095371424
-0.00039483788
-0.094632318
-0.00042925254
-0.09365286
-0.00046562949
-0.00050464104
-0.079138236
-0.00021989205
-0.092855229
-0.00030210995
-0.09494582
-0.00033280391
-0.095329654
-0.00036282954
-0.094936664
-0.00039554418
-0.094098284
-0.00043019783
-0.093121033
-0.0004666481
-0.091885561
-0.00050565194
-0.09040559
-0.00054783003
-0.088646144
-0.00059339948
-0.08659764
-0.0006436587
-0.084190805
-0.00069849761
-0.081457545
-0.00075818829
-0.00082325659
-0.078979278
-0.00022009799
-0.092639052
-0.00030247306
-0.094719987
-0.00033318779
-0.095107044
-0.00036320644
-0.094729553
-0.00039582736
-0.093933744
-0.00043050425
-0.093028852
-0.00046695739
-0.091886593
-0.0005059604
-0.09050484
-0.00054815218
-0.088821051
-0.0005937565
-0.086817605
-0.00064406429
-0.084425356
-0.00069894336
-0.081704342
-0.00075866603
-0.00082372834
-0.078099993
-0.00022039409
-0.091692237
-0.00030321663
-0.093723172
-0.0003339907
-0.094063218
-0.00036402611
-0.09362451
-0.00039666677
-0.092807022
-0.00043125303
-0.091923797
-0.00046772629
-0.090798775
-0.00050680485
-0.089402244
-0.00054908657
-0.087672576
-0.00059479621
-0.085648994
-0.00064521773
-0.083286266
-0.00070021531
-0.080646904
-0.00076001033
-0.077703792
-0.00082512637
-0.00089660717
-0.077255296
-0.00022075794
-0.090702649
-0.00030375111
-0.092715413
-0.00033453659
-0.093043083
-0.00036454414
-0.092633597
-0.00039711922
-0.091832075
-0.00043164229
-0.090925733
-0.00046810885
-0.089827694
-0.00050726066
-0.088537702
-0.000549603
-0.08693426
-0.00059538543
-0.084979695
-0.0006458949
-0.082682686
-0.00070099179
-0.080128963
-0.00076081618
-0.077175434
-0.00082601717
-0.073328988
-0.00089768115
-0.00097661989
-0.076765911
-0.00022155007
-0.08968194
-0.00030450539
-0.091646971
-0.00033524365
-0.091970604
-0.00036523839
-0.091578772
-0.00039759472
-0.090960005
-0.00043201574
-0.090160121
-0.00046851898
-0.089184406
-0.00050775713
-0.087964622
-0.0005502365
-0.086378466
-0.00059617754
-0.084397401
-0.00064684454
-0.082073418
-0.00070209353
-0.079526122
-0.00076203676
-0.076454359
-0.00082739605
-0.072533921
-0.0008991912
-0.067781595
-0.00097809537
-0.062248057
-0.0010651193
-0.056017282
-0.0011606584
-0.049124783
-0.0012650371
-0.041190144
-0.0013799662
-0.031637063
-0.0015079238
-0.0016499316
-0.076896754
-0.00022241899
-0.089745494
-0.00030550315
-0.091634657
-0.00033620995
-0.091858911
-0.00036603206
-0.091363991
-0.00039814001
-0.09065548
-0.00043243344
-0.089746486
-0.00046892635
-0.088642356
-0.00050826558
-0.087261225
-0.00055088849
-0.085548652
-0.00059701581
-0.083528873
-0.00064786478
-0.081212217
-0.00070327774
-0.078656225
-0.00076339286
-0.075684441
-0.00082889675
-0.072049429
-0.00090071714
-0.067624918
-0.0009795859
-0.062369226
-0.0010665654
-0.056394322
-0.0011620353
-0.049691395
-0.0012663327
-0.041766947
-0.0013812854
-0.032007644
-0.0015094516
-0.0016519726
-0.076571593
-0.00022298344
-0.089618361
-0.00030666815
-0.091460338
-0.00033738923
-0.091588511
-0.00036686683
-0.090985888
-0.00039870351
-0.090222058
-0.00043286952
-0.089173912
-0.00046931666
-0.087910806
-0.00050864821
-0.086423606
-0.00055125102
-0.084646546
-0.00059739042
-0.082551397
-0.00064832116
-0.080210937
-0.0007038422
-0.077689364
-0.00076400963
-0.074828275
-0.0008295452
-0.071367418
-0.00090148807
-0.067130152
-0.00098056779
-0.062103687
-0.0010677059
-0.056402411
-0.0011632005
-0.049946611
-0.0012674271
-0.042167231
-0.0013822707
-0.032404262
-0.001510372
-0.02042496
-0.0016529216
-0.00731137
-0.0018118058
0.0049131978
-0.0019856255
-0.0021722365
-0.075552886
-0.0002235445
-0.0888819
-0.00030789756
-0.090585393
-0.00033866673
-0.090516455
-0.0003678296
-0.089853115
-0.00039935019
-0.088951637
-0.0004333852
-0.088004097
-0.0004697891
-0.087066128
-0.00050910188
-0.086029835
-0.00055167338
-0.084549127
-0.00059782334
-0.082628476
-0.00064881241
-0.080433452
-0.00070440681
-0.078126151
-0.00076462457
-0.075340232
-0.00083022594
-0.071654819
-0.00090232205
-0.067125006
-0.00098161293
-0.061987175
-0.0010689286
-0.056342352
-0.0011645511
-0.050065713
-0.0012688217
-0.042541144
-0.0013835176
-0.033007812
-0.0015113813
-0.021272017
-0.0016535756
-0.0085139407
-0.0018118699
0.0033425837
-0.0019850241
-0.0021713858
-0.075010061
-0.00022432133
-0.088159671
-0.00030890645
-0.089838313
-0.00033967746
-0.089678273
-0.00036873927
-0.089014572
-0.00039998303
-0.088176535
-0.00043383306
-0.087283941
-0.00047020778
-0.086367625
-0.00050957754
-0.085337132
-0.00055222443
-0.083842133
-0.00059849899
-0.081913904
-0.00064962889
-0.079735576
-0.00070532662
-0.077383168
-0.00076564883
-0.074550976
-0.00083142119
-0.070947721
-0.00090364178
-0.066567492
-0.00098299763
-0.061531948
-0.0010704406
-0.0559543
-0.001166273
-0.049805474
-0.0012707031
-0.042551135
-0.0013853829
-0.033418566
-0.0015130072
-0.022201914
-0.0016548194
-0.0099043248
-0.0018124518
0.0018214073
-0.0019851426
-0.0021713382
-0.074748114
-0.00022506418
-0.087832416
-0.0003099018
-0.089433203
-0.00034061362
-0.089223739
-0.00036947758
-0.088586194
-0.00040050746
-0.087795426
-0.00043429443
-0.086933706
-0.00047065277
-0.086043259
-0.00051004111
-0.085041705
-0.00055270352
-0.083549038
-0.00059900661
-0.081628068
-0.00065015129
-0.079535264
-0.00070585943
-0.077248107
-0.0007661885
-0.074408234
-0.00083205315
-0.070814336
-0.00090443344
-0.066413752
-0.00098404256
-0.061265212
-0.001071792
-0.055568229
-0.0011679697
-0.049423932
-0.001272639
-0.042343189
-0.0013873687
-0.033508662
-0.0015147244
-0.02268965
-0.0016559785
-0.010836414
-0.001812834
0.00060049994
-0.0019848208
-0.0021710696
-0.074176787
-0.00022577028
-0.087204225
-0.00031093677
-0.088726879
-0.00034163319
-0.088454795
-0.00037026011
-0.087825638
-0.00040111184
-0.087070715
-0.00043481727
-0.086291076
-0.00047115894
-0.085563763
-0.00051055069
-0.084763221
-0.00055321331
-0.083500497
-0.00059952217
-0.081834149
-0.00065060759
-0.079908782
-0.00070625203
-0.077693467
-0.00076652393
-0.074791471
-0.00083241346
-0.070950943
-0.00090496385
-0.06620909
-0.00098492621
-0.060773108
-0.0010730815
-0.054907496
-0.0011696033
-0.048762536
-0.0012744935
-0.041951695
-0.0013892523
-0.033685722
-0.001516378
-0.023661304
-0.001657123
-0.012550753
-0.0018132731
-0.0013722414
-0.0019846115
-0.0021710278
-0.073788216
-0.00022655006
-0.086754214
-0.00031192027
-0.08818962
-0.00034257796
-0.087852111
-0.00037101194
-0.087217979
-0.00040171912
-0.086493118
-0.00043538012
-0.08579273
-0.00047173928
-0.085155973
-0.0005111715
-0.084409093
-0.00055389642
-0.0832478
-0.00060027871
-0.081787759
-0.00065139946
-0.080097088
-0.00070704475
-0.078051032
-0.00076732069
-0.075178224
-0.00083325986
-0.071207061
-0.00090592696
-0.066206191
-0.0009860868
-0.060538378
-0.0010744968
-0.054598747
-0.0011712097
-0.048525861
-0.0012762411
-0.041884522
-0.0013910426
-0.033848535
-0.0015181462
-0.024105446
-0.0016586985
-0.01326661
-0.0018145361
-0.0022368561
-0.0019856453
-0.0021719953
-0.073518069
-0.00022742487
-0.086394718
-0.0003130186
-0.087732686
-0.00034363594
-0.087351716
-0.00037194656
-0.086714744
-0.00040251668
-0.08600963
-0.0004361896
-0.085330315
-0.0004726063
-0.08471984
-0.00051211755
-0.083996709
-0.00055492901
-0.082851847
-0.00060142384
-0.081415365
-0.00065265801
-0.079759348
-0.00070840361
-0.077726246
-0.00076876983
-0.074846588
-0.00083484851
-0.070891604
-0.00090766476
-0.06592861
-0.00098799725
-0.06030313
-0.0010765845
-0.05440533
-0.0011734946
-0.048374234
-0.0012787065
-0.041798289
-0.0013937081
-0.033902673
-0.0015209275
-0.024401813
-0.0016614633
-0.013811346
-0.0018170342
-0.0028903808
-0.0019881401
-0.0021744349
-0.073093362
-0.00022802405
-0.085896122
-0.00031385266
-0.087173126
-0.0003444718
-0.086762436
-0.00037271526
-0.086134066
-0.00040324559
-0.085463178
-0.00043694297
-0.084824115
-0.00047343029
-0.084266033
-0.00051302398
-0.083576264
-0.00055593167
-0.082458931
-0.00060253766
-0.081072378
-0.00065388202
-0.079496331
-0.00070972661
-0.077530986
-0.00077017475
-0.074662225
-0.00083635753
-0.070678212
-0.00090931034
-0.06566489
-0.00098980282
-0.059997853
-0.0010785454
-0.054083503
-0.0011755886
-0.04805193
-0.0012809575
-0.041499619
-0.0013961935
-0.033701198
-0.0015237223
-0.024400273
-0.0016645068
-0.013999095
-0.0018202389
-0.0031734022
-0.0019914423
-0.0021778703
-0.072650891
-0.00022837336
-0.085382578
-0.00031417694
-0.086627913
-0.0003447553
-0.08620971
-0.00037296654
-0.08559801
-0.00040352911
-0.084937194
-0.00043729837
-0.08430358
-0.00047385763
-0.083762594
-0.00051352403
-0.083064321
-0.00055650731
-0.081941257
-0.00060319765
-0.080560691
-0.00065461947
-0.079009249
-0.00071055825
-0.077086483
-0.00077109488
-0.074252612
-0.00083736235
-0.070301733
-0.0009103805
-0.065339906
-0.00099091496
-0.059766935
-0.0010796711
-0.053955706
-0.0011767199
-0.047941182
-0.0012821349
-0.041261816
-0.0013975111
-0.033254924
-0.0015252515
-0.023769095
-0.001666215
-0.013244549
-0.0018221274
-0.0024945309
-0.0019935638
-0.0021798938
-0.072583984
-0.00022898305
-0.085213873
-0.00031472702
-0.086419467
-0.00034521132
-0.086010667
-0.00037331969
-0.085423567
-0.00040381652
-0.08479379
-0.00043760498
-0.084188064
-0.00047418721
-0.083670466
-0.0005138894
-0.082997015
-0.00055690119
-0.081887034
-0.00060363759
-0.080505502
-0.00065510318
-0.078921745
-0.00071109661
-0.07695501
-0.00077170573
-0.074114348
-0.00083808048
-0.07021102
-0.00091119357
-0.065330152
-0.00099181998
-0.059826912
-0.0010806755
-0.054048336
-0.0011778781
-0.048038726
-0.001283398
-0.041386856
-0.0013988182
-0.033487524
-0.0015263736
-0.024176035
-0.0016669961
-0.013796031
-0.0018224336
-0.0030671882
-0.0019938636
-0.0021804553
-0.072405806
-0.00022985859
-0.084962359
-0.00031575251
-0.086096769
-0.00034610782
-0.085677498
-0.00037399346
-0.085105748
-0.00040431124
-0.084519504
-0.00043804313
-0.083968054
-0.00047458675
-0.083517181
-0.00051427346
-0.082918003
-0.00055725934
-0.081874924
-0.00060398503
-0.080567198
-0.00065543399
-0.07906321
-0.00071141539
-0.07713274
-0.00077202081
-0.074274046
-0.00083847234
-0.070327841
-0.00091174456
-0.065380034
-0.00099261035
-0.059780181
-0.001081764
-0.053920869
-0.0011793038
-0.047951262
-0.0012850896
-0.041563238
-0.0014005149
-0.03418614
-0.0015275983
-0.025540422
-0.0016672943
-0.01566202
-0.0018216952
-0.0049284076
-0.0019927641
-0.0021802864
-0.072050373
-0.00023062717
-0.084512891
-0.00031666735
-0.085564104
-0.00034698304
-0.085142691
-0.0003747833
-0.084612745
-0.00040506285
-0.084117278
-0.00043879055
-0.08367976
-0.00047536823
-0.08338359
-0.00051509332
-0.082945035
-0.00055811182
-0.082068509
-0.00060487711
-0.08092492
-0.00065635215
-0.079556914
-0.00071237869
-0.077705637
-0.00077305332
-0.074805667
-0.00083960676
-0.070681936
-0.00091304127
-0.065478842
-0.00099414046
-0.059600039
-0.001083554
-0.053494188
-0.0011813872
-0.047451089
-0.00128747
-0.0413564
-0.0014030457
-0.034704563
-0.0015299863
-0.026979955
-0.001669169
-0.017672678
-0.0018230782
-0.0067682111
-0.0019940444
-0.0021820505
-0.071809968
-0.00023123034
-0.084177466
-0.00031722967
-0.085235296
-0.00034754422
-0.084836481
-0.00037537951
-0.084335613
-0.00040574163
-0.083860339
-0.00043957042
-0.083443416
-0.00047620783
-0.083159472
-0.0005160074
-0.08273098
-0.00055910426
-0.081876859
-0.00060595774
-0.080760413
-0.00065750577
-0.079377702
-0.00071362481
-0.077498978
-0.00077443555
-0.074601329
-0.00084113594
-0.070498062
-0.00091468806
-0.065331973
-0.00099589187
-0.059503307
-0.0010854135
-0.053439269
-0.0011833703
-0.047405618
-0.0012896147
-0.041297003
-0.0014053736
-0.034638188
-0.0015324843
-0.02688739
-0.0016716721
-0.01751573
-0.0018256434
-0.0066271618
-0.001996795
-0.0021850217
-0.071799043
-0.00023215737
-0.084082316
-0.00031821954
-0.08509239
-0.00034851183
-0.084711069
-0.00037640118
-0.084232745
-0.00040678031
-0.083804419
-0.00044066848
-0.083451147
-0.00047737767
-0.083185657
-0.00051726415
-0.082735312
-0.00056048452
-0.081861554
-0.00060746521
-0.080744557
-0.00065913324
-0.079341991
-0.00071540499
-0.077388682
-0.0007764256
-0.07443334
-0.00084333605
-0.070344604
-0.00091704448
-0.065216566
-0.00099835317
-0.059414041
-0.0010879569
-0.053358499
-0.0011859821
-0.047309316
-0.0012924112
-0.041216187
-0.0014085151
-0.034708275
-0.0015359525
-0.027216708
-0.0016753184
-0.018007103
-0.001829328
-0.0070980397
-0.0020005829
0.0067208225
-0.0021886378
-0.0024036567
-0.071502046
-0.00023306928
-0.083683667
-0.00031881012
-0.084643293
-0.00034911211
-0.084214608
-0.00037709786
-0.083720718
-0.00040754971
-0.083299207
-0.00044145481
-0.082967892
-0.00047823658
-0.082666534
-0.00051826869
-0.082137498
-0.00056170183
-0.081220768
-0.00060892751
-0.080063065
-0.00066085322
-0.078540705
-0.00071736123
-0.07646685
-0.00077866661
-0.073498949
-0.00084589035
-0.06950563
-0.00091972759
-0.064571297
-0.0010009112
-0.059042431
-0.0010902149
-0.053211987
-0.0011880327
-0.047176949
-0.0012945454
-0.040901498
-0.0014111753
-0.034191693
-0.0015392805
-0.026618759
-0.001679359
-0.017459683
-0.0018338168
-0.0068109052
-0.0020054634
0.0067091162
-0.0021930712
-0.0024082946
-0.072256965
-0.00023392364
-0.084035726
-0.00031880118
-0.085052454
-0.00034902662
-0.084711346
-0.00037707628
-0.084305793
-0.00040754768
-0.083902341
-0.00044144165
-0.083416786
-0.00047825174
-0.082780111
-0.00051838883
-0.081855456
-0.00056195792
-0.08050963
-0.00060932102
-0.078989457
-0.00066140775
-0.077284775
-0.00071801981
-0.07499236
-0.00077945076
-0.071913231
-0.00084677927
-0.06826051
-0.00092060242
-0.064059833
-0.0010016252
-0.059245819
-0.0010906488
-0.053781368
-0.001188246
-0.047684385
-0.0012946737
-0.041048118
-0.001411447
-0.033902665
-0.0015398735
-0.025974395
-0.0016802744
-0.016587768
-0.0018350968
-0.0060655297
-0.002007038
0.0070486347
-0.0021947458
-0.0024093925
-0.072695989
-0.00023466791
-0.083727532
-0.00031916484
-0.084750159
-0.00034928084
-0.084548224
-0.00037734681
-0.084170724
-0.0004078664
-0.083746402
-0.00044171222
-0.083195629
-0.00047858634
-0.082496588
-0.0005187102
-0.081556688
-0.00056234522
-0.080325845
-0.00060965476
-0.078891368
-0.00066174949
-0.077267285
-0.00071831636
-0.075094896
-0.00077977144
-0.072207844
-0.00084705531
-0.068586323
-0.00092095041
-0.064261318
-0.0010021217
-0.059370039
-0.0010913903
-0.053940789
-0.0011891291
-0.047935456
-0.0012956939
-0.041376466
-0.0014123745
-0.034303827
-0.0015405561
-0.026432789
-0.0016804217
-0.017077747
-0.0018348921
-0.0065547484
-0.0020067585
0.0067474549
-0.0021950664
0.020247843
-0.0024111359
-0.0026345917
-0.07213758
-0.00023522197
-0.083028237
-0.00031977955
-0.084015026
-0.00034982485
-0.083821517
-0.00037775378
-0.083529562
-0.00040826311
-0.083171365
-0.00044208625
-0.082718855
-0.00047899336
-0.0821526
-0.00051907564
-0.081338924
-0.00056271631
-0.080244699
-0.00060999419
-0.078951484
-0.00066210048
-0.077444386
-0.00071864969
-0.075312716
-0.00078013928
-0.072384464
-0.00084748989
-0.068653075
-0.00092155103
-0.064174286
-0.0010028877
-0.059089409
-0.0010923831
-0.053478723
-0.0011903692
-0.047435717
-0.0012971683
-0.04115274
-0.0014137595
-0.034702375
-0.0015414352
-0.027604182
-0.0016803552
-0.018724066
-0.0018340519
-0.0080834601
-0.0020057085
0.005978219
-0.0021947776
0.020180208
-0.0024127751
-0.0026366764
-0.071962937
-0.00023600104
-0.082743234
-0.00032042357
-0.083666743
-0.00035033599
-0.083446075
-0.00037808967
-0.08314532
-0.00040852689
-0.082851395
-0.00044238822
-0.082521572
-0.00047923286
-0.082085703
-0.00051930255
-0.081388773
-0.00056285888
-0.080369055
-0.00061012411
-0.079138115
-0.00066215367
-0.077671047
-0.00071869018
-0.075562401
-0.00078014033
-0.07258201
-0.00084757075
-0.06876785
-0.00092177148
-0.064239722
-0.0010033471
-0.059099397
-0.0010931095
-0.053417067
-0.0011914836
-0.047428289
-0.0012984626
-0.041480636
-0.0014148871
-0.035622244
-0.0015417567
-0.029100235
-0.0016796708
-0.020492283
-0.0018325492
-0.0095886548
-0.0020042982
0.0052507751
-0.0021940573
0.020051506
-0.0024142798
0.032286408
-0.0026386503
-0.0028895214
-0.072167806
-0.00023667574
-0.082857853
-0.00032120823
-0.08371354
-0.00035098288
-0.083452421
-0.00037848529
-0.083191636
-0.00040883095
-0.082982864
-0.00044271991
-0.082766999
-0.00047948874
-0.082478694
-0.00051954695
-0.081936211
-0.00056293242
-0.081059843
-0.00061018037
-0.079997172
-0.00066206771
-0.078643252
-0.00071860471
-0.0765747
-0.00077995811
-0.073515645
-0.00084750454
-0.06950298
-0.00092182233
-0.064669256
-0.0010037027
-0.059143382
-0.001093725
-0.053170711
-0.0011925678
-0.04725138
-0.001299719
-0.041877472
-0.0014159928
-0.036935875
-0.0015417635
-0.031206657
-0.0016784914
-0.022855484
-0.0018304418
-0.011570392
-0.0020026709
0.0044528427
-0.0021931012
0.020274381
-0.0024154468
0.032853161
-0.0026402457
-0.0028916357
-0.071497401
-0.00023716987
-0.082449093
-0.00032219801
-0.083322092
-0.00035189416
-0.08303215
-0.00037916633
-0.082882958
-0.00040949317
-0.082786004
-0.00044338344
-0.082714689
-0.00048010687
-0.082655158
-0.00052014485
-0.082350336
-0.00056345974
-0.081625031
-0.0006105788
-0.080637863
-0.00066227039
-0.079329596
-0.00071884327
-0.077267469
-0.00078016488
-0.074087464
-0.0008478763
-0.069893866
-0.00092232272
-0.064902902
-0.001004656
-0.059220987
-0.0010951636
-0.053076367
-0.0011947195
-0.047157437
-0.0013022431
-0.042225361
-0.0014184257
-0.038159478
-0.0015428592
-0.033191462
-0.001677929
-0.024886154
-0.00182875
-0.013043357
-0.0020016067
0.0040255448
-0.0021932767
0.020575083
-0.0024179218
0.033303533
-0.0026431857
0.045400958
-0.002894794
-0.0031592942
-0.070396103
-0.00023791452
-0.08096421
-0.00032364533
-0.081865374
-0.00035319376
-0.081656743
-0.00038021935
-0.08165703
-0.00041054682
-0.081789497
-0.00044433448
-0.081939033
-0.00048105332
-0.082046606
-0.00052103745
-0.08207226
-0.00056444084
-0.081845926
-0.00061146525
-0.081187655
-0.00066302454
-0.079972036
-0.00071966266
-0.077875948
-0.00078113635
-0.074640497
-0.0008491169
-0.070200475
-0.00092373708
-0.064615507
-0.0010064291
-0.058134984
-0.0010974036
-0.051354349
-0.0011977261
-0.045367116
-0.0013058657
-0.041295361
-0.0014220495
-0.03876929
-0.0015455987
-0.035179421
-0.0016788786
-0.027277221
-0.0018286808
-0.014754921
-0.002001723
0.00372354
-0.0021949859
0.021285524
-0.0024217042
0.034093734
-0.0026474591
0.045905016
-0.0028990508
0.05668974
-0.0031632273
-0.0034576495
-0.068896419
-0.00023833077
-0.079304764
-0.000325004
-0.080194268
-0.00035439372
-0.080033995
-0.00038111908
-0.08019131
-0.00041143237
-0.080543986
-0.00044522089
-0.080925319
-0.00048200216
-0.081209949
-0.00052198179
-0.081302243
-0.00056545947
-0.081206588
-0.00061258422
-0.080674934
-0.00066420782
-0.079390562
-0.0007209734
-0.077059265
-0.00078258144
-0.073638125
-0.00085080654
-0.069205741
-0.00092566683
-0.063749763
-0.0010085181
-0.057297731
-0.0010995051
-0.050296133
-0.0011999595
-0.044216706
-0.0013085408
-0.04033244
-0.0014251352
-0.038441278
-0.0015488922
-0.035753163
-0.0016815533
-0.028276219
-0.0018305632
-0.015658805
-0.0020036176
0.0033168987
-0.0021967832
0.021304798
-0.0024251202
0.034017916
-0.0026508675
0.045561323
-0.0029024107
0.056065544
-0.0031663422
-0.0034605737
-0.067887727
-0.00023870405
-0.078377068
-0.00032624163
-0.079221322
-0.00035545685
-0.079020384
-0.00038185909
-0.079190327
-0.00041219828
-0.079579517
-0.00044603001
-0.080097894
-0.00048282488
-0.080572391
-0.00052276043
-0.080787517
-0.0005662429
-0.080725444
-0.00061339369
-0.080207277
-0.00066511979
-0.079034614
-0.00072159526
-0.076878027
-0.00078322358
-0.073452078
-0.00085118827
-0.068905305
-0.00092646517
-0.063471198
-0.0010094869
-0.057248053
-0.0011010215
-0.050400501
-0.0012015064
-0.044115328
-0.0013107708
-0.039888472
-0.0014274657
-0.037854257
-0.0015515032
-0.035479274
-0.0016838739
-0.028373925
-0.0018321428
-0.016188478
-0.0020055195
0.0027947834
-0.0021981832
0.021248434
-0.0024286586
0.033843317
-0.0026540278
0.045292967
-0.0029054535
0.055659724
-0.0031688858
0.065170673
-0.0034630212
-0.0037715663
-0.06649454
-0.00023898689
-0.076888605
-0.0003274657
-0.077593691
-0.0003565115
-0.077359087
-0.00038271026
-0.077659474
-0.00041306714
-0.078357725
-0.00044686324
-0.079244759
-0.00048363063
-0.080063685
-0.00052347528
-0.080429674
-0.00056695328
-0.080559296
-0.00061405688
-0.080578778
-0.00066574305
-0.079938256
-0.0007218694
-0.078158539
-0.00078309097
-0.074853076
-0.00085096056
-0.069973878
-0.0009263168
-0.063971055
-0.0010098792
-0.057116016
-0.0011019249
-0.049745585
-0.0012031059
-0.043272172
-0.0013127042
-0.039364208
-0.001429305
-0.037731921
-0.0015530531
-0.036008037
-0.0016847348
-0.029174239
-0.0018323692
-0.016931345
-0.0020062353
0.0027189514
-0.0021989023
0.022002006
-0.0024310429
0.034366231
-0.0026565021
0.045478064
-0.0029075133
0.055583321
-0.0031706181
0.064994131
-0.0034645973
-0.0037732344
-0.065352448
-0.00023987166
-0.07565759
-0.00032948013
-0.07639001
-0.00035842011
-0.076212676
-0.00038450403
-0.076600212
-0.00041511238
-0.077400963
-0.00044897944
-0.078441351
-0.00048593468
-0.079450686
-0.00052582878
-0.079905206
-0.00056946859
-0.08024142
-0.00061664486
-0.080517519
-0.00066829819
-0.080437416
-0.00072446387
-0.079032145
-0.00078533584
-0.075708015
-0.00085337931
-0.0705719
-0.0009290333
-0.064090847
-0.0010132306
-0.056796072
-0.0011058368
-0.049062108
-0.0012077669
-0.042709941
-0.0013178248
-0.039007629
-0.0014346512
-0.037702112
-0.0015584419
-0.036355739
-0.0016898713
-0.029609875
-0.0018358636
-0.017300605
-0.0020103278
0.0027838481
-0.0022013223
0.022533521
-0.0024377421
0.034677395
-0.0026642425
0.045507658
-0.002915762
0.055429406
-0.003179477
0.064775115
-0.0034742084
0.072400009
-0.0037840404
-0.0041253922
-0.06344481
-0.00024245915
-0.073621713
-0.00033348914
-0.074420019
-0.00036232612
-0.074338598
-0.00038813682
-0.074860437
-0.00041893162
-0.07574671
-0.00045288606
-0.076846194
-0.00049022921
-0.077969559
-0.00053065407
-0.078500374
-0.00057483468
-0.079123932
-0.00062253249
-0.079745269
-0.00067435495
-0.080043405
-0.00073072836
-0.078916866
-0.00079188717
-0.07546399
-0.00086015058
-0.069966207
-0.00093690675
-0.063098107
-0.0010213939
-0.055443611
-0.0011147308
-0.047333994
-0.0012164758
-0.040729304
-0.0013276826
-0.037132928
-0.0014460654
-0.036114632
-0.0015718888
-0.035474018
-0.0017052638
-0.029236525
-0.0018524722
-0.017069397
-0.0020277746
0.002818068
-0.0022191446
0.022460017
-0.0024526716
0.03429979
-0.0026784307
0.044756581
-0.0029300595
0.05438086
-0.0031934595
0.063550147
-0.0034891777
0.071107095
-0.0038000346
-0.0041435459
-0.062818203
-0.00024575421
-0.072041727
-0.00033601725
-0.072620878
-0.00036382296
-0.072794022
-0.00039003084
-0.073557922
-0.00042082538
-0.074431386
-0.00045463059
-0.074911448
-0.00049212146
-0.075124361
-0.00053293383
-0.074969457
-0.00057744336
-0.075456511
-0.00062558586
-0.076477778
-0.00067768226
-0.077267195
-0.00073448129
-0.076452633
-0.00079647555
-0.072775522
-0.00086583799
-0.067199944
-0.00094307367
-0.061060023
-0.0010274472
-0.054659998
-0.0011199026
-0.047827926
-0.0012211588
-0.04074649
-0.0013323095
-0.035366434
-0.0014523006
-0.032486422
-0.0015796999
-0.030370563
-0.0017149427
-0.024093444
-0.0018643499
-0.013255222
-0.002039984
0.0040623929
-0.0022318538
0.021359845
-0.0024607003
0.032399024
-0.0026854941
0.042115272
-0.0029362803
0.051274025
-0.0031986353
0.060504149
-0.0034942225
0.068584982
-0.0038049261
0.07375742
-0.00414928
-0.0045028294
-0.064200869
-0.0002447377
-0.073411542
-0.00033679389
-0.074135565
-0.00036469358
-0.074266904
-0.00039063975
-0.074889891
-0.00042156125
-0.075648821
-0.00045554982
-0.076162805
-0.000492939
-0.076347158
-0.00053344885
-0.076251099
-0.00057775644
-0.07622063
-0.00062553776
-0.076428084
-0.000677288
-0.075820623
-0.00073289609
-0.073136264
-0.00079391831
-0.068688561
-0.00086198686
-0.063660878
-0.00093945779
-0.058708801
-0.00102533
-0.053192926
-0.0011200987
-0.046440979
-0.0012229763
-0.039423903
-0.0013347162
-0.034299872
-0.0014537837
-0.031990583
-0.001579656
-0.030656448
-0.0017127031
-0.024601272
-0.0018599523
-0.013605902
-0.0020376516
0.0040931457
-0.0022286834
0.021839717
-0.0024640659
0.032477219
-0.0026897955
0.041686956
-0.0029410324
0.050566171
-0.0032036821
0.059741481
-0.0034994149
0.067841194
-0.0038099246
0.073044425
-0.0041537268
-0.0045071842
-0.058530432
-0.00024362412
-0.068038605
-0.00033887463
-0.068636927
-0.00036726091
-0.068608592
-0.00039281143
-0.069200078
-0.00042370794
-0.070358574
-0.00045778085
-0.071993932
-0.0004950012
-0.073425975
-0.00053506654
-0.074307566
-0.00057913058
-0.076018164
-0.00062623321
-0.079026453
-0.00067741691
-0.082027073
-0.00073180698
-0.083385325
-0.00079172878
-0.080826842
-0.00085827607
-0.073688571
-0.00093664469
-0.063949261
-0.0010235525
-0.053488453
-0.0011221851
-0.044211763
-0.0012270545
-0.037134394
-0.0013404225
-0.033930665
-0.0014580459
-0.033858898
-0.0015810612
-0.034768171
-0.00170958
-0.028769719
-0.0018544497
-0.016626269
-0.002034088
0.0028073445
-0.0022277674
0.02252228
-0.0024693605
0.033558974
-0.0026956645
0.043206301
-0.0029473725
0.052353067
-0.0032103162
0.061452021
-0.0035063935
0.069131689
-0.0038165001
0.073879365
-0.0041599817
0.073494608
-0.004512954
-0.004891341
-0.058196346
-0.00024518244
-0.067731596
-0.00034118786
-0.068553886
-0.00036945748
-0.068776094
-0.000394678
-0.069711441
-0.00042574208
-0.071229105
-0.0004596905
-0.073222855
-0.00049692536
-0.075051684
-0.000536843
-0.076578351
-0.00058088352
-0.078729158
-0.0006276068
-0.081269598
-0.00067837654
-0.083387771
-0.00073220719
-0.084090081
-0.00079169134
-0.080470808
-0.00085800008
-0.072710373
-0.00093661809
-0.062319182
-0.0010245935
-0.050599853
-0.0011248438
-0.040924077
-0.0012317914
-0.033968359
-0.0013458738
-0.03233061
-0.0014635259
-0.035731694
-0.0015840489
-0.039447006
-0.0017096528
-0.033940627
-0.0018535663
-0.020081946
-0.0020332574
0.0028737552
-0.0022300089
0.024703178
-0.0024721006
0.035770195
-0.0026983486
0.045002894
-0.0029488817
0.053866498
-0.003211505
0.062633539
-0.0035076354
0.069864121
-0.0038179006
0.074271355
-0.0041613147
0.073675402
-0.0045144634
-0.004892917
-0.055635503
-0.00024514256
-0.064736416
-0.00034330195
-0.065511192
-0.00037192566
-0.065744876
-0.00039693775
-0.066666025
-0.00042783688
-0.068316292
-0.00046172596
-0.070463724
-0.00049889653
-0.072301013
-0.00053881585
-0.073885106
-0.00058290818
-0.076861908
-0.00062947424
-0.081229359
-0.00067981669
-0.085134915
-0.00073290965
-0.086943408
-0.00079184597
-0.084103383
-0.00085789129
-0.075566833
-0.00093639595
-0.063214012
-0.0010254691
-0.049338321
-0.0011265356
-0.037787667
-0.0012353334
-0.030568039
-0.0013500724
-0.029610119
-0.0014683708
-0.034137499
-0.0015873342
-0.038282748
-0.0017119647
-0.032961723
-0.0018556098
-0.019018633
-0.0020353595
0.0037526143
-0.0022332855
0.024806266
-0.0024753806
0.03497896
-0.0027017198
0.04351093
-0.0029519061
0.052169734
-0.0032144754
0.061076271
-0.003510719
0.068596942
-0.0038213706
0.073304861
-0.0041652298
0.0727827
-0.0045189584
0.069032349
-0.0048979672
-0.0053003144
-0.054871817
-0.00024413328
-0.063947002
-0.00034230391
-0.064838285
-0.00037115589
-0.065255332
-0.00039674671
-0.066324129
-0.00042781769
-0.068161975
-0.00046187697
-0.070499659
-0.00049909681
-0.072494895
-0.00053913286
-0.074345182
-0.00058328695
-0.07748634
-0.00063000698
-0.081649946
-0.00068051151
-0.085221315
-0.00073387946
-0.086750181
-0.00079304321
-0.083438524
-0.0008592864
-0.07469639
-0.00093787238
-0.062295128
-0.0010266203
-0.048254216
-0.0011272228
-0.036477266
-0.001235263
-0.028713299
-0.0013497089
-0.028679404
-0.0014679282
-0.03468364
-0.001587595
-0.039492974
-0.0017127093
-0.034421519
-0.0018566003
-0.020194652
-0.0020361813
0.0033542416
-0.0022333181
0.024883935
-0.0024761067
0.035214368
-0.0027024869
0.043873058
-0.002953249
0.052511523
-0.0032161071
0.061247426
-0.0035123574
0.068530325
-0.0038227692
0.07298362
-0.0041664674
0.072277153
-0.0045200477
0.06848015
-0.0048993826
-0.0053020767
-0.054370508
-0.00024265147
-0.063416879
-0.00034111334
-0.064209928
-0.0003702047
-0.064491482
-0.00039620219
-0.065419708
-0.00042736445
-0.067105162
-0.0004615283
-0.069266291
-0.00049868132
-0.071050083
-0.00053875058
-0.072486241
-0.00058287771
-0.075156006
-0.00062961682
-0.079055374
-0.0006800954
-0.082550137
-0.00073350874
-0.084099403
-0.00079268275
-0.081063121
-0.00085898078
-0.072869537
-0.00093771294
-0.061462645
-0.0010263492
-0.04888958
-0.0011269019
-0.038546446
-0.001234472
-0.031735592
-0.0013484156
-0.03033744
-0.0014659938
-0.033885188
-0.0015842091
-0.037467009
-0.0017098615
-0.031845576
-0.0018538963
-0.018497664
-0.0020344603
0.003101755
-0.0022297093
0.023677168
-0.0024740366
0.034003137
-0.0026997933
0.042875438
-0.002950372
0.051554923
-0.0032128513
0.060146637
-0.0035086631
0.067251726
-0.0038181344
0.071535353
-0.004161114
0.070805072
-0.0045135743
0.067155283
-0.0048924173
0.059554655
-0.0052945273
-0.0057160197
-0.052735195
-0.00024217074
-0.061681775
-0.00034142515
-0.062507329
-0.00037056348
-0.062969037
-0.00039651943
-0.064152447
-0.00042763397
-0.066217708
-0.00046165882
-0.068764375
-0.0004986309
-0.070849098
-0.00053846121
-0.072711555
-0.00058235323
-0.075895092
-0.00062863054
-0.080030567
-0.0006785875
-0.083568587
-0.00073151028
-0.085082353
-0.00079026111
-0.081687011
-0.00085634049
-0.07296114
-0.00093538176
-0.060727178
-0.0010246338
-0.047037019
-0.0011265879
-0.03594832
-0.0012354841
-0.02884754
-0.0013500725
-0.029995931
-0.0014672875
-0.036256742
-0.0015792718
-0.040324062
-0.0017033492
-0.034553849
-0.0018465114
-0.020373466
-0.0020284104
0.0027180803
-0.0022246775
0.024495194
-0.0024723321
0.034732283
-0.0026975715
0.043429838
-0.0029473962
0.051963497
-0.0032089073
0.060390706
-0.0035041802
0.067328512
-0.003812257
0.071510744
-0.0041541761
0.070807963
-0.0045047041
0.067288611
-0.0048825195
0.059933233
-0.0052832647
-0.0057041545
-0.051373874
-0.00024255353
-0.060019477
-0.00034123743
-0.060898179
-0.00037063353
-0.061485191
-0.00039616108
-0.062842768
-0.00042734367
-0.065206053
-0.0004610408
-0.068049934
-0.00049811958
-0.070509901
-0.00053771756
-0.072851287
-0.00058140104
-0.076708623
-0.00062728502
-0.08157201
-0.00067707571
-0.085569054
-0.00073017557
-0.087332424
-0.000789087
-0.083811566
-0.00085520377
-0.074356272
-0.00093445946
-0.06067529
-0.0010235845
-0.045049641
-0.0011262997
-0.032521426
-0.0012358164
-0.02506841
-0.0013511007
-0.029116109
-0.0014683038
-0.038519459
-0.0015759945
-0.043108237
-0.0016985122
-0.037289958
-0.0018407915
-0.022128652
-0.0020226413
0.0026475323
-0.0022209747
0.02546897
-0.002468729
0.035650561
-0.0026935032
0.044222035
-0.0029428277
0.052659994
-0.0032035353
0.060969223
-0.0034976468
0.06778964
-0.0038045399
0.071912169
-0.0041452426
0.071145941
-0.004494654
0.067573299
-0.0048716088
0.060092667
-0.0052717161
-0.0056916742
-0.052709452
-0.00024192096
-0.061469174
-0.00033884001
-0.062923543
-0.00036804357
-0.063844481
-0.00039426373
-0.065243987
-0.00042555922
-0.067269282
-0.00045943071
-0.069611718
-0.00049650236
-0.071964855
-0.00053614364
-0.074424075
-0.00057978373
-0.077869525
-0.00062581905
-0.081460873
-0.00067596037
-0.083922181
-0.0007296976
-0.084823459
-0.00078914294
-0.080579075
-0.00085530728
-0.071320532
-0.00093454984
-0.058250511
-0.0010218969
-0.043060171
-0.001123315
-0.030862208
-0.0012302621
-0.022983899
-0.001345295
-0.028179055
-0.0014623657
-0.039097487
-0.0015736135
-0.044185389
-0.0016962058
-0.038561277
-0.0018383039
-0.023071543
-0.0020181982
0.002235552
-0.0022163952
0.025254567
-0.0024626926
0.035607959
-0.0026879471
0.044295007
-0.002938073
0.05270612
-0.0031994282
0.060850539
-0.0034927775
0.067498628
-0.0037992445
0.071449123
-0.0041390515
0.070538599
-0.0044887681
0.066890332
-0.0048653852
0.059315887
-0.0052661054
0.051837132
-0.0056851158
-0.0061529351
-0.052766656
-0.00024439542
-0.061519874
-0.00033844707
-0.062257184
-0.00036791334
-0.062638065
-0.00039488725
-0.06372827
-0.00042633891
-0.065705352
-0.00046079382
-0.068217647
-0.00049842837
-0.070371514
-0.0005390157
-0.072254744
-0.00058335362
-0.074999418
-0.0006306452
-0.078114682
-0.00068228289
-0.080560583
-0.00073763926
-0.081369953
-0.00079890505
-0.07747445
-0.00086634767
-0.069298615
-0.00094475935
-0.058397609
-0.0010301576
-0.046139599
-0.0011271944
-0.036239551
-0.0012305375
-0.029339567
-0.0013437762
-0.030561159
-0.0014609249
-0.036763794
-0.001581238
-0.040799891
-0.0017083657
-0.035201908
-0.0018516628
-0.021003701
-0.0020293082
0.0011000171
-0.002222376
0.021902342
-0.0024636831
0.033112264
-0.0026918473
0.042876714
-0.0029454691
0.051804753
-0.0032114377
0.059913985
-0.0035068075
0.066274259
-0.0038153734
0.069771659
-0.0041549673
0.068680432
-0.0045061836
0.065038102
-0.004884532
0.057645318
-0.0052883855
0.050303538
-0.0057119085
0.048654038
-0.0061841702
-0.0067141108
-0.057092115
-0.00024306948
-0.065964907
-0.00033595426
-0.067139238
-0.00036740269
-0.067647024
-0.0003965809
-0.068359935
-0.00042885411
-0.069078448
-0.00046453678
-0.06954926
-0.00050337997
-0.069833832
-0.00054547809
-0.070042845
-0.0005912697
-0.070269987
-0.00064038737
-0.070303726
-0.00069440642
-0.069176557
-0.00075290627
-0.06662185
-0.00081729881
-0.063073554
-0.00088740193
-0.058955019
-0.00096471978
-0.054506605
-0.0010485312
-0.04923028
-0.001141074
-0.042933806
-0.0012421858
-0.037310495
-0.0013537454
-0.034414584
-0.0014735647
-0.033702677
-0.00160314
-0.033033104
-0.0017418445
-0.02711678
-0.0018934469
-0.015528705
-0.002069474
0.00085790736
-0.002259065
0.0170159
-0.0024797728
0.029257953
-0.0027082705
0.040690185
-0.002962812
0.050732123
-0.0032333033
0.05897339
-0.0035294502
0.064806406
-0.0038413927
0.067441134
-0.0041807834
0.066251307
-0.0045346911
0.062541354
-0.0049159643
0.055347775
-0.0053212709
0.048166458
-0.0057493545
0.046369131
-0.0062214716
-0.0067548409
-0.055801032
-0.00023414614
-0.064616731
-0.00033106054
-0.065771151
-0.00036514599
-0.06605736
-0.00039624512
-0.066173909
-0.00042962448
-0.066319163
-0.00046648565
-0.065981655
-0.00050603613
-0.065385792
-0.00054854008
-0.064829912
-0.00059496826
-0.064402829
-0.00064466641
-0.063827124
-0.0006992882
-0.062864439
-0.00075816631
-0.061442718
-0.00082207013
-0.059538172
-0.00089193512
-0.057362587
-0.00096938782
-0.054973746
-0.0010538385
-0.052132539
-0.0011461958
-0.048239001
-0.0012464983
-0.043026003
-0.0013562753
-0.036669875
-0.0014773115
-0.029495203
-0.0016124386
-0.021469414
-0.0017613881
-0.013207255
-0.0019240954
-0.0051436856
-0.0020992967
0.004141877
-0.0022865172
0.01445821
-0.0024912944
0.026007662
-0.0027164717
0.037892964
-0.0029680447
0.048383396
-0.0032399089
0.056706763
-0.0035358407
0.062226847
-0.00384972
0.064323812
-0.0041883081
0.063105189
-0.0045429164
0.059504056
-0.0049252733
0.052886822
-0.0053299272
0.046283709
-0.0057597684
0.044485001
-0.0062280558
0.046880808
-0.0067609149
-0.0073396614
-0.049811064
-0.00023046056
-0.060014678
-0.00033039549
-0.061343937
-0.00036557507
-0.06097519
-0.00039714106
-0.060285835
-0.0004310238
-0.059816082
-0.00046834721
-0.059964172
-0.00050823753
-0.060866973
-0.00055036313
-0.061195638
-0.0005966187
-0.061891928
-0.00064596659
-0.062773311
-0.0006999745
-0.063953782
-0.0007577431
-0.064689479
-0.00082033226
-0.06342442
-0.00088930196
-0.060355479
-0.00096698993
-0.056877221
-0.0010530394
-0.053664641
-0.0011466557
-0.050539917
-0.0012475433
-0.046412021
-0.0013560048
-0.040067454
-0.0014751386
-0.030633631
-0.0016082849
-0.018943354
-0.0017567235
-0.0078795023
-0.001920545
-0.00049670948
-0.0020989483
0.0065849717
-0.0022883941
0.014607954
-0.0024960901
0.024155086
-0.0027214226
0.035216782
-0.0029719177
0.045609688
-0.0032428232
0.054250065
-0.0035380572
0.060038239
-0.0038523779
0.062279391
-0.0041907358
0.061260251
-0.0045449252
0.058111187
-0.0049271552
0.052111979
-0.0053319938
0.045655994
-0.0057630357
0.043588137
-0.0062313765
0.045860244
-0.0067639242
-0.0073413527
-0.045794352
-0.00023298718
-0.055684557
-0.00033440715
-0.056954302
-0.00036865604
-0.056561065
-0.00039946743
-0.055891445
-0.00043264744
-0.055556961
-0.00046926646
-0.056454384
-0.00050869357
-0.058523466
-0.00055095687
-0.059740401
-0.00059717695
-0.061792767
-0.00064663133
-0.064181049
-0.00070046836
-0.066721254
-0.00075854826
-0.068285039
-0.00082140005
-0.067144554
-0.00089076939
-0.062740005
-0.00096853519
-0.056924108
-0.0010547619
-0.051576727
-0.0011487043
-0.047581244
-0.001250292
-0.044387811
-0.0013597413
-0.040484877
-0.0014788546
-0.034469323
-0.0016089738
-0.026208151
-0.0017514418
-0.016213784
-0.0019098047
-0.0061762691
-0.002087489
0.0045883995
-0.0022828122
0.015046707
-0.0024975413
0.02460841
-0.0027258928
0.034923573
-0.0029776986
0.044864453
-0.003247937
0.053390534
-0.0035418651
0.059211644
-0.0038550296
0.06160775
-0.00419193
0.060637456
-0.0045450715
0.057612274
-0.0049267051
0.051573272
-0.0053322338
0.04528195
-0.0057619027
0.04368732
-0.0062333063
0.046092601
-0.0067655497
0.05104432
-0.0073434504
-0.0079955755
-0.052476432
-0.0002411608
-0.060499088
-0.00033547078
-0.061425195
-0.00036784323
-0.061726285
-0.00039793608
-0.062294581
-0.00043088476
-0.062988211
-0.00046710596
-0.063241824
-0.00050625821
-0.063092709
-0.00054888406
-0.062675572
-0.00059522043
-0.062843479
-0.0006449502
-0.063106151
-0.00069906679
-0.063201638
-0.0007579857
-0.062402956
-0.00082169349
-0.060131376
-0.00089197506
-0.0565948
-0.00096932201
-0.052544257
-0.0010542132
-0.048581876
-0.0011467349
-0.044332463
-0.0012478727
-0.039670052
-0.0013580378
-0.035504212
-0.001478288
-0.032591299
-0.0016082952
-0.029136565
-0.0017489926
-0.022747018
-0.0019046897
-0.012899202
-0.0020794998
0.00056966734
-0.0022726962
0.013910664
-0.0024907598
0.025826472
-0.0027201977
0.037323876
-0.0029734431
0.047168531
-0.0032436445
0.054875234
-0.0035369774
0.060069807
-0.0038482239
0.062294689
-0.0041844668
0.061160668
-0.0045377592
0.057820292
-0.0049186969
0.051315066
-0.0053242307
0.045314307
-0.0057520221
0.044469279
-0.0062282472
0.04692646
-0.0067618047
0.051493288
-0.0073425826
0.054763353
-0.0079932656
0.054777648
-0.0086729658
-0.0094093956
-0.052260999
-0.00024025203
-0.060676433
-0.0003352586
-0.061906416
-0.00036789526
-0.062397834
-0.00039807583
-0.062754026
-0.00043124912
-0.063115146
-0.00046768078
-0.062903327
-0.00050709027
-0.062550173
-0.00054989188
-0.062290854
-0.00059641296
-0.062401512
-0.00064626764
-0.062561066
-0.00070047134
-0.062290365
-0.00075956628
-0.061120648
-0.00082349248
-0.058955129
-0.00089406629
-0.056106998
-0.00097147104
-0.052954012
-0.0010561915
-0.049467357
-0.0011484904
-0.04522716
-0.0012496374
-0.040316088
-0.0013599302
-0.035381655
-0.0014806057
-0.030648749
-0.0016118137
-0.025282778
-0.001754391
-0.018221754
-0.0019110099
-0.0094932281
-0.0020847602
0.0016838427
-0.002275289
0.013845417
-0.0024911165
0.02562613
-0.0027206857
0.037125368
-0.0029741543
0.047049836
-0.0032453504
0.054744051
-0.0035392127
0.059783895
-0.0038512558
0.061698176
-0.0041882091
0.060501809
-0.0045422956
0.057094746
-0.0049240969
0.050706855
-0.0053301388
0.044701029
-0.0057601423
0.04357051
-0.0062369515
0.045921565
-0.0067711498
0.050467956
-0.0073525897
0.053862932
-0.0080046997
0.053999473
-0.008686791
-0.0094248017
-0.050742785
-0.00024114464
-0.059047014
-0.0003364721
-0.060302136
-0.00036935894
-0.060816381
-0.00039981697
-0.061164108
-0.00043312229
-0.06147555
-0.00046984743
-0.061181766
-0.00050944587
-0.060803908
-0.00055271467
-0.060516364
-0.00059944893
-0.060797342
-0.00064975957
-0.061199145
-0.00070442472
-0.061325961
-0.00076408128
-0.060442541
-0.00082852553
-0.058285196
-0.00089939896
-0.055380892
-0.00097701235
-0.052226368
-0.0010616736
-0.048900599
-0.0011539754
-0.044830493
-0.0012551142
-0.039983171
-0.0013657426
-0.034915549
-0.0014870341
-0.030008338
-0.0016195177
-0.024626486
-0.0017633738
-0.017930142
-0.0019209872
-0.0097288696
-0.0020946358
0.0010628221
-0.0022850743
0.013138149
-0.0024984191
0.02489568
-0.0027291645
0.036413139
-0.0029824681
0.046238065
-0.0032542843
0.053750979
-0.0035483153
0.058596037
-0.003861091
0.060386104
-0.004198291
0.059189166
-0.0045531453
0.055844964
-0.0049360098
0.049553349
-0.0053430075
0.04369838
-0.0057748253
0.042714148
-0.0062526522
0.045086818
-0.0067879477
0.049632321
-0.0073691243
0.05297509
-0.0080224346
0.053057368
-0.0087041598
-0.0094434247
-0.051335308
-0.00024144843
-0.059670251
-0.00033594738
-0.060908758
-0.00036928023
-0.061307378
-0.0004001555
-0.06146257
-0.00043361714
-0.061588366
-0.00047054255
-0.061105094
-0.0005102476
-0.060403416
-0.00055382057
-0.059825531
-0.00060065413
-0.05946187
-0.00065141974
-0.059014849
-0.00070679732
-0.058238881
-0.00076724879
-0.056934064
-0.00083251162
-0.055097728
-0.00090385629
-0.053050481
-0.00098126196
-0.050912483
-0.0010656107
-0.048324913
-0.0011575119
-0.04464636
-0.0012586365
-0.039777837
-0.0013692229
-0.034166338
-0.0014909548
-0.028261481
-0.0016242081
-0.022084766
-0.0017693969
-0.015450639
-0.0019276881
-0.0080365853
-0.0021017092
0.001600738
-0.0022921897
0.012797794
-0.0025042664
0.024393739
-0.0027355967
0.03567886
-0.0029889149
0.045319544
-0.0032607113
0.052764873
-0.0035544955
0.057659705
-0.0038675918
0.059493058
-0.0042046295
0.058311376
-0.004559827
0.05501353
-0.0049428972
0.048843211
-0.005350884
0.043201986
-0.0057825963
0.042340711
-0.0062621449
0.044670915
-0.0067985381
0.049117
-0.007380493
0.052380008
-0.0080343337
0.052464269
-0.0087165109
-0.009456883
-0.051909882
-0.00024154594
-0.060386355
-0.00033606282
-0.061618427
-0.00036962507
-0.061892371
-0.00040071271
-0.061913465
-0.00043432686
-0.061795947
-0.00047130426
-0.061304724
-0.00051125175
-0.060608056
-0.00055479687
-0.059853335
-0.00060180815
-0.058955627
-0.00065272684
-0.057827506
-0.00070855069
-0.05638712
-0.0007693808
-0.054716424
-0.00083516602
-0.053001256
-0.0009067011
-0.051403788
-0.00098425365
-0.049745436
-0.0010684734
-0.047469783
-0.0011604899
-0.044054436
-0.0012615867
-0.039479961
-0.0013722811
-0.034140097
-0.0014939142
-0.0284035
-0.0016274367
-0.022388
-0.0017727045
-0.015941183
-0.0019312353
-0.00861547
-0.0021048725
0.0010884401
-0.0022954986
0.01256851
-0.0025077867
0.024386643
-0.0027396522
0.035733641
-0.0029929559
0.045368871
-0.0032652532
0.052674132
-0.0035589725
0.057345093
-0.0038723595
0.058955532
-0.0042093074
0.057734221
-0.0045648767
0.054417641
-0.0049486013
0.048305123
-0.005356661
0.042775775
-0.0057898522
0.041963752
-0.0062700402
0.044261641
-0.0068070862
0.048644552
-0.0073891144
0.051813682
-0.0080435872
0.051822977
-0.0087250411
-0.0094657901
-0.051266557
-0.00024170881
-0.059737523
-0.00033673993
-0.060972622
-0.00037047027
-0.061234629
-0.00040166339
-0.061205164
-0.00043540419
-0.061002342
-0.00047242504
-0.060499516
-0.00051261842
-0.059842473
-0.00055616181
-0.059093873
-0.0006033762
-0.058128877
-0.00065436278
-0.056907544
-0.00071044346
-0.055387786
-0.00077141286
-0.053689465
-0.00083748106
-0.051998116
-0.00090916282
-0.050472555
-0.00098698605
-0.048893046
-0.0010713389
-0.046670472
-0.0011636561
-0.043305562
-0.0012649222
-0.038768566
-0.001375885
-0.033399455
-0.0014976503
-0.027556877
-0.001631553
-0.0214806
-0.0017770311
-0.015138319
-0.0019359683
-0.0080396278
-0.0021095701
0.0013882645
-0.0023001742
0.012620874
-0.0025123282
0.024209061
-0.0027446062
0.035301976
-0.0029975565
0.044723454
-0.0032700524
0.051901784
-0.0035634916
0.05651158
-0.0038770996
0.058082893
-0.0042138647
0.056821075
-0.0045697265
0.053496271
-0.0049540211
0.047420511
-0.0053626105
0.041991999
-0.0057972
0.041300478
-0.0062779545
0.043609652
-0.0068152413
0.047959907
-0.0073981231
0.051067075
-0.0080525866
0.051058945
-0.0087333231
-0.0094745483
-0.050532055
-0.00024132988
-0.05897337
-0.00033710572
-0.060213494
-0.00037105042
-0.060471829
-0.00040236429
-0.06042833
-0.00043616398
-0.060194207
-0.00047330783
-0.059702659
-0.00051351644
-0.059070855
-0.00055710698
-0.058329334
-0.00060435852
-0.057370453
-0.00065546306
-0.056149435
-0.00071167428
-0.054627215
-0.00077283754
-0.052928136
-0.00083904835
-0.051239721
-0.00091089043
-0.049725263
-0.00098883222
-0.048148174
-0.0010734194
-0.04592827
-0.001165997
-0.042610455
-0.0012675634
-0.038183962
-0.0013785961
-0.032953408
-0.0015002943
-0.027229443
-0.0016339429
-0.021220921
-0.0017794681
-0.014879426
-0.0019386028
-0.0077330871
-0.0021131201
0.0015364316
-0.0023046536
0.012589677
-0.0025170016
0.024079858
-0.0027493377
0.03500189
-0.0030020559
0.044271078
-0.0032744336
0.051308643
-0.0035676482
0.055797237
-0.0038813971
0.057265699
-0.0042179682
0.055959785
-0.0045741004
0.052651928
-0.0049582037
0.046688412
-0.0053676111
0.041466506
-0.0058021793
0.040968178
-0.006284639
0.043296393
-0.0068227478
0.047607432
-0.0074057706
0.050626205
-0.0080601599
0.050578644
-0.0087412819
-0.0094836253
-0.049503002
-0.00024109427
-0.058390447
-0.00033759495
-0.059605032
-0.00037177824
-0.059752487
-0.00040322252
-0.059668204
-0.0004370648
-0.059483793
-0.0004743968
-0.059198609
-0.00051457457
-0.058746294
-0.00055825512
-0.05805408
-0.00060551295
-0.057032376
-0.00065677183
-0.055662816
-0.00071308073
-0.054022161
-0.00077444347
-0.05228193
-0.00084077032
-0.050617737
-0.00091280657
-0.049082118
-0.00099086511
-0.047371429
-0.0010757398
-0.044983265
-0.0011685936
-0.041629935
-0.0012705092
-0.037448964
-0.0013816142
-0.032716429
-0.0015032598
-0.027530397
-0.0016365952
-0.021814489
-0.0017820766
-0.015343233
-0.0019412532
-0.0077272056
-0.0021165161
0.0018186224
-0.0023090071
0.012917435
-0.0025211322
0.024282423
-0.002754017
0.034976419
-0.0030066262
0.044092516
-0.0032792314
0.0510031
-0.0035723854
0.055369349
-0.0038863698
0.056728577
-0.0042229078
0.055381519
-0.0045795211
0.05208271
-0.0049639018
0.046195738
-0.0053741254
0.04108425
-0.0058090471
0.040686862
-0.006293081
0.043007159
-0.0068320639
0.047274631
-0.0074158114
0.050201783
-0.008070822
0.050077363
-0.0087518283
-0.0094947405
-0.048871909
-0.00024121602
-0.05785739
-0.00033840175
-0.05905473
-0.00037276147
-0.059184946
-0.00040430986
-0.059078794
-0.00043822959
-0.058891722
-0.00047574022
-0.058641243
-0.00051594201
-0.058230648
-0.00055973894
-0.05757279
-0.00060702661
-0.056585106
-0.0006584395
-0.055285338
-0.0007148332
-0.053703384
-0.00077636199
-0.051973242
-0.0008428142
-0.050286243
-0.00091506446
-0.048712299
-0.00099331147
-0.046953168
-0.0010784384
-0.04453001
-0.0011715389
-0.041202813
-0.0012737452
-0.037118585
-0.0013850182
-0.032509523
-0.0015067918
-0.027440698
-0.0016401709
-0.021810037
-0.0017856986
-0.015370321
-0.0019450076
-0.0076993126
-0.0021204052
0.0017966945
-0.0023128314
0.012828395
-0.0025250978
0.024212523
-0.0027586626
0.034872399
-0.0030111795
0.043920845
-0.0032842743
0.050723484
-0.0035772372
0.054961771
-0.0038916211
0.056202357
-0.0042279227
0.054799593
-0.0045847698
0.05146973
-0.0049694343
0.045607584
-0.0053799935
0.040581583
-0.0058157056
0.040287912
-0.0063004745
0.042605833
-0.0068401105
0.046840907
-0.0074241239
0.04967838
-0.0080797842
0.049455046
-0.0087601809
-0.009503565
-0.047990533
-0.00024124616
-0.057040514
-0.00033901305
-0.05820186
-0.00037353603
-0.058286579
-0.0004051573
-0.058146864
-0.00043913668
-0.058027711
-0.00047677676
-0.057931732
-0.00051702131
-0.057694263
-0.00056090211
-0.057144977
-0.00060821996
-0.056175569
-0.00065974974
-0.054876256
-0.00071622984
-0.053278284
-0.00077790447
-0.051544079
-0.0008444879
-0.049836805
-0.00091690984
-0.048241262
-0.00099531365
-0.046466558
-0.0010806224
-0.044016214
-0.0011739219
-0.040700872
-0.0012763367
-0.036717141
-0.0013877491
-0.032288235
-0.0015096299
-0.027381906
-0.0016431443
-0.021804416
-0.0017889137
-0.015294191
-0.0019485632
-0.0075005832
-0.0021243573
0.0019398498
-0.0023172169
0.012845711
-0.0025291077
0.024169561
-0.0027626051
0.034741902
-0.0030148149
0.043699105
-0.0032879981
0.050375797
-0.0035807495
0.054476493
-0.0038953055
0.055604116
-0.0042313877
0.05416134
-0.0045884661
0.050813482
-0.0049734318
0.045001438
-0.0053843349
0.040046136
-0.0058206817
0.039790565
-0.0063055414
0.042084196
-0.0068452197
0.046270467
-0.0074301493
0.049038813
-0.008086369
0.048745331
-0.0087661292
-0.0095101908
-0.047405587
-0.00024100163
-0.056367453
-0.00033934807
-0.057554099
-0.00037399731
-0.057672442
-0.00040566495
-0.057542175
-0.0004397042
-0.057374454
-0.00047738998
-0.057232074
-0.00051773078
-0.056990526
-0.00056159218
-0.05645566
-0.00060897322
-0.055498557
-0.00066048675
-0.05422013
-0.00071703103
-0.052629865
-0.00077868887
-0.050882013
-0.00084536631
-0.049177289
-0.0009178329
-0.047604308
-0.00099640658
-0.045844113
-0.0010819154
-0.043411389
-0.0011755317
-0.040146572
-0.0012781028
-0.036234102
-0.0013895614
-0.031833586
-0.0015112843
-0.026890725
-0.0016447843
-0.02125911
-0.0017906252
-0.014730798
-0.00195072
-0.0069773098
-0.0021268804
0.0022788417
-0.0023204067
0.013023197
-0.002531615
0.024174425
-0.0027643397
0.03454813
-0.0030159618
0.043362804
-0.003288727
0.049928501
-0.0035811304
0.053937422
-0.0038953062
0.054974921
-0.0042312223
0.053480178
-0.004588435
0.050097081
-0.0049734567
0.044274576
-0.0053847565
0.039338776
-0.0058213827
0.039150628
-0.0063067496
0.041460393
-0.0068446698
0.045655306
-0.0074336014
0.048360712
-0.0080856994
0.047957069
-0.0087672406
-0.0095117479
-0.046264585
-0.00024048888
-0.055167237
-0.00033962462
-0.056340022
-0.00037439279
-0.056458163
-0.00040609688
-0.056353729
-0.00044018764
-0.056218455
-0.00047788637
-0.056162578
-0.00051830386
-0.056082843
-0.00056207778
-0.055707751
-0.00060947829
-0.054898912
-0.00066087491
-0.053760985
-0.00071746833
-0.052295901
-0.00077900463
-0.050614357
-0.00084574363
-0.048883658
-0.00091816548
-0.047124271
-0.0009969517
-0.045057719
-0.0010826305
-0.042370361
-0.0011766204
-0.039082738
-0.0012793073
-0.035417874
-0.0013908319
-0.031382174
-0.0015122466
-0.026683193
-0.0016456337
-0.020993724
-0.0017913379
-0.014133655
-0.0019517859
-0.0059936206
-0.0021282711
0.0032372981
-0.0023224759
0.013478623
-0.0025330111
0.024123429
-0.0027651444
0.034150903
-0.0030162008
0.042753239
-0.0032885099
0.049205747
-0.0035806243
0.053138374
-0.0038948601
0.054114289
-0.0042306382
0.052582653
-0.0045878388
0.049187188
-0.0049726855
0.043389545
-0.0053842877
0.038519589
-0.0058208542
0.038401542
-0.0063069372
0.040755616
-0.00684371
0.044915495
-0.0074368381
0.047508722
-0.0080828851
0.047065507
-0.0087671815
-0.009511685
-0.045343522
-0.00023984193
-0.05417805
-0.00033997581
-0.055298718
-0.00037491851
-0.055343376
-0.00040668005
-0.055195259
-0.00044085107
-0.055115895
-0.00047856496
-0.055150793
-0.00051893677
-0.055224887
-0.00056271104
-0.054932383
-0.00061009001
-0.054205364
-0.00066133165
-0.053197132
-0.00071791983
-0.051808133
-0.0007793004
-0.050169036
-0.00084609613
-0.048380603
-0.00091851998
-0.046528645
-0.00099759233
-0.044362288
-0.0010834488
-0.041601679
-0.0011778627
-0.038312092
-0.0012806902
-0.034729318
-0.0013923386
-0.030814676
-0.0015133784
-0.026206021
-0.0016465391
-0.020524381
-0.0017919752
-0.01362323
-0.0019528973
-0.0054270831
-0.0021294816
0.0036478437
-0.0023244986
0.013574013
-0.0025350187
0.023963353
-0.0027665041
0.033747258
-0.0030170033
0.042171326
-0.0032887418
0.048480473
-0.0035805817
0.052302262
-0.0038947218
0.053196756
-0.0042304181
0.051604114
-0.0045875532
0.048191719
-0.0049718694
0.042434909
-0.0053838864
0.037697874
-0.0058197935
0.037739368
-0.0063075128
0.0401362
-0.006844961
0.04422117
-0.0074375688
0.046676876
-0.0080838965
0.046214144
-0.0087684088
0.044572229
-0.0095122413
-0.01030153
-0.04387558
-0.00023948097
-0.052609332
-0.00034077435
-0.053700847
-0.0003759577
-0.053731094
-0.00040779908
-0.053605344
-0.00044208102
-0.053640331
-0.000479853
-0.053917957
-0.00052020237
-0.054243704
-0.00056406788
-0.054260682
-0.00061150522
-0.053851987
-0.00066271221
-0.053106266
-0.00071934819
-0.051925952
-0.00078071083
-0.050312992
-0.00084761299
-0.04837664
-0.00092015622
-0.046208124
-0.00099950761
-0.043659106
-0.0010856657
-0.040542754
-0.0011805545
-0.037141119
-0.001283747
-0.033795605
-0.0013956414
-0.030382311
-0.0015165405
-0.026181794
-0.0016494873
-0.020524556
-0.0017948164
-0.013242697
-0.0019561765
-0.0045214668
-0.0021332353
0.0047198244
-0.0023289696
0.014182755
-0.0025398106
0.024006349
-0.0027711696
0.033358503
-0.003021148
0.041527967
-0.0032929167
0.047716981
-0.0035844047
0.051482658
-0.0038986491
0.052331584
-0.0042341567
0.050697558
-0.004591511
0.04726244
-0.0049760151
0.041505942
-0.0053884177
0.036816322
-0.0058248561
0.036935306
-0.0063135192
0.039400761
-0.0068515394
0.043447172
-0.0074449289
0.045772457
-0.008091219
0.04527875
-0.0087771057
0.043631797
-0.0095211621
-0.010314079
-0.042942271
-0.00023986273
-0.051539905
-0.00034170951
-0.052611782
-0.00037700219
-0.052629423
-0.00040888544
-0.052507483
-0.0004432406
-0.052593741
-0.00048111831
-0.052932655
-0.00052162182
-0.053284777
-0.00056563867
-0.053341401
-0.00061322457
-0.052989578
-0.0006646247
-0.052276553
-0.00072149035
-0.051123147
-0.00078310979
-0.049518428
-0.00085024367
-0.04759417
-0.00092295061
-0.045425836
-0.0010023428
-0.04284099
-0.0010885706
-0.039659142
-0.0011835107
-0.03622043
-0.0012869268
-0.032931093
-0.0013990531
-0.029679763
-0.0015203232
-0.025675133
-0.0016534526
-0.020166964
-0.0017989546
-0.012962253
-0.0019600944
-0.0043114521
-0.0021371358
0.0046822364
-0.0023320308
0.013927228
-0.0025434559
0.023606092
-0.0027751374
0.032777373
-0.0030252791
0.040789424
-0.0032971039
0.046849616
-0.0035886563
0.050518385
-0.0039029073
0.051274732
-0.0042386513
0.04954381
-0.0045965063
0.046060485
-0.0049811894
0.040293131
-0.0053948223
0.035723308
-0.005831686
0.036090773
-0.0063228774
0.038681214
-0.0068623026
0.042687415
-0.0074568325
0.044849342
-0.0081048062
0.044302195
-0.0087929174
0.042633063
-0.009537661
-0.010335862
-0.042583623
-0.00024071509
-0.05110011
-0.0003428944
-0.052212785
-0.00037826793
-0.052333649
-0.00041020153
-0.052269882
-0.00044463491
-0.052219636
-0.00048259994
-0.052355758
-0.00052331146
-0.052572699
-0.00056753942
-0.052476305
-0.00061525801
-0.051866264
-0.00066708553
-0.050866673
-0.00072411594
-0.049459502
-0.00078622402
-0.047769547
-0.00085354099
-0.046025998
-0.00092660427
-0.044217432
-0.0010059394
-0.042029311
-0.0010922831
-0.039160747
-0.00118706
-0.03584383
-0.0012907743
-0.032470532
-0.0014031091
-0.029038707
-0.0015250117
-0.024976098
-0.0016582352
-0.01967218
-0.0018038633
-0.012878405
-0.0019643821
-0.004615401
-0.0021415755
0.0040939719
-0.0023357146
0.013347759
-0.0025475405
0.023118164
-0.0027802871
0.032243909
-0.0030311668
0.040136898
-0.0033035153
0.046047947
-0.003595513
0.049594151
-0.003910136
0.050257005
-0.0042465485
0.048487326
-0.0046053846
0.045007945
-0.004990667
0.039339741
-0.0054063744
0.034960856
-0.0058446448
0.035461673
-0.0063397061
0.038055763
-0.0068812456
0.04190356
-0.0074782109
0.043874659
-0.0081273902
0.043296282
-0.0088178148
0.041618762
-0.0095643064
-0.010367125
-0.042015439
-0.00024202197
-0.050302964
-0.00034492679
-0.051428312
-0.00038055426
-0.051597228
-0.00041246844
-0.051583942
-0.00044708364
-0.051647609
-0.00048520821
-0.051764341
-0.00052616223
-0.051788716
-0.00057076274
-0.051502915
-0.00061878504
-0.050777469
-0.00067104955
-0.049687076
-0.00072824397
-0.04819911
-0.00079077979
-0.046508763
-0.00085830762
-0.044823583
-0.00093185312
-0.04319463
-0.001011447
-0.041221435
-0.0010982069
-0.038489359
-0.0011931582
-0.035114603
-0.0012974142
-0.031608274
-0.0014103189
-0.02818992
-0.00153315
-0.024438733
-0.0016668871
-0.019641628
-0.0018128772
-0.013318833
-0.0019731755
-0.0052763102
-0.0021507059
0.0033559735
-0.0023453181
0.012881603
-0.002557085
0.022932899
-0.0027910129
0.032041896
-0.0030425985
0.039759931
-0.0033159254
0.045429449
-0.0036084117
0.048753446
-0.0039241738
0.049230553
-0.0042613023
0.04735672
-0.004621466
0.043817751
-0.0050075163
0.038195815
-0.0054253853
0.03397135
-0.005864663
0.034613612
-0.0063626866
0.037209751
-0.0069056354
0.040874693
-0.0075044285
0.042625136
-0.0081533271
0.04200402
-0.008845453
0.040255743
-0.0095941611
-0.010399437
-0.041211265
-0.00024325074
-0.048743119
-0.00034720869
-0.050033792
-0.000383025
-0.050429618
-0.00041486731
-0.050523068
-0.00044969071
-0.05049348
-0.00048803196
-0.050277018
-0.00052926355
-0.049983441
-0.00057426985
-0.049589203
-0.00062269057
-0.048988782
-0.0006751716
-0.048088039
-0.0007325153
-0.046795953
-0.00079516944
-0.045223307
-0.00086290604
-0.043583287
-0.00093687054
-0.042012715
-0.0010170305
-0.040177206
-0.0011042685
-0.037605176
-0.0011996747
-0.034253263
-0.0013044073
-0.030543254
-0.0014181635
-0.026827989
-0.001542065
-0.022963927
-0.0016769307
-0.018410318
-0.001823665
-0.012589495
-0.0019844196
-0.0049771595
-0.0021620759
0.0032484049
-0.0023567679
0.012532192
-0.0025679598
0.022479149
-0.0028029669
0.031361733
-0.0030541879
0.038823987
-0.0033282403
0.044237712
-0.0036208188
0.047340134
-0.0039373399
0.047641327
-0.0042747853
0.045661501
-0.0046359733
0.042026103
-0.0050229135
0.036406474
-0.0054418715
0.032408109
-0.0058823003
0.033319347
-0.0063824941
0.036065795
-0.006926586
0.039660598
-0.0075277565
0.041212701
-0.0081774162
0.040552438
-0.0088714834
0.038750293
-0.0096227131
-0.01042927
-0.039624659
-0.00024335611
-0.046887643
-0.00034905565
-0.048237594
-0.00038500044
-0.048753681
-0.00041669483
-0.048928977
-0.00045164542
-0.048892977
-0.00049010683
-0.048498502
-0.00053159538
-0.048102393
-0.00057685582
-0.047731516
-0.00062556919
-0.047466452
-0.00067812211
-0.04704314
-0.00073531599
-0.046188453
-0.00079778214
-0.044804348
-0.00086521021
-0.043042291
-0.00093956776
-0.041288227
-0.0010201823
-0.03939626
-0.0011082979
-0.036857391
-0.0012039649
-0.033424263
-0.0013092058
-0.029463213
-0.0014232291
-0.025477054
-0.0015480112
-0.021552845
-0.0016832791
-0.017214862
-0.0018304697
-0.011769139
-0.0019911277
-0.004417196
-0.0021691874
0.0034848684
-0.0023657591
0.012408359
-0.002577824
0.021990383
-0.0028129174
0.030497921
-0.0030645252
0.037695771
-0.0033385108
0.042971038
-0.003631305
0.046006992
-0.0039483665
0.046212747
-0.0042860328
0.044236703
-0.0046480561
0.04055093
-0.0050360133
0.035076694
-0.0054554028
0.031420808
-0.0058985389
0.032441429
-0.0064009993
0.035278845
-0.0069473503
0.03873796
-0.0075515385
0.040075885
-0.008201384
0.039363121
-0.0088969581
0.037491873
-0.0096499851
-0.010456678
-0.038459301
-0.00024368302
-0.045624941
-0.00035128169
-0.047048335
-0.00038741637
-0.047627473
-0.00041914993
-0.047844542
-0.00045429024
-0.047647323
-0.00049295283
-0.046984124
-0.00053480517
-0.04648118
-0.0005804536
-0.046122961
-0.00062961808
-0.046234836
-0.00068233785
-0.046491766
-0.00073926586
-0.046486962
-0.00080146229
-0.045576586
-0.00086862657
-0.043584755
-0.00094275597
-0.041190701
-0.0010245147
-0.038728941
-0.001113078
-0.036039893
-0.0012097412
-0.032679538
-0.0013148666
-0.028746323
-0.0014298765
-0.024708196
-0.0015549847
-0.020938849
-0.0016917495
-0.016952241
-0.0018385398
-0.011871648
-0.0019997967
-0.0045252704
-0.0021765189
0.0034408713
-0.0023754002
0.012292258
-0.0025870067
0.021838064
-0.0028216013
0.030169654
-0.0030734638
0.037169273
-0.0033474746
0.042257181
-0.0036409049
0.045079775
-0.0039590727
0.045075123
-0.0042976573
0.043027444
-0.004661005
0.039229073
-0.0050501836
0.033701938
-0.0054710202
0.030102635
-0.0059162898
0.031158339
-0.00642015
0.034063519
-0.0069681312
0.037466365
-0.0075734197
0.038680272
-0.0082231004
0.037901714
-0.0089201468
0.035975703
-0.0096744326
-0.010481624
-0.03631311
-0.00024511508
-0.043200583
-0.0003542857
-0.044563924
-0.00039039049
-0.045164723
-0.00042230334
-0.04533103
-0.00045762506
-0.045012313
-0.00049654545
-0.044011217
-0.00053878593
-0.043200298
-0.00058490961
-0.042693593
-0.00063461097
-0.043410916
-0.00068787294
-0.044682142
-0.00074547156
-0.04545014
-0.00080802584
-0.045390827
-0.00087574664
-0.043370861
-0.00094989802
-0.040439649
-0.0010324034
-0.037701756
-0.0011209162
-0.034932129
-0.0012181948
-0.031542312
-0.0013234098
-0.027136407
-0.001439674
-0.022381214
-0.0015657688
-0.018052978
-0.0017043468
-0.014222544
-0.0018516535
-0.0097457397
-0.0020134874
-0.0032536984
-0.0021900747
0.0042319241
-0.0023878008
0.012292358
-0.0025994909
0.020966351
-0.0028350188
0.028728402
-0.0030864237
0.035423279
-0.0033613233
0.040385177
-0.0036550471
0.043156879
-0.003974327
0.043094012
-0.0043137938
0.041080598
-0.0046783378
0.03721089
-0.0050688592
0.031772767
-0.005490412
0.028549667
-0.0059380562
0.029839383
-0.0064436216
0.03294451
-0.0069925006
0.036313213
-0.0076004058
0.037436749
-0.0082523675
0.036674504
-0.0089526717
0.034862576
-0.0097084156
-0.010520177
-0.037061078
-0.00024764605
-0.043888011
-0.00035696394
-0.045045713
-0.00039321213
-0.045445374
-0.00042549703
-0.045495714
-0.00046108062
-0.045055303
-0.00050025584
-0.043948492
-0.00054292289
-0.042806401
-0.00058936599
-0.041926336
-0.00063958955
-0.041592284
-0.00069350971
-0.041583265
-0.00075230256
-0.041661641
-0.00081572567
-0.041072818
-0.00088435875
-0.039489837
-0.00095942812
-0.037601695
-0.0010418765
-0.035892988
-0.0011309734
-0.033869229
-0.0012281513
-0.030635473
-0.001334466
-0.026049698
-0.0014512796
-0.021006628
-0.0015791271
-0.016694137
-0.0017182231
-0.013208331
-0.0018671622
-0.0091353969
-0.0020290678
-0.0028536617
-0.0022078517
0.0041597414
-0.0024058592
0.012145768
-0.0026191023
0.020479444
-0.002855711
0.027821588
-0.0031082196
0.034220031
-0.0033846813
0.039072229
-0.0036796632
0.041831061
-0.0040007983
0.041754626
-0.0043417228
0.039783256
-0.004708409
0.035931358
-0.005101612
0.030737256
-0.0055251244
0.027892776
-0.0059773071
0.029251599
-0.0064870247
0.032370742
-0.007039203
0.035569448
-0.0076525228
0.03652522
-0.0083064103
0.035707382
-0.0090108635
0.033925502
-0.0097675549
0.032523446
-0.010585564
-0.01147573
-0.03670343
-0.00024981027
-0.043479646
-0.00035994095
-0.04454562
-0.00039631416
-0.044886307
-0.00042892201
-0.044837541
-0.0004647056
-0.044337837
-0.00050429806
-0.043271561
-0.00054729076
-0.042039472
-0.00059409731
-0.041020194
-0.00064473856
-0.040480469
-0.00069928839
-0.040242939
-0.00075874293
-0.040154001
-0.00082286015
-0.039551077
-0.00089200292
-0.038062928
-0.0009678244
-0.036302081
-0.0010505614
-0.034728667
-0.0011403246
-0.032802739
-0.0012376751
-0.029577578
-0.0013448438
-0.024999272
-0.0014625085
-0.020053254
-0.0015919852
-0.015995334
-0.0017323135
-0.012752865
-0.0018825406
-0.0088658823
-0.0020449407
-0.002469356
-0.0022246553
0.0045330274
-0.0024245947
0.012082532
-0.0026378643
0.020142798
-0.0028753903
0.027285361
-0.0031291406
0.0335613
-0.0034070652
0.038293589
-0.0037039324
0.040932024
-0.0040270437
0.040755773
-0.0043699629
0.03878499
-0.0047390591
0.034959956
-0.0051354661
0.029914513
-0.0055614174
0.027239541
-0.0060198329
0.028581378
-0.0065346551
0.031647269
-0.0070909608
0.0346807
-0.0077086783
0.035491098
-0.0083653654
0.034630813
-0.009074771
0.032872664
-0.0098321579
0.031557071
-0.010658869
-0.011548931
-0.036625504
-0.00025177976
-0.043740087
-0.00036361893
-0.044500936
-0.00039998824
-0.044579657
-0.00043285697
-0.044261193
-0.00046882471
-0.043553686
-0.00050899402
-0.042494032
-0.00055225496
-0.041184683
-0.00059964472
-0.039901762
-0.00065069944
-0.038890136
-0.00070600902
-0.038391007
-0.00076612783
-0.038234362
-0.00083090529
-0.037759862
-0.00090057637
-0.036621685
-0.00097667864
-0.035322203
-0.0010601287
-0.034410324
-0.0011501677
-0.033083282
-0.0012479087
-0.029988905
-0.0013554693
-0.024932566
-0.0014742537
-0.01907706
-0.0016054037
-0.014324104
-0.0017477762
-0.011178219
-0.001899348
-0.0079452662
-0.0020624099
-0.0021380118
-0.002242334
0.0044488809
-0.0024435078
0.011724123
-0.0026577213
0.019554257
-0.0028972855
0.026539375
-0.0031525304
0.032774137
-0.0034327846
0.037496222
-0.0037316772
0.040095366
-0.0040572346
0.039831819
-0.0044023742
0.03782698
-0.0047744222
0.033932284
-0.0051733561
0.02884855
-0.0056030508
0.026223108
-0.0060644531
0.027624846
-0.0065827517
0.030737224
-0.0071393199
0.033749919
-0.00776097
0.034539414
-0.0084184671
0.033713576
-0.0091310692
0.032015512
-0.0098902191
0.030756279
-0.010719997
-0.011610063
-0.035998508
-0.00025360428
-0.043011735
-0.00036721612
-0.043703995
-0.00040392085
-0.043726601
-0.00043703294
-0.043328828
-0.00047327921
-0.042474934
-0.00051390721
-0.041229983
-0.00055759385
-0.039702953
-0.00060555547
-0.038249259
-0.00065717272
-0.037145361
-0.00071312905
-0.036678116
-0.00077384779
-0.036725331
-0.00083891376
-0.036632198
-0.00090920646
-0.035730662
-0.00098561477
-0.034567539
-0.0010696255
-0.033939199
-0.001160255
-0.032929052
-0.0012583418
-0.029957025
-0.0013663898
-0.024674856
-0.0014862176
-0.018300619
-0.0016186143
-0.013073887
-0.0017628221
-0.0099650457
-0.0019151527
-0.0072070589
-0.0020784326
-0.0019408928
-0.0022574042
0.0043562777
-0.0024569608
0.011334699
-0.0026755381
0.018941329
-0.0029159566
0.025842757
-0.0031734002
0.032047613
-0.0034552125
0.036695523
-0.0037559788
0.039137415
-0.0040829822
0.038698708
-0.004429875
0.036673582
-0.0048049184
0.032675071
-0.0052047902
0.027660674
-0.0056393345
0.02533305
-0.0060987442
0.026880162
-0.006617657
0.03008056
-0.0071716299
0.033045175
-0.0077981927
0.033800311
-0.0084517678
0.033006225
-0.0091635472
0.031395718
-0.0099251459
0.030263387
-0.010746177
-0.011638678
-0.034995225
-0.0002539513
-0.041944496
-0.00036946348
-0.042587762
-0.00040650408
-0.042561829
-0.0004397787
-0.042066163
-0.0004762566
-0.041044126
-0.0005171472
-0.039584769
-0.00056120203
-0.037812342
-0.00060955057
-0.036136538
-0.00066165294
-0.034938437
-0.00071809718
-0.034528111
-0.00077923275
-0.034896006
-0.00084427601
-0.035304499
-0.00091483503
-0.034757406
-0.00099166518
-0.033789162
-0.0010757052
-0.033385125
-0.0011669579
-0.032767586
-0.0012651848
-0.029982184
-0.0013731258
-0.024433319
-0.0014940149
-0.017446252
-0.0016270296
-0.011654338
-0.0017733128
-0.0086215895
-0.0019259328
-0.006542563
-0.0020892682
-0.0021099995
-0.0022663035
0.0039586644
-0.0024644122
0.010873098
-0.0026859079
0.018379167
-0.0029248329
0.025285328
-0.0031834699
0.031443441
-0.0034643845
0.035957287
-0.0037660622
0.038160364
-0.0040922859
0.037577314
-0.0044389835
0.035521069
-0.0048145438
0.03151626
-0.0052141018
0.026763238
-0.005648425
0.024802415
-0.006106935
0.026471526
-0.0066263333
0.029749747
-0.0071798505
0.032655217
-0.0078079195
0.03336172
-0.0084574082
0.032589434
-0.0091672646
0.031132253
-0.0099303121
0.030215732
-0.010744403
-0.011631631
-0.033785422
-0.00025418158
-0.040618354
-0.00037033238
-0.041190515
-0.00040743152
-0.041093517
-0.00044072782
-0.040499729
-0.00047733651
-0.039328815
-0.00051834837
-0.03765353
-0.00056265831
-0.03563053
-0.00061128982
-0.033684113
-0.00066375862
-0.032308328
-0.00072059068
-0.03214786
-0.00078199035
-0.033035031
-0.00084706951
-0.033757368
-0.0009175942
-0.033451766
-0.0009945966
-0.032690135
-0.0010788905
-0.032461403
-0.0011703052
-0.032195592
-0.0012687638
-0.029533323
-0.0013764497
-0.023730676
-0.0014980885
-0.016146219
-0.0016323125
-0.0095820247
-0.0017806501
-0.0062417461
-0.0019357019
-0.0046289562
-0.0021000423
-0.0014746947
-0.0022750664
0.0038782135
-0.0024712869
0.010590817
-0.0026897816
0.017845733
-0.0029268982
0.024694841
-0.0031848746
0.030821088
-0.0034644682
0.035230541
-0.0037661221
0.037257918
-0.0040906856
0.036644433
-0.0044365239
0.034631938
-0.0048115819
0.030693007
-0.00520998
0.026218783
-0.0056424977
0.024626652
-0.0061014266
0.026417744
-0.006620706
0.029699878
-0.0071718652
0.03252097
-0.0077982227
0.033245975
-0.0084398619
0.032540603
-0.0091453945
0.031293176
-0.0099032862
0.030608365
-0.010718967
-0.011596016
-0.033946048
-0.00025574162
-0.040658877
-0.00036983796
-0.041180304
-0.00040665163
-0.040954303
-0.00043987162
-0.040188739
-0.00047648331
-0.038788879
-0.00051744025
-0.036752104
-0.0005618066
-0.034291181
-0.00061062803
-0.031892129
-0.00066328789
-0.030197046
-0.00072020567
-0.030067874
-0.00078162161
-0.031297254
-0.00084665482
-0.032329484
-0.00091690735
-0.032277488
-0.00099384991
-0.031754158
-0.0010781898
-0.031863954
-0.0011694523
-0.03222514
-0.0012675518
-0.029756403
-0.0013751901
-0.023491815
-0.0014967148
-0.014580888
-0.0016321038
-0.0062319178
-0.0017813883
-0.0018592564
-0.0019390676
-0.00029583124
-0.0021057056
0.00087195509
-0.0022813006
0.0044611128
-0.0024741043
0.010746229
-0.0026895297
0.017728117
-0.0029242429
0.024555663
-0.0031816221
0.030682907
-0.003459863
0.035036024
-0.0037610917
0.03690475
-0.0040838243
0.036232633
-0.0044285076
0.034195156
-0.0048028941
0.030270097
-0.0051988195
0.026045691
-0.0056307789
0.024780915
-0.0060865725
0.026661752
-0.0066029467
0.029983963
-0.0071519442
0.032781489
-0.0077731277
0.033506644
-0.0084121744
0.032825828
-0.0091161988
0.03160448
-0.0098718882
0.030853917
-0.010693277
-0.01157363
-0.035143488
-0.0002574603
-0.041700028
-0.00036902761
-0.042263548
-0.00040536817
-0.041893081
-0.00043857344
-0.040942796
-0.00047514011
-0.03948505
-0.00051604538
-0.037044434
-0.00056050488
-0.034010847
-0.00060950438
-0.031362361
-0.00066225763
-0.029684694
-0.00071880833
-0.029623787
-0.00077979715
-0.03098309
-0.0008439704
-0.032152077
-0.00091369648
-0.032044748
-0.00099049209
-0.031396173
-0.0010753737
-0.031490014
-0.0011667839
-0.031883044
-0.0012649379
-0.029424761
-0.0013721641
-0.022932959
-0.001493678
-0.01357633
-0.0016288899
-0.004388296
-0.0017792428
0.0017925429
-0.0019375254
0.0046631009
-0.002105848
0.0053619743
-0.0022830806
0.0073541194
-0.0024748279
0.011911154
-0.0026880507
0.018062084
-0.0029202595
0.024624708
-0.0031769539
0.03065886
-0.003453396
0.034940511
-0.0037541318
0.036710178
-0.0040745547
0.036026712
-0.0044178669
0.034031344
-0.0047905981
0.030236292
-0.0051851794
0.026333568
-0.005615093
0.025347818
-0.0060698896
0.027194418
-0.0065841783
0.030514629
-0.0071336991
0.033156541
-0.0077507762
0.033625948
-0.0083942615
0.032740494
-0.0090998817
0.031341818
-0.0098579033
0.030499855
-0.010680521
0.029127686
-0.011562304
-0.012459285
-0.035465498
-0.00025862876
-0.041560477
-0.00036852404
-0.042093571
-0.00040436346
-0.041872359
-0.00043748993
-0.040964118
-0.00047396585
-0.039112734
-0.00051484362
-0.035984139
-0.00055945511
-0.032547358
-0.00060859007
-0.030100145
-0.00066138425
-0.029185304
-0.00071752377
-0.03082117
-0.00077770787
-0.033653325
-0.00084065577
-0.035036666
-0.00090957296
-0.034209718
-0.00098614513
-0.032329588
-0.0010717298
-0.031606162
-0.0011634082
-0.031490732
-0.0012617626
-0.028984253
-0.0013686961
-0.022301688
-0.0014901378
-0.012494832
-0.0016256517
-0.0026529325
-0.0017758627
0.0038012132
-0.0019343676
0.0064807805
-0.0021024872
0.0071068117
-0.0022804155
0.0088152109
-0.0024720774
0.012830423
-0.0026831691
0.018550565
-0.0029137505
0.024945493
-0.0031681909
0.03088941
-0.0034435684
0.035077662
-0.0037429223
0.036716823
-0.0040625035
0.036037394
-0.0044053221
0.03408258
-0.0047769828
0.030501151
-0.0051722433
0.026813836
-0.0056014921
0.025790449
-0.0060600764
0.027445699
-0.0065757037
0.030518687
-0.0071249774
0.032889774
-0.0077458563
0.033156265
-0.0083876792
0.032119995
-0.0090922081
0.030639119
-0.0098464277
0.029697087
-0.01066249
0.026547803
-0.035458091
-0.00025944519
-0.041406799
-0.00036814262
-0.041868372
-0.00040357465
-0.041548801
-0.00043662473
-0.040476427
-0.00047308695
-0.038401162
-0.00051392503
-0.034846721
-0.00055869495
-0.031156794
-0.00060797564
-0.028663825
-0.000660872
-0.028186065
-0.00071686954
-0.030988466
-0.00077613611
-0.034932228
-0.00083805706
-0.036781508
-0.00090604756
-0.035782084
-0.00098227664
-0.033425177
-0.0010679824
-0.032491408
-0.0011595217
-0.03237521
-0.0012575055
-0.029982064
-0.0013640048
-0.023062146
-0.0014850769
-0.01292072
-0.0016215677
-0.0022142692
-0.0017714491
0.0055998125
-0.0019316073
0.0096087306
-0.0021004841
0.011392128
-0.0022803135
0.013060128
-0.0024730305
0.015917508
-0.0026828703
0.020284215
-0.0029119521
0.025854513
-0.0031640195
0.031369537
-0.0034388626
0.035311908
-0.0037372862
0.036719812
-0.0040574588
0.035971881
-0.0044006331
0.033940365
-0.0047726684
0.030377904
-0.0051684072
0.026680449
-0.005599124
0.025505311
-0.0060580191
0.026967511
-0.0065730613
0.029888842
-0.0071217787
0.03205203
-0.0077416467
0.032063047
-0.0083795333
0.030795784
-0.0090824289
0.029108967
-0.0098337774
-0.010649768
-0.035890964
-0.00026031589
-0.041638856
-0.00036842926
-0.041984269
-0.00040361961
-0.041428046
-0.00043670191
-0.040053079
-0.00047312763
-0.037593052
-0.0005140409
-0.033300737
-0.00055899508
-0.028998712
-0.00060855102
-0.026111907
-0.00066167795
-0.026306007
-0.00071767781
-0.030751558
-0.00077605945
-0.035996795
-0.0008369466
-0.03844993
-0.00090416858
-0.037493715
-0.00098017933
-0.034975194
-0.0010658487
-0.034048022
-0.0011572411
-0.034147157
-0.0012548042
-0.032082145
-0.001360687
-0.024765231
-0.0014812406
-0.013779627
-0.0016183117
-0.001476115
-0.0017680575
0.0083455747
-0.0019318318
0.013564365
-0.0021017567
0.016039856
-0.0022829819
0.017194893
-0.002476693
0.018550229
-0.0026864338
0.02126468
-0.0029149085
0.025800448
-0.0031662435
0.030947635
-0.0034407646
0.034787345
-0.0037396119
0.036103167
-0.0040597108
0.035311031
-0.0044030421
0.033191285
-0.0047752164
0.029601282
-0.0051710014
0.025739641
-0.0056017476
0.024252758
-0.0060593411
0.025570194
-0.0065730482
0.0282727
-0.0071237237
0.030315335
-0.0077415106
0.030362632
-0.0083803721
0.02918709
0.027787395
-0.034975608
-0.00026064027
-0.040598779
-0.00036929108
-0.040863721
-0.0004044863
-0.040228285
-0.00043765397
-0.038739935
-0.00047408203
-0.036072062
-0.00051515181
-0.031304801
-0.00056029176
-0.026525552
-0.00061019792
-0.023272894
-0.00066370267
-0.024110762
-0.00071997404
-0.029988435
-0.00077804283
-0.036232979
-0.00083815408
-0.039118103
-0.00090485268
-0.038127859
-0.0009808252
-0.035426921
-0.0010666384
-0.034445357
-0.0011581001
-0.03459275
-0.0012554823
-0.03261567
-0.0013610771
-0.025098145
-0.001481403
-0.013844068
-0.0016189878
-0.0011796857
-0.001767942
0.0092314323
-0.0019326736
0.014881155
-0.0021024309
0.017448107
-0.0022840196
0.018195638
-0.0024782921
0.018844675
-0.0026885346
0.020742368
-0.0029174221
0.024671814
-0.0031690945
0.029685064
-0.003443836
0.033424143
-0.0037437518
0.034498319
-0.0040639683
0.033530984
-0.0044076854
0.03128781
-0.0047796684
0.027439472
-0.005175855
0.023257913
-0.0056053394
0.021884903
-0.0060634538
0.023595906
-0.0065779808
0.02677523
-0.0071311539
0.029167378
-0.0077498667
-0.034668025
-0.00026207635
-0.040170502
-0.00037080775
-0.040400249
-0.00040610299
-0.039774162
-0.00043928544
-0.03826921
-0.00047587434
-0.03546099
-0.00051701937
-0.030275175
-0.00056233192
-0.024793039
-0.00061242821
-0.020863234
-0.00066621032
-0.021517801
-0.00072288722
-0.028266556
-0.00078183037
-0.035689923
-0.00084231246
-0.03907868
-0.00090933307
-0.038042349
-0.0009856046
-0.035105194
-0.0010715954
-0.034076864
-0.001163191
-0.034309358
-0.0012604455
-0.032303479
-0.0013666395
-0.024345466
-0.0014874335
-0.012591789
-0.0016252008
0.00014270289
-0.0017738618
0.010157294
-0.0019380688
0.015038884
-0.0021077148
0.017088776
-0.0022894291
0.01752506
-0.0024837406
0.017808765
-0.0026949503
0.019174533
-0.002924985
0.022638578
-0.0031772218
0.027651533
-0.003452416
0.0314813
-0.0037533393
0.032463295
-0.0040732831
0.031369462
-0.0044173751
0.029100845
-0.0047893488
0.025351048
-0.0051864617
0.021600646
-0.0056165164
0.020821875
-0.0060786701
0.022835609
-0.0065952032
0.026232252
-0.0071520773
-0.034535567
-0.00026173311
-0.040120104
-0.00037236225
-0.040465035
-0.00040832187
-0.039985565
-0.00044170387
-0.03869871
-0.00047855014
-0.036189278
-0.00051983633
-0.03154912
-0.00056528038
-0.026519754
-0.00061538566
-0.022949546
-0.00066931298
-0.022425924
-0.00072620815
-0.027144213
-0.000785905
-0.033460731
-0.00084742554
-0.036347085
-0.00091537859
-0.035555397
-0.00099216596
-0.033216413
-0.0010781641
-0.0325598
-0.0011702032
-0.032939911
-0.001268182
-0.03081758
-0.0013752324
-0.022999286
-0.0014965078
-0.011590276
-0.0016345505
0.00010940629
-0.0017840348
0.0086330284
-0.0019458403
0.01243504
-0.0021163517
0.013288017
-0.002297361
0.012561284
-0.0024910511
0.012383557
-0.0027027447
0.014480747
-0.0029342024
0.019507424
-0.0031896049
0.02578092
-0.0034671589
0.030063109
-0.0037690165
0.031251752
-0.0040909788
0.030287519
-0.0044369767
0.028236413
-0.0048111819
0.024756084
-0.0052116761
0.021419116
-0.0056442706
0.02096963
-0.006109273
0.023011676
-0.0066277999
-0.032606246
-0.00025648449
-0.038090839
-0.00037432924
-0.038459389
-0.00041137671
-0.037971099
-0.000445031
-0.03668067
-0.00048201565
-0.034262506
-0.00052349782
-0.029895994
-0.00056870451
-0.025323662
-0.00061841462
-0.022087905
-0.00067208503
-0.022540043
-0.0007293289
-0.027764032
-0.00079014397
-0.033583516
-0.00085340603
-0.036248603
-0.00092309448
-0.035501121
-0.001000548
-0.033309564
-0.0010862546
-0.032600012
-0.0011787247
-0.032793431
-0.0012778584
-0.030723633
-0.0013855257
-0.023637141
-0.0015074701
-0.013314111
-0.0016435751
-0.0030322977
-0.0017925837
0.0036330526
-0.0019494674
0.005424749
-0.002118812
0.0044599018
-0.0023003106
0.0045203429
-0.0024968671
0.0073974823
-0.0027137544
0.012803548
-0.0029487417
0.01972947
-0.0032075929
0.026106314
-0.0034868968
0.030268228
-0.0037900564
0.031544692
-0.0041139221
0.030807471
-0.0044622442
0.028987601
-0.0048386261
0.025777789
-0.005242434
0.022542072
-0.0056765902
0.021766467
-0.0061497162
-0.02877676
-0.00025111909
-0.034922108
-0.00037561311
-0.035463553
-0.00041504431
-0.035362834
-0.00044863124
-0.034781389
-0.00048574645
-0.033527817
-0.00052722442
-0.031721538
-0.00057209286
-0.029517034
-0.00062141697
-0.027414665
-0.00067457446
-0.026118047
-0.00073179975
-0.027154315
-0.00079336229
-0.029433514
-0.00085886168
-0.030444876
-0.00093037449
-0.030191064
-0.0010085702
-0.029407551
-0.0010949113
-0.02934142
-0.0011876217
-0.029438786
-0.0012882734
-0.027036745
-0.0013976587
-0.021669796
-0.0015200202
-0.01557142
-0.0016526732
-0.010787789
-0.001798213
-0.0084053577
-0.0019529185
-0.0060673844
-0.0021213409
-0.0020095044
-0.00230714
0.0037969033
-0.0025069599
0.010076234
-0.0027290282
0.01626227
-0.0029687619
0.022513461
-0.00322827
0.027891072
-0.0035097044
0.031313412
-0.0038134502
0.032176922
-0.0041396428
0.031246038
-0.0044903144
0.029125249
-0.0048699435
0.025684797
-0.0052763542
0.022195393
-0.0057179871
-0.02540368
-0.00024995269
-0.030906989
-0.00037728121
-0.032026885
-0.00041812162
-0.032504799
-0.00045284973
-0.032643489
-0.00049069145
-0.032226809
-0.00053254244
-0.030834339
-0.00057786057
-0.029400893
-0.00062746382
-0.028535655
-0.00068096352
-0.028845873
-0.00073832802
-0.030241468
-0.00080022401
-0.031514052
-0.00086646635
-0.031874665
-0.00093875191
-0.030542432
-0.0010177655
-0.028544053
-0.0011048696
-0.027292696
-0.0011983973
-0.025684843
-0.0012999752
-0.02270195
-0.0014117551
-0.018560281
-0.0015343621
-0.014641433
-0.0016678707
-0.011885924
-0.001811387
-0.009653867
-0.0019648757
-0.0062139799
-0.002131127
-0.0013853174
-0.0023183576
0.0043913661
-0.0025188805
0.0102419
-0.0027433419
0.015998718
-0.0029829713
0.021855553
-0.0032448027
0.026877957
-0.0035275293
0.030179599
-0.0038327866
0.031030621
-0.0041614115
0.030051091
-0.0045143924
0.027893644
-0.0048975955
0.024181249
-0.0053067439
-0.025347062
-0.00025324503
-0.030989348
-0.00038064188
-0.031626056
-0.0004215976
-0.031400367
-0.00045662193
-0.03093448
-0.00049479233
-0.03022637
-0.00053716059
-0.028879505
-0.00058308603
-0.027251087
-0.00063336479
-0.025879182
-0.00068767421
-0.025378464
-0.00074598341
-0.026317438
-0.00080901796
-0.027869136
-0.00087547694
-0.028489022
-0.00094840451
-0.02777512
-0.0010282085
-0.026539166
-0.0011155176
-0.026043813
-0.0012099207
-0.025066355
-0.0013117547
-0.02202544
-0.0014241999
-0.016967867
-0.0015490208
-0.012165535
-0.001685553
-0.0094051896
-0.0018319998
-0.008253362
-0.001986485
-0.0062794973
-0.0021510447
-0.0020267262
-0.0023345947
0.0034965338
-0.0025364661
0.0091316266
-0.0027613811
0.014890943
-0.0029977794
0.020773582
-0.0032613927
0.025810846
-0.0035422446
0.028917935
-0.0038497395
0.029459721
-0.0041775373
0.028300105
-0.0045311806
0.026087054
-0.0049137555
-0.026730114
-0.00025531467
-0.032242347
-0.00038319086
-0.032839546
-0.00042397255
-0.032648335
-0.00045902154
-0.032045331
-0.00049730087
-0.030947951
-0.00053999729
-0.028788557
-0.00058628103
-0.026061648
-0.00063693064
-0.02385934
-0.00069175777
-0.022745918
-0.00075051119
-0.023826004
-0.00081390279
-0.026023244
-0.00088022097
-0.027037991
-0.00095329296
-0.026737079
-0.0010336077
-0.025953108
-0.0011216987
-0.025903446
-0.0012166663
-0.02574611
-0.0013192321
-0.022657133
-0.0014315809
-0.016248656
-0.0015587003
-0.0093836685
-0.0016971667
-0.0047612887
-0.0018482928
-0.0037023774
-0.0020054885
-0.0039640931
-0.0021720556
-0.0016788556
-0.0023543597
0.0034352302
-0.0025558995
0.0086537902
-0.0027786775
0.014253677
-0.0030168234
0.020136553
-0.003280034
0.02521856
-0.0035630059
0.028226152
-0.003871937
0.028613926
-0.00420064
0.027440901
-0.0045558705
-0.024448863
-0.00025307746
-0.030221092
-0.0003878491
-0.030819576
-0.00042958633
-0.030647913
-0.00046482595
-0.029904181
-0.00050335949
-0.028405195
-0.00054658934
-0.026423975
-0.00059330664
-0.02423172
-0.00064423737
-0.022229559
-0.00069958096
-0.021572476
-0.00075871968
-0.023649693
-0.00082229143
-0.026948482
-0.00088899007
-0.028274562
-0.00096246621
-0.027930877
-0.0010435459
-0.027037863
-0.0011324428
-0.026991998
-0.0012283014
-0.026932651
-0.001331736
-0.023844017
-0.0014450431
-0.017241224
-0.0015732979
-0.0096174593
-0.0017129271
-0.0037718643
-0.001866068
-0.0016420142
-0.002025224
-0.00096685413
-0.0021948209
0.00083157336
-0.0023794532
0.0046297405
-0.0025814132
0.0090582236
-0.002807992
0.013848734
-0.003048011
0.019349694
-0.0033153635
0.024368155
-0.0036000555
0.027632884
-0.0039113172
0.02844597
-0.0042404475
-0.022673264
-0.00024834089
-0.028339739
-0.00039537221
-0.029010977
-0.00044094589
-0.028970041
-0.00047758486
-0.028335306
-0.00051721235
-0.026906174
-0.00056149473
-0.024960016
-0.0006094135
-0.02275916
-0.00066157772
-0.020879
-0.00071814228
-0.02027063
-0.00077853225
-0.02247128
-0.0008426713
-0.025882593
-0.00090807871
-0.02720343
-0.00098177665
-0.026871046
-0.0010629205
-0.026004685
-0.0011514374
-0.025965867
-0.0012486684
-0.025939139
-0.0013537613
-0.022967028
-0.0014690637
-0.016704863
-0.0015992373
-0.0096151147
-0.0017413122
-0.0041626464
-0.001897126
-0.0020037313
-0.0020601596
-0.00096522768
-0.0022345849
0.0010399824
-0.0024226256
0.0050864423
-0.0026272212
0.0098621459
-0.0028534566
0.015130159
-0.003093451
0.020895253
-0.0033617925
0.025732721
-0.0036461916
0.028613275
-0.0039605532
-0.017842797
-0.00025152629
-0.023102527
-0.00040717894
-0.023771951
-0.00045508272
-0.023546679
-0.00049299363
-0.022585707
-0.00053428033
-0.020571831
-0.00058012557
-0.017628605
-0.00063015441
-0.013738654
-0.00068475055
-0.009807812
-0.00074436033
-0.008184457
-0.00080886503
-0.012553205
-0.00087764256
-0.019789201
-0.00094851068
-0.023374217
-0.0010258946
-0.024780707
-0.0011098569
-0.025410312
-0.0011916385
-0.026002521
-0.0012667686
-0.026236128
-0.0013704896
-0.023041853
-0.001486567
-0.016142649
-0.0016187286
-0.0074779677
-0.001763899
0.00035150902
-0.0019234689
0.0042595066
-0.0020893154
0.0061573287
-0.0022656919
0.0076749304
-0.0024562099
0.0099086678
-0.0026618396
0.012721111
-0.0028854297
0.016559139
-0.003128402
0.021214793
-0.0033948098
0.025516744
-0.0036834475
-0.019543237
-0.00025783173
-0.024634416
-0.00041068478
-0.025220712
-0.00045812288
-0.024946715
-0.00049634802
-0.02395071
-0.00053817786
-0.022002205
-0.00058454134
-0.018759833
-0.00063530883
-0.01412878
-0.00069083205
-0.0076037514
-0.00075184903
0.0010670689
-0.00081863938
0.0097248951
-0.00089089178
0.01528098
-0.00096861883
0.0168273
-0.001050091
0.011888796
-0.0011376979
-0.0058589056
-0.0012234666
-0.022298581
-0.0013016905
-0.026143551
-0.0014078278
-0.0240956
-0.0015104848
-0.016237974
-0.0016329456
-0.0066383419
-0.0017790661
0.0019535434
-0.0019381819
0.0073489643
-0.0021080934
0.0095635191
-0.0022871562
0.01093727
-0.0024816767
0.012199977
-0.0026896777
0.013561777
-0.0029189338
0.015953919
-0.0031645807
0.019686476
-0.003438229
-0.019646952
-0.00026098304
-0.024833716
-0.00041023601
-0.025338086
-0.00045666173
-0.024837996
-0.00049482877
-0.023595849
-0.00053628065
-0.021268303
-0.00058268516
-0.017732602
-0.00063316426
-0.012845021
-0.00068841772
-0.0053913144
-0.00074901096
0.0036700007
-0.00081521789
0.012624962
-0.00088760363
0.018227588
-0.00096501608
0.019598673
-0.0010471481
0.019821025
-0.0011357294
0.021432527
-0.0012321513
0.022238816
-0.0013373336
0.0074184298
-0.0014492293
-0.01441874
-0.0015551483
-0.016421334
-0.0016744327
-0.006512692
-0.0018080816
0.0017927116
-0.0019727833
0.0073823808
-0.0021443858
0.0096429292
-0.0023270576
0.010985483
-0.0025243222
0.011960052
-0.0027361402
0.01309827
-0.0029675331
0.01571442
-0.0032145414
-0.020872969
-0.00026713955
-0.026129177
-0.00041367225
-0.026564845
-0.00045947543
-0.026007218
-0.00049799794
-0.024718187
-0.00053937012
-0.022387128
-0.00058639507
-0.018792354
-0.00063706638
-0.013803643
-0.00069297644
-0.0062732989
-0.00075406131
0.0033208314
-0.00082123122
0.012867204
-0.00089467914
0.018783603
-0.00097269881
0.020522874
-0.0010554838
0.021094079
-0.0011448211
0.023168602
-0.0012417999
0.025236933
-0.0013478458
0.024373121
-0.0014608597
0.017242542
-0.0015835261
-5.6712477e-05
-0.0017135797
-0.0050942701
-0.00184224
0.0050854213
-0.0020056186
0.0094225579
-0.0021743817
0.011702601
-0.0023573555
0.013039044
-0.0025533177
0.01379513
-0.0027666264
0.014682957
-0.021652177
-0.00027285371
-0.02703457
-0.0004174718
-0.027364962
-0.00046264515
-0.026775208
-0.00050148205
-0.025414853
-0.00054304495
-0.022959448
-0.00059058341
-0.019384521
-0.00064155057
-0.01435638
-0.00069795922
-0.006593931
-0.00075953176
0.0036862372
-0.00082733401
0.014026764
-0.00090110731
0.020185776
-0.00097944848
0.02201038
-0.001062657
0.022849978
-0.0011525803
0.025328735
-0.0012500971
0.027908045
-0.0013567249
0.027594228
-0.0014703671
0.023483089
-0.0015941746
0.014128916
-0.0017280266
0.0073972114
-0.001866124
0.0087804303
-0.0020222687
0.011462412
-0.002192115
0.01371506
0.014979391
-0.022347006
-0.00027903688
-0.027733257
-0.00042223774
-0.02799053
-0.0004671892
-0.027351045
-0.00050637422
-0.025948379
-0.00054841728
-0.023384808
-0.00059646368
-0.019715124
-0.00064800815
-0.014495217
-0.00070502538
-0.0062877703
-0.00076732092
0.0044607421
-0.00083582683
0.01514809
-0.00091030174
0.021515207
-0.00098932123
0.023520592
-0.0010734125
0.024521874
-0.00116436
0.027290605
-0.0012629669
0.030124988
-0.0013705857
0.029866546
-0.001485523
0.025807948
-0.0016108678
0.017220059
-0.0017465722
0.01137271
0.012758833
-0.023103427
-0.00030914845
-0.028463975
-0.00047113166
-0.028709386
-0.00052173253
-0.028048768
-0.00056588326
-0.026615895
-0.000613199
-0.024052708
-0.00066713144
-0.020353743
-0.00072496834
-0.0150392
-0.00078881535
-0.006690784
-0.00085849623
0.004280076
-0.00093493887
0.01507015
-0.0010179272
0.021509582
-0.0011058362
0.023748
-0.0011994639
0.025026373
-0.0013010175
0.028094363
-0.0014110068
0.031122283
-0.001531353
0.030852626
-0.0016601734
0.026703869
-0.022659683
-0.00069205253
-0.027955111
-0.0011798172
-0.028204099
-0.0013509591
-0.027578701
-0.0014752972
-0.026204356
-0.0016032353
-0.0236939
-0.0017436313
-0.020056343
-0.001896086
-0.014753069
-0.0020626971
-0.0062946121
-0.0022434415
0.0047412145
-0.0024392042
0.015446998
-0.0026496218
0.021789327
-0.0028694512
0.024052334
-0.0031066974
0.025441545
-0.0033663048
0.0285941
-0.0036467906
0.0316529
-0.0039525747
-0.0042809197
-0.018110131
-0.0016994137
-0.02291151
-0.0030901739
-0.023329057
-0.0035348609
-0.023180535
-0.0038378566
-0.022306164
-0.0041522947
-0.0201981
-0.0045052153
-0.0169819
-0.0048916017
-0.012163406
-0.0053106242
-0.0041170917
-0.0057748246
0.0062592587
-0.0062602876
0.016225369
-0.0067847049
0.022148959
-0.0073345029
0.024316458
-0.0079437512
0.025803275
0.028959318
0.032056633
-0.011221304
-0.0022827132
-0.015745241
-0.0043402064
-0.017181755
-0.005024352
-0.017877175
-0.0054794771
-0.017914137
-0.0059455635
-0.016600429
-0.0064574019
-0.01382047
-0.007010755
-0.0096562193
-0.0076131862
-0.0029651024
-0.0082680837
0.0063340086
-0.0089734408
0.01558221
-0.0097356182
0.021443256
-0.010551117
-0.0088662571
-0.0022166931
-0.013450573
-0.0043822527
-0.015791093
-0.0051653709
-0.017048038
-0.0056642582
-0.017395012
-0.0061539055
-0.016445392
-0.0066832545
-0.013655945
-0.0072567235
-0.0091422898
-0.0078807069
-0.0024992324
-0.0085576389
0.0062935114
-0.0092851815
0.014939371
-0.010072451
-0.0079210857
-0.0020484276
-0.011773507
-0.0042468328
-0.0135781
-0.0050878009
-0.015056341
-0.0055974024
-0.016101706
-0.0060834741
-0.015649546
-0.0066065099
-0.012890689
-0.0071728149
-0.0079107
-0.0077896121
-0.00051811987
-0.0084586853
0.0081252208
-0.0091785408
-0.0068604307
-0.0020098253
-0.010284504
-0.0041881836
-0.011690643
-0.0050203669
-0.012627186
-0.0055224102
-0.013311487
-0.0059982105
-0.013283691
-0.0065133054
-0.011591331
-0.0070703832
-0.0078480465
-0.0076779201
-0.0018501923
-0.0083362626
-0.0071878289
-0.0021279296
-0.010502924
-0.004228057
-0.011655575
-0.0050015587
-0.012317133
-0.0054883971
-0.012709302
-0.0059601027
-0.012108342
-0.0064724092
-0.0097579242
-0.0070259025
-0.0055429088
-0.0076291055
-0.0086485154
-0.0023243988
-0.011981887
-0.0042911659
-0.012841367
-0.0049753018
-0.013176443
-0.0054419511
-0.013206317
-0.0059090037
-0.012262666
-0.0064170342
-0.0098047143
-0.0069659053
-0.010359012
-0.0024841689
-0.013915149
-0.0043197756
-0.01468154
-0.0049401322
-0.014736671
-0.0053775739
-0.014399598
-0.0058341098
-0.013238278
-0.0063356095
-0.013433135
-0.0026216871
-0.018111324
-0.004351654
-0.019478529
-0.004902736
-0.020069581
-0.0053272396
-0.019678236
-0.0057772339
-0.013912789
-0.0027736953
-0.017990123
-0.0043627777
-0.017953214
-0.0048684438
-0.017180052
-0.0052879049
-0.020038186
-0.0029515825
-0.02434903
-0.0043640414
-0.02521388
-0.004825127
-0.020429709
-0.024329085
)
;

boundaryField
{
    Side
    {
        type            empty;
    }
    Inlet
    {
        type            calculated;
        value           nonuniform List<scalar> 0();
    }
    Airfoil
    {
        type            calculated;
        value           uniform 0;
    }
    Outlet
    {
        type            calculated;
        value           nonuniform List<scalar> 0();
    }
    procBoundary24to8
    {
        type            processor;
        value           nonuniform List<scalar> 
59
(
0.015399903
0.013868829
0.012622311
0.011537267
0.010115024
0.0094461542
0.0089604158
0.0088049765
0.0092698887
0.0089353762
0.0077241159
0.0067455275
0.0069338001
0.002398771
0.020690831
0.020418364
0.020368817
0.002632594
0.032020521
0.032169212
0.002886828
0.044110586
0.044857519
0.0031562594
0.056453022
0.0034536512
0.066496321
0.065669633
0.0037692763
0.072929509
0.072710624
0.0041135251
0.077059469
0.075712448
0.004497347
0.073446322
0.072761593
0.0048851235
0.069902253
0.069956926
0.0052947357
0.061163308
0.060576895
0.0057231164
0.05210503
0.052705025
0.052663023
0.006157847
0.050308482
0.0066800446
0.051220389
0.048856333
0.0073354378
0.051774715
0.050737869
0.0079950417
0.054979176
0.0086735041
0.0094088783
)
;
    }
    procBoundary24to16
    {
        type            processor;
        value           nonuniform List<scalar> 
33
(
0.052817864
0.052110261
0.051186419
0.050651337
0.050016969
0.049294945
0.048871653
0.048372946
0.047751547
0.04705325
0.046265641
0.045401489
0.010299888
0.042642021
0.04170499
0.040716685
0.039650055
0.038213078
0.036765928
0.035554113
0.034179346
0.033298406
0.011408155
0.032178182
0.031220411
0.030491319
0.03012112
0.030196081
0.03051593
0.030335166
0.012519475
0.020249975
0.01565318
)
;
    }
    procBoundary24to36
    {
        type            processor;
        value           nonuniform List<scalar> 
77
(
-0.01154316
-0.012352274
0.027978347
-0.0090840028
-0.0098372996
0.02680533
-0.010657904
0.029424893
-0.0083911484
0.028682131
-0.0077721121
0.026401317
-0.007189017
0.023417314
-0.0066730405
0.021128505
-0.0061955143
0.020569066
-0.0057522716
0.0226282
-0.0053223462
0.025366041
-0.0049400965
0.027529552
-0.0045974701
0.029001403
-0.0042911743
0.028032955
-0.0039999502
0.023770719
-0.0037304531
0.019637109
-0.0034908214
-0.0029945633
0.016995153
-0.0032450318
-0.0023759111
-0.0025740515
0.015487293
-0.0027896585
-0.0018882193
-0.0020478875
0.01499462
-0.0022202758
-0.0018004292
0.018416094
-0.0019525442
0.031348228
-0.0086166303
-0.0093437305
-0.010122751
0.032021013
-0.010961002
0.024447802
-0.011437159
0.020644801
-0.010918106
0.016001906
-0.009956954
0.0066105701
-0.0090455692
0.00087552845
-0.0082826904
-0.005538479
-0.0075632665
-0.010753562
-0.0068791094
-0.018094399
-0.0062722432
-0.016141589
-0.0057356295
-0.025106228
-0.0052355342
-0.0029824343
-0.0043326666
-0.024711464
-0.0047790441
)
;
    }
    procBoundary24to40
    {
        type            processor;
        value           nonuniform List<scalar> 
34
(
0.00021921803
0.00030124727
0.00033163324
0.00036133418
-0.095885355
0.00039355617
0.00042820248
-0.095546884
0.00046512641
0.00050384034
-0.092503827
0.00054683102
0.00059245596
0.00064266692
0.00069735499
0.00075688427
0.00082187657
-0.078371193
-0.078621577
0.00089511749
-0.073972725
0.00097543291
-0.068325667
0.0010638465
0.0011596012
0.0012640215
0.0013788033
0.0015064033
0.0016481429
-0.020061593
-0.020114042
0.001810867
0.0019847923
0.0021722343
)
;
    }
}


// ************************************************************************* //
