/*--------------------------------*- C++ -*----------------------------------*\
| =========                 |                                                 |
| \\      /  F ield         | OpenFOAM: The Open Source CFD Toolbox           |
|  \\    /   O peration     | Version:  2506                                  |
|   \\  /    A nd           | Website:  www.openfoam.com                      |
|    \\/     M anipulation  |                                                 |
\*---------------------------------------------------------------------------*/
FoamFile
{
    version     2.0;
    format      ascii;
    arch        "LSB;label=32;scalar=64";
    class       volScalarField;
    location    "0.00027";
    object      Co;
}
// * * * * * * * * * * * * * * * * * * * * * * * * * * * * * * * * * * * * * //

dimensions      [0 0 0 0 0 0 0];

internalField   nonuniform List<scalar> 
3473
(
0.00079952408
0.00084465562
0.00090727218
0.00096702174
0.0010149806
0.0010586146
0.0011116279
0.0011781992
0.0007174642
0.0007297488
0.00074343582
0.00075673397
0.00077134249
0.0007865596
0.00079774329
0.00080391921
0.00081025284
0.00082685368
0.00086248291
0.0009120362
0.00095967966
0.00099907396
0.0010452868
0.0011128034
0.0011931627
0.0012729584
0.0013584271
0.0014701526
0.0016005122
0.0016990162
0.0017035562
0.0016036764
0.001484712
0.0016083722
0.0021182659
0.0027499267
0.0032448809
0.0034040223
0.0031645437
0.0028518445
0.0026145737
0.0020355935
0.0013258197
0.0019342335
0.003529835
0.0047268862
0.0056511989
0.00071850757
0.00072737469
0.00073705525
0.00074999574
0.00076667045
0.00078542052
0.00080561059
0.00082472845
0.00083871467
0.00084851699
0.00085996522
0.00087887484
0.00090708108
0.00093893815
0.00096787146
0.00099515035
0.001029064
0.0010881016
0.0011757031
0.0012687125
0.0013646501
0.0014851661
0.0016232583
0.0017291127
0.0017366752
0.0016300816
0.0015011919
0.0016272245
0.0021541091
0.0028066005
0.0033186928
0.0034844648
0.0032280078
0.0028817476
0.0026190079
0.0020334015
0.0013413718
0.0019921156
0.0036294969
0.0048534653
0.0058012823
0.0066423887
0.0074311896
0.0081723137
0.0085846526
0.0046334944
0.00072548204
0.00073451432
0.00074551089
0.00076062906
0.000780419
0.00080355036
0.00082940061
0.0008545584
0.0008727571
0.00088316874
0.00089298201
0.00090973803
0.00093529631
0.00096404532
0.00098671251
0.0010041169
0.0010294818
0.0010754922
0.0011483122
0.0012414102
0.0013478131
0.0014777201
0.0016235785
0.0017374401
0.0017497286
0.0016375041
0.0015004606
0.0016261752
0.0021590965
0.0028285447
0.0033674958
0.0035549936
0.0032901856
0.0029110127
0.0026304982
0.002049269
0.0013516287
0.0020170732
0.0036962907
0.0049410854
0.0059028258
0.0067575325
0.0075591975
0.0083134237
0.0087403421
0.0047197511
0.00068638427
0.00069049756
0.00069500981
0.00070131429
0.00071023216
0.00072050615
0.00073139727
0.00074087883
0.0007517762
0.00076672182
0.00078610053
0.00080900023
0.00083542019
0.00086227404
0.00088265061
0.00089487029
0.00090594285
0.00092353231
0.00095037482
0.0009832185
0.0010120593
0.0010285948
0.0010409038
0.0010671213
0.0011162503
0.00118893
0.0012948427
0.001441352
0.0016006005
0.0017227151
0.0017380379
0.0016138027
0.001458176
0.0015865668
0.0021500048
0.0028576146
0.0034279764
0.0036326303
0.0033529074
0.0029357669
0.0026311179
0.0020469855
0.0013630687
0.0020700536
0.0037957401
0.0050657612
0.0060480566
0.0069223177
0.0077419876
0.00851647
0.0089629515
0.0048399648
0.00059622393
0.00060791271
0.00061504119
0.00062227415
0.00063357336
0.00064803528
0.00066152811
0.00067378379
0.00068279705
0.00068781589
0.00069216011
0.00069829615
0.0007087993
0.0007215391
0.00073397586
0.00074452484
0.00075677026
0.0007729945
0.00079180205
0.0008125293
0.00083750343
0.00086608832
0.00089151288
0.00091063336
0.00092842056
0.00095054032
0.00097930167
0.0010136689
0.0010460748
0.0010655913
0.0010711911
0.0010797108
0.0011069377
0.001152777
0.0012307323
0.0013680731
0.0015388941
0.0016745128
0.0016940363
0.0015538506
0.0013691621
0.001491275
0.002083199
0.0028336285
0.0034443748
0.0036785133
0.0033920293
0.0029367785
0.0026118324
0.0020373846
0.0013570302
0.0020840029
0.0038500203
0.0051358016
0.0061267188
0.0070075936
0.0078320525
0.0086090803
0.0090549097
0.0048843222
0.00057333062
0.00057621731
0.00058170784
0.00059130805
0.00060113012
0.00060665164
0.00061265993
0.00062411007
0.00063901276
0.0006528796
0.00066582462
0.00067586775
0.00068190642
0.00068749632
0.00069458358
0.0007061969
0.00072067501
0.00073396363
0.00074546277
0.00075896424
0.00077575302
0.000793491
0.00081189022
0.00083471836
0.0008648795
0.00089725994
0.00092658668
0.00095449575
0.00098288376
0.0010118567
0.0010429259
0.0010737921
0.0010981898
0.0011146855
0.0011303967
0.001152235
0.0011805137
0.0012195462
0.0013072844
0.001455489
0.0015825533
0.0015872121
0.0014228998
0.0011979038
0.0013217515
0.0019582404
0.0027280811
0.003358028
0.0036192781
0.0033298004
0.0028440581
0.00251382
0.0019715955
0.0013266662
0.0020656167
0.0038194992
0.0050919975
0.0060703848
0.0069358346
0.0077428764
0.0084976509
0.0089188417
0.0048022572
0.00056969988
0.00057153373
0.00057525175
0.00058293548
0.00059087066
0.00059440156
0.00059952078
0.00061181748
0.0006276224
0.00064273442
0.00065648538
0.00066688184
0.00067391247
0.00068099252
0.00068944316
0.00070135554
0.00071623538
0.00073035894
0.00074303664
0.00075769204
0.00077406978
0.00079040176
0.00080689505
0.00082678504
0.00085462648
0.00088925912
0.00092599767
0.0009630788
0.00099882703
0.0010307364
0.0010596592
0.0010867485
0.0011116074
0.0011375603
0.0011725302
0.0012172972
0.0012570481
0.0012900951
0.0013422563
0.0014306187
0.0015235265
0.0015219489
0.0012890694
0.00088327774
0.00095338701
0.0017689014
0.0026487205
0.0032624171
0.0035205988
0.0032317983
0.0027221602
0.0023836376
0.0018834909
0.0012845924
0.0020091315
0.0037067349
0.004943685
0.005896924
0.0067363192
0.0075193636
0.0082447631
0.0086361201
0.0046428809
0.00056513185
0.00056650964
0.00056895364
0.00057524695
0.00058170647
0.00058440259
0.00059022416
0.00060353307
0.00062112733
0.00063813068
0.00065271548
0.00066324336
0.00067092368
0.00067831045
0.00068693169
0.00069765269
0.00071141751
0.00072594236
0.00073901218
0.00075339541
0.00076885542
0.00078476736
0.00080177474
0.00082104326
0.00084338628
0.0008689469
0.00089896579
0.00093598975
0.00098129784
0.0010310564
0.0010763869
0.001110104
0.0011319794
0.0011526043
0.0011867289
0.0012379453
0.001292981
0.0013437417
0.0014137588
0.0015197134
0.0016158453
0.0016184556
0.0014422119
0.00087124242
0.00046592943
0.0012533967
0.0025390083
0.0033076369
0.0035687881
0.0032870831
0.0027706087
0.0024280789
0.0019459958
0.001280372
0.0019387431
0.0036740694
0.004932656
0.005899309
0.0067498787
0.0075469751
0.0082925386
0.008700052
0.0046758033
0.00055360186
0.00055864666
0.00055988126
0.00056180912
0.00056731282
0.00057330904
0.00057679477
0.00058439734
0.00059865109
0.0006181097
0.00063685686
0.00065204171
0.00066243299
0.0006702107
0.00067724444
0.00068506558
0.00069503712
0.00070855807
0.00072334992
0.00073630189
0.00074975563
0.0007644725
0.00077972569
0.00079678924
0.00081632815
0.00083587778
0.00085374072
0.00087214732
0.00089787711
0.00094071742
0.0010024856
0.0010698019
0.0011247779
0.0011590905
0.0011840267
0.0012174137
0.0012614463
0.0013058308
0.0013508459
0.0014166411
0.0015137769
0.0016072111
0.0016043883
0.0013732287
0.00081977629
0.00073116864
0.0010094446
0.0019153312
0.0032951829
0.0036731506
0.0033849185
0.0028164126
0.0024279921
0.0019248516
0.0012928521
0.0020235136
0.0038071142
0.0050973793
0.0060872963
0.0069610041
0.0077801131
0.0085502903
0.0089790669
0.0048236988
0.00054714668
0.00055342999
0.00055600826
0.00055836821
0.00056377438
0.00057054842
0.00057523072
0.00058367014
0.00059848368
0.00061883358
0.00063816812
0.00065424725
0.00066614271
0.00067586949
0.0006844794
0.00069245834
0.00070139582
0.00071395943
0.00072841949
0.00074077246
0.0007530601
0.00076706105
0.0007814624
0.00079785899
0.00081679836
0.00083543164
0.00085156244
0.00086624056
0.00088514601
0.00091918652
0.0009769169
0.0010483327
0.0011126117
0.0011610186
0.0012022253
0.0012509066
0.0013071701
0.0013568133
0.001398502
0.0014546502
0.0015421418
0.0016327967
0.0016353592
0.0014028628
0.00092411525
0.00089288958
0.0011267881
0.0015178505
0.0027939148
0.0036998799
0.003436832
0.0028468589
0.0024381197
0.0019295879
0.0013083516
0.0020697315
0.0038774338
0.0051763091
0.0061694043
0.0070467279
0.007866646
0.0086393928
0.0090713832
0.0048707172
0.00054107814
0.00054872472
0.00055304994
0.0005562606
0.00056250186
0.00057012456
0.00057558616
0.00058483041
0.00060042603
0.00062127941
0.00064075251
0.00065740215
0.00067161294
0.00068543191
0.00069906578
0.00071031
0.00071939602
0.00073082717
0.00074446164
0.00075641707
0.00076857903
0.00078343413
0.00079912352
0.00081604659
0.00083400585
0.00085099305
0.00086683684
0.00088198723
0.00089812347
0.00092343285
0.00096980838
0.0010337769
0.001097435
0.0011515271
0.0012018271
0.0012598055
0.0013285517
0.0013966103
0.001454601
0.001514055
0.001589345
0.0016549115
0.0016325383
0.0014084634
0.00094862039
0.00092364341
0.0014063272
0.0015259538
0.002423061
0.0035660577
0.003350947
0.002847934
0.0025151812
0.0020505753
0.0013011237
0.0018731882
0.0036239859
0.0048819318
0.0058372926
0.0066719026
0.0074456271
0.0081729932
0.0085705447
0.0046053654
0.00052426762
0.00053743581
0.00054741402
0.00055407438
0.00055857624
0.00056554804
0.00057359821
0.00057907353
0.00058879775
0.00060498123
0.00062445396
0.00064228935
0.0006583061
0.00067428215
0.00069174009
0.00071043653
0.00072767143
0.00074141642
0.00075434576
0.00076851341
0.00078094097
0.0007930881
0.00080898003
0.0008278473
0.00084950133
0.00087097939
0.00088868444
0.00090531741
0.00092420475
0.00094460513
0.00096880555
0.0010055037
0.0010557667
0.0011096007
0.0011584786
0.0012017602
0.0012481223
0.0013093165
0.0013894305
0.0014894003
0.0016131736
0.0017512243
0.0018612466
0.0018481191
0.0015971333
0.0010368878
0.0010325081
0.0017945326
0.0016357093
0.0022823258
0.0037262867
0.0035682144
0.003146034
0.0029010468
0.0024638395
0.0014186273
0.0018049957
0.0037673111
0.0051397297
0.006168484
0.0070817251
0.0079437623
0.0087906722
0.0093223275
0.0050196135
0.00051926241
0.0005342083
0.00054662042
0.0005556296
0.00056167794
0.00056946466
0.00057752988
0.00058284577
0.00059295704
0.0006088037
0.00062539768
0.00064144008
0.0006567708
0.00067329902
0.00069176919
0.00071174052
0.00073116504
0.00074788266
0.00076324625
0.00077856711
0.00079055093
0.00080049107
0.00081449532
0.00083378295
0.00085870975
0.00088610745
0.0009101337
0.0009305159
0.00095091635
0.00097446803
0.0010055983
0.0010495685
0.0011029853
0.0011556838
0.0012006379
0.0012380329
0.0012774013
0.0013306343
0.0014009892
0.0014939515
0.0016358761
0.0018216289
0.0019974399
0.0020668403
0.0019108463
0.0010974989
0.0010626968
0.0022304122
0.0020422658
0.002003888
0.0033942697
0.0037598554
0.0031228867
0.0026448428
0.0020724948
0.0014089887
0.0022452928
0.0041881334
0.0055714843
0.0066352353
0.0075826484
0.0084634024
0.0093207865
0.0098543111
0.0053148473
0.0005167649
0.00053308244
0.00054747216
0.00055840304
0.00056620833
0.00057519963
0.0005831304
0.00058742567
0.00059600638
0.00061000995
0.00062322174
0.0006378244
0.00065234584
0.00066925755
0.00068899017
0.00071018938
0.00073155742
0.00075093874
0.00076861118
0.00078502104
0.00079708952
0.00080607929
0.0008184444
0.00083610033
0.000859709
0.00088637532
0.00091013153
0.00093024147
0.00094983757
0.00097287571
0.0010042866
0.001048841
0.001104167
0.0011602935
0.0012089347
0.0012497173
0.0012896815
0.0013372275
0.0013960411
0.0014694017
0.0015783919
0.0017260294
0.0018717174
0.0019161516
0.0017238387
0.0010098157
0.00095811185
0.0019981145
0.0027778244
0.0020082041
0.0023222373
0.0037098021
0.0032096347
0.0028070609
0.0023127737
0.0014271117
0.0020136653
0.0039889905
0.0053830153
0.0064350383
0.0073651267
0.0082347525
0.0090861832
0.009611137
0.0051758917
0.00049484088
0.00051405719
0.00053096666
0.00054596163
0.00055833311
0.00056786192
0.00057814189
0.00058672019
0.00058953921
0.00059561085
0.00060743968
0.00061687487
0.00062920181
0.00064259249
0.00065915633
0.00067951259
0.00070173529
0.00072576159
0.00074909038
0.00077001021
0.00078784575
0.00080138934
0.00081166251
0.00082407921
0.00084075468
0.00086329583
0.00088988463
0.00091405698
0.00093395673
0.00095239138
0.00097338084
0.0010028436
0.0010483008
0.0011055894
0.0011616721
0.0012089298
0.0012473211
0.0012847671
0.0013316184
0.0013919368
0.0014699894
0.0015852019
0.0017352908
0.0018824102
0.0019302094
0.0017370666
0.0010153425
0.00097574125
0.0019857152
0.0029241827
0.0025547714
0.0021112618
0.0031404717
0.0033275634
0.0029148214
0.0023941275
0.0014555973
0.0020328359
0.0040429978
0.0054529816
0.0065159413
0.0074605205
0.0083480824
0.0092209834
0.0097750049
0.0052649723
0.00049243031
0.0005116206
0.00052829306
0.00054290098
0.00055646671
0.0005676262
0.00057915318
0.00058844696
0.00058933263
0.00059204678
0.00060099519
0.00060627403
0.00061491149
0.00062681993
0.00064252425
0.00066243649
0.00068547873
0.00071240585
0.00074072727
0.00076681873
0.00078831213
0.00080452853
0.00081615818
0.00082834011
0.00084327022
0.00086347631
0.00088904795
0.00091436586
0.00093648982
0.00095717322
0.00098067276
0.0010144526
0.0010656006
0.0011268549
0.0011850504
0.0012332891
0.0012684427
0.0012950452
0.0013239557
0.0013657288
0.001435498
0.0015631004
0.0017411555
0.0019127857
0.0019755971
0.0017653096
0.0010165791
0.00095116591
0.001958986
0.002944525
0.0031103633
0.0021503043
0.0025596127
0.0032986031
0.0028541175
0.0022967371
0.0014518693
0.0021619318
0.0041968179
0.0056347698
0.0067210095
0.0076902789
0.0085967575
0.0094857257
0.010049576
0.0054044827
0.00048889342
0.00050695823
0.00052205163
0.00053552389
0.00054975648
0.00056217339
0.00057498599
0.00058545296
0.00058562041
0.00058540381
0.00059094865
0.00059238345
0.0005973154
0.00060786311
0.00062308694
0.00064318692
0.00066791193
0.0006963413
0.00072711878
0.00075659994
0.00078140144
0.00080023945
0.00081397419
0.00082715453
0.00084217085
0.00086079282
0.0008842665
0.00090956218
0.00093361249
0.00095747748
0.00098523575
0.0010229114
0.0010746542
0.0011348653
0.0011929259
0.0012427033
0.0012830064
0.0013184304
0.0013537086
0.0013845341
0.0014149484
0.001475777
0.0015908912
0.0017329156
0.0017898462
0.0015874151
0.00094230444
0.00083616945
0.0017072358
0.002714905
0.0029548887
0.0020257467
0.0024082041
0.0032530317
0.0029141466
0.0023553789
0.0014365875
0.0020539247
0.0040235941
0.0054172717
0.0064583908
0.0073908386
0.0082712649
0.0091346856
0.0096835003
0.0052021934
0.00048538972
0.00050140199
0.00051469989
0.00052676616
0.00054104061
0.00055443443
0.00056847137
0.000580288
0.00058045294
0.0005779998
0.00058021269
0.00057944415
0.00058295206
0.00059331066
0.00060876638
0.00063044919
0.00065698357
0.00068523684
0.00071550807
0.00074526591
0.00077111928
0.00079121303
0.00080552609
0.00081881125
0.00083429231
0.00085179637
0.00087280663
0.00089581139
0.00091825966
0.00094098401
0.00096683844
0.0010014248
0.001050425
0.0011098613
0.0011683136
0.0012186675
0.0012595837
0.0012999582
0.0013511687
0.0014071236
0.0014609023
0.0015276426
0.0016266179
0.0017503376
0.001797379
0.0015897225
0.00095563034
0.00080160933
0.0016273276
0.0026690151
0.0034328485
0.0028987536
0.001916605
0.0023437374
0.0028813713
0.0022964945
0.0014309781
0.0020685425
0.0040306445
0.0054270162
0.0064777579
0.0074248803
0.0083232939
0.0092122013
0.0097861447
0.0052585855
0.00047949114
0.00049291234
0.00050434021
0.00051533645
0.00052958448
0.00054388169
0.00055910782
0.00057274158
0.00057462402
0.00057146289
0.0005721384
0.00057155368
0.00057510551
0.00058576241
0.00060189096
0.00062502796
0.00065241619
0.00068005837
0.00070941382
0.00073894811
0.00076598783
0.00078918112
0.00080689468
0.00082271888
0.00084106796
0.00085931825
0.00087842861
0.00089878184
0.00091810969
0.00093694376
0.00095809697
0.00098877465
0.0010365431
0.001095956
0.0011543342
0.0012037718
0.0012391974
0.0012704095
0.0013162413
0.001376183
0.0014395241
0.0015188325
0.0016356962
0.0017765202
0.0018345715
0.0016190669
0.0009860536
0.00078265901
0.0015808471
0.0026918844
0.003513855
0.003160991
0.0019184269
0.0020652052
0.002799051
0.002287947
0.001453124
0.0021528121
0.0042449886
0.0056766306
0.0067607047
0.0077429109
0.0086749536
0.0095980204
0.010204829
0.0054846931
0.00047326675
0.00048471071
0.0004953013
0.00050548041
0.00051940717
0.00053484063
0.00055143442
0.00056681975
0.00057124349
0.00056833315
0.00056832916
0.00056806777
0.00057215145
0.00058366501
0.00060044871
0.00062487638
0.0006541221
0.00068129349
0.0007086281
0.00073751007
0.00076808502
0.00079855455
0.00082631974
0.00085188153
0.00087881799
0.00090384087
0.00092648188
0.00094729571
0.00096485357
0.00098018351
0.00099728449
0.0010236115
0.0010671423
0.001124733
0.0011845212
0.0012366241
0.0012710436
0.0012936741
0.0013279333
0.0013857047
0.0014664334
0.0015856104
0.0017516512
0.0019291404
0.0020072344
0.0017718749
0.0011094106
0.00080201471
0.0015418601
0.0027439861
0.0036288191
0.0037231204
0.002603944
0.0015583832
0.001703835
0.0015289665
0.0012372234
0.0024760877
0.0044858052
0.0059321071
0.0070597304
0.0080755732
0.0090251771
0.0099591921
0.010579481
0.0056931844
0.00046494526
0.00047519077
0.00048567615
0.00049555458
0.00050912293
0.00052663389
0.00054505478
0.00056236995
0.00057034392
0.00056901998
0.00056897342
0.00056846037
0.00057397267
0.00058702968
0.00060479658
0.00063020916
0.00066020674
0.00068598631
0.0007101417
0.00073747933
0.00077023966
0.0008058609
0.00084209867
0.00087773706
0.00091439974
0.00095019627
0.00098389259
0.0010137034
0.0010379189
0.0010565346
0.0010738589
0.0010977412
0.0011352104
0.0011869907
0.0012450736
0.0012976964
0.0013369143
0.0013679887
0.0014075585
0.0014639239
0.0015347144
0.0016302655
0.0017761561
0.0019594402
0.0020688814
0.0018735007
0.0012762432
0.00084753068
0.0014639457
0.0027790521
0.0037175018
0.0038137517
0.0027435949
0.0015416149
0.0015407383
0.001479994
0.0013278794
0.0027285653
0.0047598213
0.006199443
0.0073363455
0.0083705126
0.0093382457
0.010291424
0.010918389
0.0058848457
0.00045839122
0.0004686322
0.00047961945
0.00048905685
0.00050173561
0.00052237304
0.00054415792
0.00056348339
0.00057492894
0.00057669332
0.00057777983
0.00057793694
0.00058480134
0.00059859883
0.0006157053
0.0006382292
0.00066258538
0.00068481126
0.00070786326
0.0007345004
0.00076668385
0.00080210686
0.00083880486
0.00087550285
0.00091355669
0.00095179615
0.00098902546
0.0010227137
0.0010514719
0.0010749452
0.0010961151
0.0011222935
0.0011588622
0.0012064211
0.0012602178
0.0013089616
0.0013459213
0.0013770475
0.0014170177
0.0014735765
0.0015436679
0.0016277716
0.0017516199
0.0019204701
0.0020346428
0.0018687615
0.0013247227
0.00088094898
0.0014663642
0.00282906
0.0037908212
0.003944388
0.0033747445
0.0020670085
0.0012071837
0.001221179
0.001338846
0.0026517489
0.0047242832
0.0062081538
0.0073689971
0.0084204079
0.0094093908
0.010389765
0.011056922
0.005957901
0.00044391306
0.0004523427
0.00046293121
0.00047439788
0.00048352521
0.00049603624
0.00052031358
0.00054747292
0.00057060514
0.00058693501
0.00059494081
0.00060083173
0.00060309863
0.00060881297
0.00062017539
0.00063226593
0.00064586592
0.00066259091
0.00068231087
0.00070478119
0.00073063444
0.00076168965
0.00079628616
0.00083250585
0.00086899256
0.00090834329
0.0009508203
0.00099541714
0.0010380775
0.0010759947
0.0011083806
0.0011401396
0.0011798997
0.0012309873
0.0012892418
0.0013453734
0.0013887573
0.0014149769
0.0014285985
0.0014444427
0.0014788361
0.0015365072
0.0016170911
0.0017491082
0.0019377967
0.0020859805
0.0019558778
0.0014244086
0.00090348369
0.0014332072
0.0028557012
0.0038598373
0.0040129029
0.0032754607
0.0020238892
0.0011306111
0.0010240077
0.0017622992
0.0033427145
0.0051587748
0.0066082886
0.0077774365
0.0088526532
0.0098664218
0.010870488
0.011549084
0.0062296136
0.00043964567
0.00044878421
0.00046007733
0.0004720724
0.00048165411
0.00049488955
0.00052320346
0.0005583709
0.00058869092
0.00061237771
0.0006308355
0.00064557657
0.00065037042
0.00065017368
0.00065271235
0.00065342052
0.00065393568
0.00066285066
0.000679907
0.000701583
0.00072641217
0.00075573654
0.00078864641
0.00082382268
0.00085939449
0.00089975079
0.00094781163
0.0010021901
0.0010566451
0.0011072547
0.0011520411
0.0011967603
0.0012498342
0.0013141002
0.001388229
0.0014634485
0.0015274747
0.0015730555
0.0015945523
0.0015952555
0.0015932012
0.001600064
0.0016283218
0.0017193357
0.0018882673
0.0020615262
0.0020051905
0.0015432986
0.00092727363
0.0013682165
0.0028250836
0.0038071095
0.0039199
0.0031237461
0.0020027772
0.0015489132
0.0017832
0.0024930178
0.0038818668
0.0055535596
0.0069487675
0.0081007859
0.009171947
0.01018698
0.011191934
0.011877986
0.0063986503
0.00042565532
0.00043508357
0.00044468815
0.00045651139
0.00047019579
0.00048269463
0.00050074747
0.00053851907
0.0005865011
0.00062725734
0.00065850852
0.00068800733
0.00071305783
0.00072103603
0.00071388569
0.00070284336
0.00068738933
0.0006705439
0.00066644376
0.00067800453
0.00069895316
0.00072379141
0.00075299427
0.00078700257
0.00082299193
0.00085851905
0.00089806776
0.00094563034
0.0010004342
0.0010567575
0.0011104132
0.0011574722
0.0012011703
0.0012507853
0.0013122914
0.0013870956
0.0014687963
0.0015469744
0.001612894
0.001660503
0.0016930955
0.00172369
0.0017419476
0.0017367229
0.0017429355
0.0018002797
0.001877179
0.0018202253
0.0015053831
0.00092862385
0.0012715723
0.0026227767
0.0035089934
0.0036557549
0.0032267628
0.0028324571
0.0028820265
0.0031825545
0.0036566261
0.004535906
0.0057246575
0.0068669886
0.0078869439
0.0088530478
0.0097945174
0.010742056
0.011391994
0.006142179
0.00042236386
0.00043232633
0.0004422537
0.00045605452
0.00047462869
0.00049615233
0.00052890421
0.00058343924
0.00064178326
0.00068547986
0.00071181422
0.00073729768
0.00076569102
0.00078126797
0.0007819395
0.00077180952
0.00075028068
0.00071919606
0.00069928451
0.00070308966
0.00072277379
0.00074909788
0.00078055376
0.00081930238
0.00085903297
0.00089460609
0.00093124251
0.0009744298
0.0010256826
0.0010813852
0.0011353325
0.0011844859
0.0012312459
0.0012858926
0.0013540448
0.0014357184
0.0015281276
0.0016236142
0.001713159
0.0017947047
0.0018756798
0.0019689214
0.0020656327
0.0021328664
0.0021699488
0.0022237292
0.0022648023
0.0021583984
0.0018680978
0.0011466787
0.0013832894
0.0028029645
0.0037074922
0.0040354166
0.0038324425
0.0035723542
0.0036426094
0.0039470099
0.0044003961
0.0052205509
0.0063572908
0.0074936358
0.00854203
0.0095504019
0.010545585
0.011558077
0.012272651
0.0066313066
0.00041717495
0.00042753284
0.00043889769
0.00045909707
0.00049289489
0.00053771502
0.00058882032
0.00064671069
0.00069454492
0.00072393269
0.00073751057
0.00075542739
0.00078226621
0.000802716
0.00081587644
0.0008252418
0.00082505169
0.0008033332
0.00077921692
0.0007803334
0.00080036992
0.00082785395
0.00086092493
0.00090209778
0.00094408057
0.00097852094
0.0010102496
0.0010475784
0.001091993
0.0011425453
0.001193814
0.0012449433
0.0012978009
0.001360542
0.0014432448
0.001543204
0.0016500922
0.001757425
0.0018577653
0.0019501206
0.0020407599
0.00213969
0.002267118
0.0024545113
0.0027128972
0.0030016973
0.0032203401
0.0031437705
0.0027036122
0.001547134
0.001784243
0.003796674
0.0050420226
0.0055059006
0.0051257876
0.0042819768
0.0036901056
0.0036994439
0.0042987213
0.0056323069
0.0073726024
0.008910423
0.010238241
0.011514231
0.012743982
0.014009781
0.014980565
0.0081157836
0.00041246115
0.00042387161
0.00044077777
0.00047828665
0.00054382239
0.00060664828
0.0006480148
0.00068057762
0.00071198536
0.00073372835
0.00074412222
0.0007590155
0.00078339806
0.00080544075
0.00082318062
0.00084192608
0.00085964
0.00086479617
0.00086261303
0.00087110997
0.00089098085
0.00091524192
0.0009415876
0.000973531
0.0010084261
0.0010408189
0.001072859
0.0011112686
0.0011550265
0.001203204
0.0012525167
0.0013015583
0.0013514848
0.0014098001
0.0014862283
0.0015833178
0.0016933738
0.0018056971
0.0019094119
0.0019926268
0.0020599754
0.0021369707
0.0022441244
0.0024033782
0.0026312414
0.0028971962
0.0031225092
0.0031246322
0.0028222232
0.0016461441
0.0018387574
0.0038397317
0.0049627599
0.0053712633
0.0050008305
0.004266354
0.003896758
0.0040959746
0.0047017051
0.0058898476
0.0074528781
0.0088650083
0.010109286
0.011311303
0.012477074
0.013662129
0.014554197
0.0078994028
0.00040626628
0.00042105236
0.00045221578
0.00052502875
0.00061133221
0.00065760494
0.00067265086
0.00068814517
0.00071376717
0.00073542396
0.00074693488
0.00075965083
0.00078010934
0.00080343821
0.00082392051
0.00084472356
0.00086786493
0.00088493221
0.00089418289
0.000904942
0.00092395471
0.00094665088
0.00096919642
0.00099614934
0.0010271406
0.0010596588
0.0010941888
0.0011350671
0.001179741
0.0012272778
0.001275586
0.0013226428
0.0013696814
0.001422926
0.0014894345
0.0015733052
0.0016730825
0.0017795021
0.0018839409
0.0019763825
0.0020529394
0.0021304671
0.0022336019
0.0023882186
0.0026160173
0.0028906894
0.0031395016
0.0031884714
0.0029466399
0.0017218489
0.0018786824
0.0039095162
0.0050099032
0.0054234212
0.0050519801
0.0043152366
0.0039634459
0.0041837001
0.0047799161
0.0059410075
0.0074793067
0.0088699282
0.010089325
0.01126329
0.012400771
0.013549292
0.014398495
0.0078168432
0.00040211236
0.00042494739
0.00048308031
0.00058553046
0.00065206142
0.00067380275
0.00067643145
0.0006884106
0.00071230441
0.00073338463
0.00074475295
0.0007545688
0.00077186239
0.00079745973
0.00082235845
0.00084633748
0.00087395943
0.00089654801
0.00090937057
0.00091960512
0.00093691798
0.00095947845
0.00098257019
0.0010100543
0.0010407333
0.0010742228
0.0011104817
0.0011511513
0.0011937405
0.0012378614
0.0012829146
0.0013278945
0.0013731224
0.0014229212
0.0014859204
0.0015653798
0.0016588764
0.0017597983
0.0018593933
0.0019460635
0.0020159605
0.0020851141
0.002179525
0.0023219752
0.0025320392
0.0027906017
0.0030311011
0.0030945396
0.0028936266
0.00169643
0.0018170487
0.0037621959
0.0048162707
0.0052336677
0.0049097288
0.0042656621
0.0039923137
0.0042187693
0.0047438109
0.0057670462
0.0071628646
0.0084609995
0.0096193256
0.010746148
0.011842699
0.012960933
0.013791301
0.0074955683
0.0003824004
0.00039867267
0.0004355701
0.00052512712
0.00062188562
0.00066209149
0.00067445898
0.00067367748
0.00068381385
0.0007049493
0.00072474726
0.00073625077
0.00074427009
0.00076023186
0.00078713415
0.00081393454
0.0008399623
0.00087300417
0.00090398802
0.00092473933
0.00093950931
0.00095646556
0.0009782733
0.0010012428
0.00102894
0.0010587348
0.0010926689
0.0011292386
0.0011683586
0.0012083212
0.0012483085
0.0012899693
0.001332982
0.0013780543
0.0014294734
0.0014955437
0.0015809867
0.0016825119
0.0017882806
0.0018874587
0.001965883
0.0020206849
0.0020717189
0.0021445638
0.0022599159
0.0024469855
0.0027037528
0.0029658955
0.0030643913
0.0028819752
0.0016779286
0.001767202
0.0036951071
0.0047662908
0.0051728182
0.0047647774
0.0040116663
0.0037275317
0.0040142953
0.0046085536
0.005722437
0.0071919598
0.0085284686
0.0097060324
0.010844173
0.011948116
0.013068964
0.013895914
0.0075504206
0.00037833899
0.00039983406
0.0004544105
0.00056313983
0.00063244426
0.00065938971
0.0006684967
0.00066617909
0.00067570139
0.00069360189
0.00071344931
0.00072614752
0.00073455465
0.00074998274
0.00077516412
0.00080000426
0.00082494854
0.00085868777
0.00089556504
0.00092699225
0.00095027442
0.00097051497
0.00099123513
0.0010109121
0.0010366998
0.0010645812
0.0010976063
0.0011320131
0.0011674676
0.0012038014
0.0012400381
0.0012793949
0.001321424
0.001365585
0.0014146441
0.0014774402
0.0015608211
0.0016658875
0.0017821208
0.0018975323
0.0019969474
0.0020680763
0.0021200636
0.0021763223
0.0022628415
0.0023867694
0.0025532622
0.0027465861
0.0028237059
0.0026642251
0.0015689081
0.0016231207
0.0033577178
0.0043590491
0.00477676
0.0045200177
0.0040741008
0.0040736127
0.0044436228
0.0049401172
0.0058441934
0.0070968486
0.0083039503
0.009404109
0.010476265
0.011528134
0.012595465
0.013379552
0.0072674872
0.00036146535
0.00037411711
0.00040229683
0.00047339184
0.00057984721
0.00062801435
0.00064890639
0.00065670909
0.00065824752
0.00066860675
0.00068508708
0.0007060779
0.00071979102
0.00072952242
0.00074495316
0.00076649951
0.00078898319
0.00081211687
0.00084183311
0.00087550998
0.0009122338
0.00094402971
0.00096927056
0.00099163612
0.001010451
0.0010345459
0.0010604579
0.0010916904
0.0011232281
0.0011558252
0.0011918285
0.0012295004
0.00126866
0.0013081819
0.0013477565
0.0013907844
0.0014476876
0.0015258604
0.0016264807
0.0017422543
0.0018618795
0.0019720543
0.0020586446
0.0021280822
0.0022068811
0.0023163766
0.0024678905
0.0026624566
0.0028655175
0.0029310199
0.002742114
0.0015951568
0.0016374548
0.0034398701
0.0045297448
0.0050119271
0.0048010394
0.0043648244
0.0043281426
0.0046521641
0.0051039793
0.0059718926
0.0072190521
0.0084440051
0.0095689113
0.010669282
0.011749889
0.012858736
0.013690805
0.0074276235
0.00035730812
0.00037182752
0.00040630963
0.00048819672
0.00058043586
0.00061640353
0.00063493568
0.00064579907
0.00065542046
0.00066713681
0.00068373397
0.00070562387
0.00071954241
0.00073039906
0.00074588437
0.00076445951
0.00078648758
0.00080830476
0.00083373928
0.00086281768
0.00089945967
0.00093711317
0.00096925442
0.00099524303
0.0010163202
0.0010402568
0.0010642588
0.001092464
0.0011184268
0.0011477018
0.0011854819
0.0012271949
0.0012669398
0.0013022998
0.0013355566
0.001372261
0.0014251968
0.0015036017
0.0016031097
0.0017123415
0.0018228565
0.0019217101
0.0019938552
0.0020484104
0.0021158465
0.0022184064
0.0023719778
0.0025841075
0.0028223137
0.0029177758
0.0027047342
0.0015534968
0.0015749643
0.0033920676
0.0046025328
0.0050845634
0.004701147
0.0039743384
0.0037262425
0.0040337577
0.0046120514
0.0056943637
0.0071557375
0.0085094097
0.0097054963
0.010865619
0.01199352
0.013147766
0.01401795
0.0075947453
0.00035210323
0.00036831063
0.00040747295
0.0004933703
0.00057262549
0.00060379785
0.00062228054
0.00063923852
0.00065742255
0.00067260215
0.00069051376
0.0007119068
0.0007243996
0.00073585997
0.00075162125
0.00076888502
0.00079244094
0.00081473842
0.00083501423
0.00085855913
0.00089430202
0.00093434647
0.00097282691
0.0010067429
0.0010339333
0.0010568689
0.0010799796
0.001101709
0.0011190407
0.0011429509
0.0011775457
0.0012169502
0.0012550792
0.001287643
0.001316069
0.0013454085
0.0013918998
0.0014696317
0.0015725622
0.0016848911
0.0017969007
0.0018962843
0.0019704727
0.0020247715
0.0020865074
0.0021804484
0.0023178886
0.0025152423
0.0027580352
0.002873265
0.0026625562
0.0015241255
0.0015215925
0.0033330504
0.0046312437
0.0051373392
0.0046989285
0.0038967683
0.003647481
0.0039989367
0.0046124688
0.0057637068
0.0073122634
0.0087187521
0.0099486696
0.011138761
0.012293586
0.013470414
0.01436042
0.0077693578
0.00034824798
0.00036573581
0.00040778195
0.00049355214
0.00056415241
0.00059406774
0.00061283007
0.00063717502
0.00066478755
0.00068572808
0.00070539824
0.00072452513
0.00073378276
0.00074471194
0.00076083756
0.00077725616
0.00080224781
0.00082733165
0.00084643169
0.00086534117
0.00089518546
0.00093253712
0.00097325479
0.0010146905
0.0010505248
0.00107681
0.0011034114
0.0011243714
0.0011432386
0.0011640269
0.001191813
0.0012272859
0.0012642909
0.0012959192
0.0013213932
0.0013464068
0.00138716
0.0014598829
0.0015629836
0.0016793699
0.0017965305
0.0019016284
0.0019803135
0.0020346819
0.0020921523
0.0021804885
0.0023081679
0.0024907448
0.002722824
0.0028427218
0.002644294
0.0015298601
0.0015053785
0.0032856653
0.004618469
0.0051454028
0.0047234092
0.0039606593
0.0037678274
0.004153887
0.0047725686
0.0059052623
0.0074230064
0.0088128916
0.010038033
0.011226784
0.012384037
0.013569019
0.01446663
0.0078297321
0.00034249484
0.00036092224
0.00040543053
0.00049151313
0.00055782105
0.00058646786
0.00060439916
0.00063544615
0.0006755024
0.00070517676
0.00072761988
0.00074411496
0.00074873639
0.00075783683
0.00077601751
0.00079245837
0.00081434209
0.00083965052
0.00086077074
0.0008789726
0.00090190607
0.00093414748
0.00097431399
0.0010216922
0.0010673493
0.0011069222
0.0011431455
0.0011722163
0.001197013
0.0012178856
0.0012448691
0.0012807165
0.0013201046
0.0013567548
0.001388098
0.0014195707
0.001464504
0.0015388087
0.0016456747
0.0017681158
0.0018915014
0.0020018463
0.0020809122
0.0021275307
0.0021704626
0.002246566
0.0023686184
0.0025501979
0.0027859787
0.0029057161
0.0026656429
0.0015713438
0.0014690052
0.0031503309
0.0045923406
0.0051537896
0.0046633851
0.0037618232
0.0034651431
0.0038308125
0.004466727
0.0056681294
0.0072916681
0.0087449704
0.0099937383
0.011196317
0.012360012
0.013549024
0.014459745
0.0078389087
0.00033719149
0.00035660657
0.00040359962
0.00049108
0.00055284092
0.00057905342
0.00059505289
0.00062947284
0.00068478042
0.00072872942
0.00075627369
0.00077311223
0.0007735293
0.00078030034
0.00080297351
0.00082245033
0.00083819751
0.00085877194
0.00087932544
0.00089709188
0.00091508062
0.00094185558
0.00097915266
0.0010275119
0.0010749511
0.0011199741
0.0011631598
0.0012059101
0.001242
0.001267809
0.0012972287
0.0013327945
0.0013736639
0.0014171429
0.001457534
0.001498093
0.0015529062
0.001633313
0.0017420765
0.0018683204
0.0019964216
0.0021099091
0.0021927603
0.0022403901
0.0022734327
0.0023267921
0.0024210873
0.0025756916
0.0027840551
0.0028888939
0.0026558123
0.001624626
0.0014624812
0.0030173182
0.004480552
0.0050698923
0.0046201932
0.0037739637
0.0035088051
0.003868779
0.0044627942
0.0055921462
0.0071548844
0.0085805489
0.0098106452
0.010994992
0.012144303
0.013318585
0.014205333
0.0077173687
0.00035033556
0.00040175799
0.00049271561
0.00054778297
0.00057095348
0.00058485309
0.00061999375
0.00068453241
0.00074563395
0.00078466023
0.0008080051
0.00080913705
0.00081411349
0.00083883016
0.00086024119
0.0008722516
0.00088818805
0.00090610361
0.00092103961
0.00093497556
0.00095596188
0.00098396336
0.0010237896
0.0010684638
0.0011154502
0.0011614784
0.001212708
0.0012549657
0.0012888737
0.0013235244
0.0013563915
0.0013934614
0.0014368314
0.0014767556
0.0015136204
0.0015617203
0.0016373273
0.0017457873
0.0018730321
0.0020019136
0.0021175003
0.0022055133
0.0022597828
0.0022985822
0.0023559426
0.0024549635
0.002620669
0.0028480673
0.002978882
0.0027628185
0.0017152484
0.0015098776
0.0031009882
0.0046855575
0.0053264488
0.0048409958
0.0038722584
0.0034847331
0.0038334265
0.0045080957
0.0057636642
0.0074525848
0.0089488276
0.010224067
0.011454013
0.012643523
0.013863108
0.014795987
0.0080447934
0.00034682439
0.00040373996
0.00049609795
0.00054270337
0.00056247986
0.00057409695
0.00060489516
0.00067016263
0.00074691923
0.00079495973
0.00082615103
0.00083546006
0.00084005269
0.00085862543
0.00087652401
0.00088843043
0.0009030518
0.00091842539
0.00093209107
0.00094587368
0.00096619824
0.00098912691
0.0010202319
0.0010602743
0.0011074737
0.0011594187
0.0012180828
0.0012712715
0.0013211895
0.001368711
0.0014069996
0.0014435185
0.0014854047
0.0015246507
0.0015592021
0.0016048778
0.0016757668
0.0017748065
0.0018929273
0.0020161338
0.0021342397
0.0022337337
0.0023051431
0.0023637973
0.0024479107
0.0025760947
0.0027534
0.0029736834
0.0030923759
0.0028510104
0.0018012419
0.0014723668
0.0029523741
0.0046150712
0.0053086595
0.004858864
0.0038385276
0.0032750666
0.0035258903
0.0042613053
0.0055962295
0.0073343283
0.0088625935
0.010159725
0.011411146
0.012621374
0.013873576
0.014848444
0.0080770112
0.00034225592
0.00040567444
0.00049680217
0.00053676039
0.00055371446
0.00056234995
0.00058688113
0.00064722765
0.00073461763
0.00079281903
0.00082849315
0.00084496289
0.00085104143
0.00086568305
0.00088185269
0.00089440245
0.00090826979
0.00092171528
0.00093441486
0.00094940634
0.00097232219
0.00099667547
0.0010230269
0.0010567755
0.0010999135
0.0011513644
0.0012088986
0.0012642413
0.0013240139
0.0013855575
0.0014430882
0.001494854
0.0015420491
0.0015829465
0.0016180672
0.001658486
0.0017198869
0.0018118516
0.0019252189
0.0020406254
0.0021459865
0.0022329224
0.0022958276
0.002349022
0.0024296626
0.0025764797
0.0028150482
0.0031142338
0.0032991384
0.0030863652
0.002029612
0.0014712186
0.0028815561
0.0048580405
0.0057029031
0.0051552401
0.0036823037
0.0025402331
0.0026548949
0.0037464217
0.0055785441
0.0077055311
0.0094004434
0.01079089
0.012132299
0.013420959
0.014742452
0.015787126
0.0085619659
0.00033996729
0.00040740423
0.00049358417
0.00052895614
0.00054416002
0.00054986757
0.00056737137
0.00062014217
0.00071150202
0.00078300566
0.00082456019
0.00084828536
0.00085687954
0.00086899122
0.00088369619
0.00089646007
0.0009109013
0.00092379306
0.00093540543
0.00095109138
0.0009759106
0.0010054017
0.0010325905
0.0010594159
0.0010939345
0.0011372637
0.0011902261
0.0012462608
0.0013113947
0.0013789504
0.0014465583
0.0015119653
0.0015684822
0.0016115234
0.0016470997
0.0016917791
0.0017592339
0.0018543373
0.0019683997
0.0020822496
0.0021791955
0.0022489498
0.0022879624
0.0023143691
0.0023719977
0.0025036181
0.0027414613
0.003051366
0.0032515171
0.0030793795
0.0021272906
0.0014234541
0.0026268412
0.0047336194
0.0057841326
0.0053447144
0.0037938976
0.0025197864
0.0027029844
0.0039762817
0.0058624108
0.0079673645
0.0096417445
0.011029655
0.012379144
0.013681525
0.01501972
0.016083863
0.0087240459
0.00051905013
0.00053379308
0.00053832198
0.00055062598
0.00059476838
0.00068177159
0.00076548981
0.0008133144
0.00084293392
0.00085691628
0.00086884869
0.00088167265
0.0008936411
0.00091022573
0.00092498432
0.00093644365
0.00095081508
0.00097400649
0.0010065569
0.001039713
0.0010673913
0.0010935494
0.0011275048
0.0011746514
0.0012281178
0.0012928804
0.0013660744
0.0014413162
0.0015174054
0.0015910671
0.0016540912
0.0017118716
0.0017792334
0.0018668113
0.00197536
0.0020973448
0.0022208982
0.0023318312
0.0024190076
0.0024738915
0.0025073195
0.002562885
0.002681417
0.0028883327
0.0031701564
0.0033863817
0.0032688001
0.002324668
0.0014926717
0.002543422
0.004648771
0.005749788
0.0053525479
0.0038351103
0.0026018634
0.0028328316
0.0041300953
0.00599451
0.008085587
0.0097696948
0.011169775
0.012537234
0.013855287
0.015218552
0.016300836
0.0088525061
0.00073943923
0.00079171913
0.00082586343
0.00084894668
0.00086396298
0.00087580626
0.00088650544
0.00090471337
0.00092195808
0.00093486506
0.00094866642
0.00096785465
0.00099653718
0.0010317509
0.0010703633
0.0010989152
0.0011262965
0.0011629848
0.0012120807
0.0012707355
0.0013434754
0.0014248996
0.0015055404
0.0015871907
0.0016597916
0.0017267325
0.0018002244
0.0018933703
0.0020074116
0.002131132
0.0022550622
0.0023680501
0.0024576594
0.0025180816
0.0025552283
0.0026051319
0.0027150051
0.0029271964
0.0032256799
0.0034640447
0.0033837819
0.0025090611
0.0015229864
0.0023926541
0.0046743336
0.0059743364
0.0057243971
0.004288252
0.0030018788
0.0031785996
0.0045132463
0.0063879074
0.0084663607
0.01016699
0.011585839
0.012985775
0.014348515
0.015750746
0.016908809
0.0091850104
0.0008552523
0.00086688424
0.00087599902
0.00089308916
0.00091175809
0.00092743521
0.00094415246
0.0009616608
0.00098464715
0.0010159656
0.0010582934
0.0010990887
0.0011342309
0.0011589289
0.0011958787
0.0012444226
0.0013112752
0.0013975759
0.001488623
0.00158187
0.0016662948
0.0017468634
0.0018366963
0.0019526631
0.0020945895
0.0022484045
0.0024008764
0.0025403258
0.0026510093
0.0027289315
0.002777716
0.0028286127
0.0029289876
0.0031271104
0.0034213567
0.003676453
0.0036395592
0.0029498012
0.0016330226
0.002195237
0.0047682447
0.0062087886
0.0061536551
0.0050267955
0.004049625
0.0043368653
0.0056005119
0.0073501488
0.0093495696
0.011040974
0.012486544
0.013934272
0.015348454
0.01681578
0.018031306
0.0097810962
0.00086532386
0.00087990208
0.00089927733
0.0009170929
0.00093758722
0.00095577822
0.00097530425
0.0010017972
0.0010391974
0.0010856224
0.0011349217
0.0011650862
0.0011941217
0.0012293659
0.0012803776
0.0013539567
0.0014462214
0.0015448589
0.0016360823
0.001726682
0.0018231476
0.0019440941
0.0020948647
0.0022629435
0.0024351039
0.0026025737
0.0027472445
0.0028585694
0.0029443943
0.0030299029
0.0031534214
0.0033463727
0.0036119897
0.0038711465
0.0039063902
0.0034324139
0.0018740914
0.0022754919
0.0050522287
0.0064919432
0.0066309901
0.0057809279
0.0050282147
0.0053662641
0.0065276624
0.0081013493
0.0099773204
0.011635031
0.01307872
0.014546006
0.015994399
0.017503784
0.018768554
0.010172793
0.0008901289
0.00090942677
0.00092997221
0.00094754083
0.00096762904
0.00099246764
0.0010232864
0.0010658402
0.0011188868
0.0011679798
0.0012070149
0.0012376758
0.0012766365
0.0013275816
0.001392016
0.0014708692
0.0015511401
0.0016346874
0.0017331703
0.0018628718
0.0020257164
0.0022103171
0.0023987439
0.0025816942
0.0027495037
0.0028875669
0.0029970087
0.0030976315
0.0032239423
0.0034211184
0.0037051235
0.0040134021
0.0041572209
0.0038943464
0.0021111062
0.0023738319
0.0053709701
0.0068496113
0.0071635355
0.0064660947
0.0057230717
0.0060244682
0.0071774918
0.0086877351
0.010518198
0.01217669
0.013623611
0.015105922
0.016580436
0.018113959
0.019408089
0.010514978
0.00088402632
0.0009043771
0.00092463005
0.0009424715
0.00096414207
0.00098995599
0.0010157014
0.0010492478
0.0010973552
0.0011535973
0.001205042
0.0012525052
0.0012950093
0.0013390442
0.0013841392
0.0014351386
0.0014951505
0.0015610006
0.0016411241
0.0017646161
0.0019372682
0.0021413035
0.0023532021
0.0025538617
0.0027441041
0.0029171879
0.0030606973
0.0031880118
0.0033333955
0.0035254086
0.0037862076
0.0041005527
0.0042983149
0.0041272909
0.002262199
0.0024585979
0.0055306981
0.0070393733
0.007472653
0.0069003832
0.0062273854
0.0065362083
0.0076479657
0.0090584883
0.010819144
0.012467506
0.01390447
0.015379359
0.016858684
0.018386861
0.019683881
0.010653501
0.00092450657
0.00094418794
0.00096640093
0.00099414594
0.0010190262
0.001043906
0.001081684
0.001133863
0.0011857677
0.0012466387
0.0013060637
0.0013619544
0.0014183962
0.0014700223
0.0015154989
0.0015562031
0.0015989563
0.0016788781
0.0018243722
0.0020213296
0.0022413053
0.0024630213
0.0026697428
0.0028570715
0.0030177567
0.0031521301
0.0032944626
0.0034806695
0.0037399367
0.0040675754
0.0043138664
0.0042338101
0.0023515991
0.0024585462
0.0054940037
0.0070455808
0.0075903079
0.0070932341
0.006413951
0.0066833459
0.0077526504
0.0090604298
0.010730196
0.012346459
0.013742131
0.015170371
0.016612865
0.01809071
0.019334555
0.010461224
0.00092861763
0.00095232678
0.00097463438
0.0010037449
0.001033683
0.0010566369
0.0010851037
0.001125065
0.0011687998
0.0012250758
0.0012928096
0.001366117
0.0014406723
0.0015055526
0.0015539011
0.001583195
0.0016025482
0.0016395322
0.0017366892
0.0019071797
0.0021156891
0.0023322004
0.0025394774
0.002729771
0.0028907379
0.0030143539
0.0031321621
0.0032938565
0.0035367511
0.0038568478
0.0041034338
0.0040155361
0.0022276523
0.0022564632
0.0050890649
0.006740099
0.0073896181
0.0068724605
0.0060812091
0.0062385238
0.0072459845
0.0084802654
0.010082108
0.01167906
0.013034186
0.014401113
0.015784073
0.017195897
0.018383299
0.0099505351
0.0011396787
0.0011707151
0.0012162596
0.0012760975
0.0013535266
0.001440633
0.0015200596
0.0015883557
0.0016395529
0.0016787667
0.0017233806
0.0017956471
0.0019230701
0.0020968243
0.0022861985
0.0024682762
0.0026335633
0.0027687063
0.0028571886
0.0029109893
0.0030055563
0.0032329131
0.0035890351
0.0038822021
0.0037478868
0.0021336036
0.0019563294
0.0043979689
0.0063631194
0.007187141
0.0066114393
0.005648497
0.0057149991
0.006777154
0.008053712
0.0096731693
0.011325751
0.012695938
0.014053309
0.015430447
0.016826225
0.017992719
0.0097432737
0.0012776974
0.0013423186
0.0014254116
0.0015076013
0.0015816095
0.0016417294
0.0016936973
0.0017568194
0.0018552292
0.002004622
0.0021875123
0.002380185
0.0025590035
0.0027112106
0.0028260924
0.0028846106
0.0028715312
0.0028574549
0.0029560928
0.0032124195
0.0035399609
0.0035345151
0.0021181896
0.0018370378
0.0040222037
0.0060609782
0.0069872959
0.0065606913
0.0058020167
0.0060084761
0.0071122368
0.0083265494
0.0098178439
0.011407158
0.01272876
0.014020799
0.015348532
0.016681116
0.017785657
0.0096275241
0.0016337789
0.0016850762
0.0017510354
0.0018553542
0.0020182519
0.0022212344
0.002436976
0.0026449903
0.0028371066
0.0029983522
0.0031188336
0.0031769343
0.0031515385
0.0030794582
0.003013466
0.002930412
0.002661286
0.0015533856
0.0016870539
0.0035203809
0.00489578
0.0059935711
0.0065933754
0.0070937621
0.0077123821
0.0083101118
0.0089988364
0.0099802795
0.011110513
0.01218658
0.01331064
0.014538272
0.015828681
0.016932991
0.009164267
0.0022560738
0.0024860607
0.0027042261
0.0029053496
0.0030738001
0.0031954464
0.0032531294
0.0032325862
0.0031863233
0.0032006322
0.0032901122
0.0032313551
0.0019238803
0.0018313145
0.0038929529
0.0055905199
0.0068339244
0.0071151663
0.0071223912
0.0076479808
0.0086076988
0.0096049885
0.010752589
0.012077958
0.013318925
0.014568257
0.015903814
0.017286859
0.018492903
0.01001878
0.0022738728
0.0025161788
0.0027556383
0.0029794093
0.0031700932
0.0033116072
0.0033841194
0.0033647361
0.0032798184
0.0032104952
0.003210772
0.0030896164
0.0018155866
0.0017943491
0.0039222803
0.0057117258
0.007031336
0.0074059803
0.0075430449
0.0081701303
0.0091715642
0.010166901
0.011323694
0.01267386
0.013941766
0.015228384
0.016607989
0.018039229
0.019299695
0.010444882
0.0023314208
0.0025731581
0.0028098213
0.0030300315
0.0032134583
0.0033376953
0.0033723469
0.0032763059
0.0031093668
0.0030094034
0.0030699933
0.0030428235
0.0018362582
0.0018015217
0.004134292
0.0063437889
0.0076683736
0.007750389
0.0076697836
0.0082782867
0.0092977053
0.010279306
0.011568824
0.013123251
0.014501921
0.01587789
0.017349347
0.018854358
0.020193369
0.010926818
0.0033045814
0.0034593692
0.0035454423
0.0034871601
0.0032435888
0.0028276342
0.0023348096
0.0017731391
0.0013102101
0.0021065388
0.004065574
0.0057697419
0.0068650139
0.0073988154
0.0080364457
0.0090014419
0.0099524847
0.010874599
0.012025167
0.013330367
0.014567981
0.015856014
0.017235263
0.018675367
0.019963518
0.010792539
0.003559754
0.003656988
0.0036069325
0.0033578636
0.0028776139
0.0022198321
0.0014935596
0.0012894073
0.0024016188
0.0043057817
0.0059443265
0.0070457865
0.0077357455
0.0085311816
0.0094765183
0.010201752
0.010997303
0.012186847
0.013505884
0.01472958
0.016028372
0.017438665
0.018924029
0.003723279
0.0036505897
0.0033750813
0.0028594213
0.0021031532
0.0012222185
0.0012439088
0.002669294
0.0046036024
0.0062397776
0.0072425876
0.0078409321
0.0086474095
0.0096836497
0.010508637
0.011381018
0.012619166
0.013990375
0.015276397
0.016643387
0.0039353854
0.003655832
0.0030605387
0.0020244183
0.0012883554
0.0017915277
0.0031535775
0.0046499488
0.0059694097
0.007134037
0.0082727086
0.0094087584
0.010395811
0.011165566
0.012082867
0.013293559
0.0038882048
0.003265725
0.0020555313
0.0013658822
0.0021464003
0.0035293014
0.004767448
0.005915916
0.0071825776
)
;

boundaryField
{
    Side
    {
        type            empty;
    }
    Inlet
    {
        type            zeroGradient;
    }
    Airfoil
    {
        type            zeroGradient;
    }
    Outlet
    {
        type            zeroGradient;
    }
    procBoundary4to12
    {
        type            processor;
        value           nonuniform List<scalar> 
45
(
0.00056901934
0.00056541022
0.00056061109
0.00056061109
0.00054400424
0.0005370079
0.00052979218
0.00052979218
0.00050806445
0.00050185302
0.00049835638
0.00049835638
0.00047942489
0.00047694394
0.00047357636
0.00047135155
0.00046730524
0.00046304407
0.00045623049
0.00045016358
0.00045016358
0.00043538459
0.00043060872
0.00043060872
0.00041419153
0.00041031053
0.00040496291
0.00040016603
0.00039384833
0.00038864313
0.00038864313
0.0003724048
0.00036729584
0.00036729584
0.00035418331
0.00034926645
0.00034355671
0.00033930597
0.00033347541
0.00032798021
0.00032956109
0.00032956109
0.00032414221
0.00031724339
0.00031326077
)
;
    }
    procBoundary4to20
    {
        type            processor;
        value           nonuniform List<scalar> 
66
(
0.00033537571
0.00040488245
0.00048616254
0.00048616254
0.00050913743
0.00052398072
0.00052776985
0.0005357018
0.00057092005
0.00064902395
0.00064902395
0.00070673226
0.00076613181
0.00080540566
0.00083420706
0.00083420706
0.00084456172
0.00085797712
0.00085797712
0.0008586413
0.00087009986
0.00087009986
0.00086572879
0.00088166699
0.0009028034
0.0009028034
0.00090424336
0.0009375364
0.00096505145
0.00098947036
0.0010197622
0.0010550522
0.0010847196
0.0011129266
0.0011129266
0.0011732281
0.0012021004
0.0012347239
0.0012347239
0.0013177722
0.0013716801
0.0014402408
0.0015101367
0.0015780623
0.0015780623
0.0016583134
0.0016982808
0.0017564551
0.0018608349
0.0020359611
0.0020359611
0.0020472334
0.0021048467
0.0023766896
0.0026284849
0.0028769918
0.0031072377
0.0031072377
0.0033965727
0.0033965727
0.0036461627
0.0036461627
0.0039830353
0.0039830353
0.0041355398
0.0041355398
)
;
    }
    procBoundary4to36
    {
        type            processor;
        value           nonuniform List<scalar> 
71
(
0.00078817723
0.00083414149
0.00090043777
0.0009618602
0.001004749
0.0010412877
0.0010906936
0.0011579685
0.0007067948
0.00071875826
0.00073118082
0.00074191715
0.00075315365
0.00076530764
0.00077389763
0.00077744591
0.00078128541
0.00078128541
0.0012495581
0.0012495581
0.0013345007
0.0014574196
0.0016031655
0.0017125495
0.0017183569
0.0015969064
0.0014376692
0.0015546065
0.0021248789
0.002833912
0.0033698976
0.0035365882
0.0032840384
0.0029408573
0.0026491076
0.0019942733
0.0013517356
0.0020943593
0.003720983
0.004940443
0.0058822549
0.00070144752
0.00070893802
0.00070893802
0.0064665268
0.0064665268
0.0072301658
0.0079480591
0.008341991
0.0045021544
0.00070803893
0.00067988269
0.00068329378
0.00068879607
0.00069658519
0.00070573861
0.00071544797
0.00071544797
0.00059896988
0.00061296859
0.00062200002
0.00063036703
0.00064136189
0.00065455119
0.00066736536
0.00067875743
0.00067875743
0.00057401421
0.00057783214
0.00058444536
0.00058444536
)
;
    }
    procBoundary4to52
    {
        type            processor;
        value           nonuniform List<scalar> 
26
(
0.020294538
0.010955534
0.018112255
0.020294538
0.019654563
0.014572175
0.015813955
0.018112255
0.017149173
0.0083583356
0.0093534989
0.01038926
0.011585856
0.012823054
0.014572175
0.01402998
0.0040084185
0.0033987046
0.0022244177
0.001307456
0.0018433888
0.003346123
0.0047516419
0.0060868843
0.0083583356
0.0074306484
)
;
    }
}


// ************************************************************************* //
