/*--------------------------------*- C++ -*----------------------------------*\
| =========                 |                                                 |
| \\      /  F ield         | OpenFOAM: The Open Source CFD Toolbox           |
|  \\    /   O peration     | Version:  2506                                  |
|   \\  /    A nd           | Website:  www.openfoam.com                      |
|    \\/     M anipulation  |                                                 |
\*---------------------------------------------------------------------------*/
FoamFile
{
    version     2.0;
    format      ascii;
    arch        "LSB;label=32;scalar=64";
    class       volScalarField;
    location    "0.00031";
    object      Co;
}
// * * * * * * * * * * * * * * * * * * * * * * * * * * * * * * * * * * * * * //

dimensions      [0 0 0 0 0 0 0];

internalField   nonuniform List<scalar> 
3414
(
2.6761209e-05
2.6311939e-05
4.3624172e-05
2.6838458e-05
2.6634303e-05
2.6168801e-05
7.7356529e-05
6.7292074e-05
4.3143258e-05
2.657724e-05
2.6508383e-05
2.6027538e-05
2.5373129e-05
9.1979382e-05
8.6614693e-05
8.180336e-05
7.7144139e-05
6.694167e-05
4.2665167e-05
2.6318295e-05
2.6383363e-05
2.5888076e-05
2.5236739e-05
0.00010393703
9.7650966e-05
9.1750471e-05
8.6404615e-05
8.1603509e-05
7.6937474e-05
6.6591763e-05
4.2187109e-05
2.6060818e-05
2.6259e-05
2.5750143e-05
2.5101881e-05
2.4502287e-05
2.3947446e-05
2.3433668e-05
0.00011299956
0.00010967028
0.00010372291
9.7436516e-05
9.1543549e-05
8.6212397e-05
8.1416456e-05
7.6734973e-05
6.6243779e-05
4.1713386e-05
2.5806315e-05
2.6134854e-05
2.5613492e-05
2.4968334e-05
2.4371628e-05
2.3819478e-05
2.3308214e-05
4.8716041e-05
7.9967565e-05
0.00010704105
0.00011278512
0.0001094853
0.0001035356
9.7245173e-05
9.1356971e-05
8.6037162e-05
8.1242652e-05
7.6541143e-05
6.590408e-05
4.1249513e-05
2.5556357e-05
2.6011595e-05
2.5478782e-05
2.4836698e-05
2.4242853e-05
2.369337e-05
2.3184594e-05
2.2713107e-05
2.2275784e-05
0.00010025996
6.1922282e-05
4.8936664e-05
8.0419696e-05
0.00010682745
0.00011259257
0.00010931119
0.00010335445
9.7058667e-05
9.1174649e-05
8.5864154e-05
8.1068802e-05
7.6347534e-05
6.5564103e-05
4.078641e-05
2.5307378e-05
2.5889546e-05
2.5345987e-05
2.4706947e-05
2.4115936e-05
2.3569092e-05
2.3062778e-05
2.2593595e-05
2.215843e-05
7.630875e-05
7.170971e-05
0.00010098914
6.1660213e-05
4.920697e-05
8.0942116e-05
0.00010668297
0.00011244596
0.00010916571
0.00010319246
9.6885999e-05
9.1003333e-05
8.5697456e-05
8.089638e-05
7.6155004e-05
6.5223587e-05
4.032293e-05
2.5059094e-05
2.5768745e-05
2.5215062e-05
2.4579036e-05
2.3990829e-05
2.3446598e-05
2.2942723e-05
2.247582e-05
2.2042791e-05
7.5442418e-05
7.1563624e-05
0.00010191718
6.1451733e-05
4.9557767e-05
8.1594777e-05
0.0001066148
0.00011235234
0.00010906307
0.00010306782
9.6745443e-05
9.0861851e-05
8.5554269e-05
8.0739492e-05
7.597437e-05
6.4890718e-05
3.986445e-05
2.4813564e-05
2.564902e-05
2.5085954e-05
2.4452914e-05
2.3867486e-05
2.3325843e-05
2.2824382e-05
2.2359735e-05
2.192882e-05
2.1528818e-05
2.1157024e-05
2.0811013e-05
7.4591004e-05
7.141458e-05
0.00010282934
6.1317576e-05
4.9926832e-05
8.2227891e-05
0.00010658778
0.00011228336
0.00010897688
0.00010295493
9.6614855e-05
9.0730605e-05
8.5419666e-05
8.0589919e-05
7.5800225e-05
6.4560179e-05
3.9405141e-05
2.4568661e-05
2.5530462e-05
2.4958635e-05
2.4328553e-05
2.3745878e-05
2.3206798e-05
2.2707728e-05
2.2245317e-05
2.1816496e-05
2.1418459e-05
2.1048516e-05
2.0704252e-05
7.3603094e-05
7.1348764e-05
0.00010415203
6.1301067e-05
5.0461705e-05
8.3135756e-05
0.00010666357
0.00011229319
0.00010895508
0.00010289092
9.6519833e-05
9.0620122e-05
8.5290726e-05
8.0435931e-05
7.5617071e-05
6.4217627e-05
3.8935719e-05
2.4322035e-05
2.5413166e-05
2.4833041e-05
2.4205892e-05
2.3625945e-05
2.3089405e-05
2.2592706e-05
2.2132508e-05
2.1705761e-05
2.130967e-05
2.0941558e-05
2.0599025e-05
4.0004218e-05
8.1835536e-05
0.00012235003
0.00014256067
0.00013370982
7.3025906e-05
7.113346e-05
0.0001044119
6.1081107e-05
5.0521058e-05
8.333865e-05
0.00010657685
0.00011220134
0.00010885614
0.0001027663
9.6376832e-05
9.0469399e-05
8.512925e-05
8.0256412e-05
7.5412227e-05
6.3854031e-05
3.8451867e-05
2.4072527e-05
2.5297139e-05
2.470915e-05
2.4084909e-05
2.3507666e-05
2.2973645e-05
2.2479293e-05
2.2021289e-05
2.1596595e-05
2.1202433e-05
2.0836135e-05
2.0495314e-05
2.0177689e-05
9.084847e-05
4.1918663e-05
3.9868822e-05
8.1336699e-05
0.00012176499
0.00014201011
0.0001332876
7.2722507e-05
7.0874165e-05
0.00010418512
6.0873464e-05
5.0379063e-05
8.3118189e-05
0.00010626199
0.00011194824
0.0001086312
0.00010254257
9.6157365e-05
9.0260134e-05
8.4927435e-05
8.0051234e-05
7.518947e-05
6.3474449e-05
3.7958832e-05
2.3821732e-05
2.5182184e-05
2.4586901e-05
2.3965542e-05
2.339098e-05
2.2859455e-05
2.236743e-05
2.1911601e-05
2.1488944e-05
2.109669e-05
2.073219e-05
2.0393064e-05
2.0077044e-05
9.0788435e-05
4.2072129e-05
3.9737105e-05
8.0837422e-05
0.00012118807
0.00014146671
0.00013286809
7.2520564e-05
7.0611597e-05
0.00010382627
6.0696747e-05
5.020042e-05
8.2780328e-05
0.00010586328
0.00011162149
0.00010833903
0.00010226036
9.5889701e-05
9.0012164e-05
8.4697174e-05
7.9825838e-05
7.4951661e-05
6.308338e-05
3.7462339e-05
2.3571817e-05
2.5068138e-05
2.4466273e-05
2.3847775e-05
2.3275873e-05
2.2746823e-05
2.2257107e-05
2.1803433e-05
2.1382793e-05
2.0992433e-05
2.0629712e-05
2.0292265e-05
1.9977835e-05
9.07216e-05
4.2209011e-05
3.9605576e-05
8.0347063e-05
0.00012061183
0.00014092542
0.0001324522
7.2349929e-05
7.0352844e-05
0.00010343602
6.0529703e-05
5.0017002e-05
8.2419277e-05
0.00010544479
0.00011127393
0.00010802413
0.00010195381
9.5598187e-05
8.9742232e-05
8.444803e-05
7.9585209e-05
7.4701092e-05
6.2681103e-05
3.6960832e-05
2.3321794e-05
2.4955012e-05
2.4347219e-05
2.3731558e-05
2.3162295e-05
2.2635701e-05
2.2148273e-05
2.1696737e-05
2.1278097e-05
2.0889612e-05
2.0528656e-05
2.0192873e-05
1.9880017e-05
0.00012771491
0.00011473846
0.00018634993
0.00018439693
0.00016198911
0.00013414621
9.0635811e-05
4.2319675e-05
3.9474762e-05
7.98739e-05
0.00012004283
0.00014038511
0.00013203825
7.2195746e-05
7.0100471e-05
0.00010303751
6.0368095e-05
4.9833196e-05
8.2054684e-05
0.00010502404
0.00011092326
0.00010770406
0.00010163971
9.5297931e-05
8.9463535e-05
8.4190405e-05
7.933713e-05
7.4442906e-05
6.2272224e-05
3.6457515e-05
2.3072507e-05
2.4842742e-05
2.42297e-05
2.3616856e-05
2.3050211e-05
2.2526053e-05
2.2040897e-05
2.1591481e-05
2.1174824e-05
2.07882e-05
2.0428992e-05
2.0094858e-05
1.9783561e-05
0.00020475866
0.00011163647
0.00011898816
0.00020592394
0.0002003271
0.00018396199
0.00016158034
0.00013384529
9.054338e-05
4.2428945e-05
3.9348141e-05
7.9408811e-05
0.00011948119
0.00013984667
0.00013162423
7.2048731e-05
6.9853384e-05
0.00010263793
6.0206874e-05
4.9649906e-05
8.1691458e-05
0.00010460608
0.0001105743
0.00010738307
0.00010132313
9.4994641e-05
8.9181809e-05
8.3929881e-05
7.9087718e-05
7.4182615e-05
6.1859784e-05
3.5952805e-05
2.2823429e-05
2.4731317e-05
2.4113681e-05
2.3503632e-05
2.2939587e-05
2.2417848e-05
2.1934944e-05
2.1487632e-05
2.1072944e-05
2.0688164e-05
2.033069e-05
1.999819e-05
1.9688439e-05
0.000176593
0.00010078271
0.00014630027
0.00021387537
0.00022392077
0.00021370236
0.00019961444
0.00018338515
0.00016117558
0.00013355331
9.0461353e-05
4.2542833e-05
3.922473e-05
7.8953084e-05
0.00011893498
0.00013932391
0.00013122229
7.1910329e-05
6.9614012e-05
0.00010224111
6.0045819e-05
4.9470498e-05
8.1334096e-05
0.00010419524
0.00011023047
0.00010706564
0.00010100985
9.4694867e-05
8.8904367e-05
8.3671889e-05
7.8837872e-05
7.392134e-05
6.1451036e-05
3.5457154e-05
2.2578865e-05
2.4620439e-05
2.3999027e-05
2.3391763e-05
2.2830307e-05
2.2310976e-05
2.1830316e-05
2.1385098e-05
2.0972368e-05
2.0589424e-05
2.0233674e-05
1.9902799e-05
1.9594583e-05
0.00013084064
0.0002269944
0.00023111892
0.00023252462
0.00022635906
0.00021310535
0.00019908286
0.00018289246
0.00016076384
0.00013325067
9.0375963e-05
4.2668501e-05
3.9102719e-05
7.8482473e-05
0.00011837624
0.00013879661
0.0001308241
7.1785925e-05
6.9383056e-05
0.00010183663
5.9888543e-05
4.9288198e-05
8.0975584e-05
0.00010378724
0.00010989211
0.00010675277
0.00010070132
9.4401249e-05
8.863379e-05
8.3422213e-05
7.8597759e-05
7.3665437e-05
6.1036834e-05
3.4952368e-05
2.2330195e-05
2.450933e-05
2.3884717e-05
2.3280316e-05
2.2721518e-05
2.220466e-05
2.1726303e-05
2.1283233e-05
2.087251e-05
2.0491445e-05
2.013746e-05
1.9808247e-05
1.95016e-05
0.00023639696
0.00024410852
0.00023105471
0.00023147911
0.00022587197
0.00021248662
0.000198476
0.00018236659
0.0001603426
0.00013294116
9.029095e-05
4.2801285e-05
3.8984921e-05
7.8005947e-05
0.00011780752
0.00013826016
0.00013041975
7.1662504e-05
6.9148214e-05
0.00010142555
5.9725228e-05
4.9099744e-05
8.0611253e-05
0.00010337423
0.0001095469
0.0001064335
0.00010038902
9.4105725e-05
8.8362676e-05
8.3173056e-05
7.8361129e-05
7.341651e-05
6.0649282e-05
3.4489482e-05
2.2099629e-05
2.4398313e-05
2.3771726e-05
2.3170183e-05
2.2614039e-05
2.2099648e-05
2.1623588e-05
2.118266e-05
2.0773939e-05
2.0394747e-05
2.0042521e-05
1.9714962e-05
1.9409877e-05
0.00027735685
0.00024041764
0.00023029516
0.00023082431
0.00022537522
0.00021190107
0.0001978761
0.00018186141
0.00015994834
0.00013265627
9.021609e-05
4.2928393e-05
3.8871539e-05
7.7549075e-05
0.00011725584
0.00013773442
0.00013001826
7.1539939e-05
6.8917494e-05
0.0001010131
5.9553799e-05
4.8915995e-05
8.0253373e-05
0.00010296828
0.00010920537
0.000106112
0.00010007123
9.3805485e-05
8.8089591e-05
8.2919899e-05
7.8115056e-05
7.3153701e-05
6.0230532e-05
3.3988093e-05
2.1853879e-05
2.4288916e-05
2.3660372e-05
2.3061652e-05
2.2508129e-05
2.1996176e-05
2.1522385e-05
2.1083572e-05
2.0676827e-05
2.0299486e-05
1.9948996e-05
1.9623071e-05
1.9319527e-05
0.00027377144
0.00024009879
0.00022982185
0.00023032781
0.00022488975
0.00021131621
0.00019727923
0.00018136613
0.00015956573
0.00013238449
9.0146667e-05
4.304712e-05
3.8760368e-05
7.7113276e-05
0.00011672601
0.00013722745
0.00012963089
7.1416605e-05
6.8695698e-05
0.00010061652
5.939414e-05
4.8731433e-05
7.9898571e-05
0.00010256873
0.00010886756
0.0001057959
9.9762357e-05
9.3515572e-05
8.7825403e-05
8.2677447e-05
7.7885082e-05
7.2908148e-05
5.9844945e-05
3.3532713e-05
2.1628263e-05
2.4180048e-05
2.3550618e-05
2.2954686e-05
2.2403754e-05
2.1894209e-05
2.1422659e-05
2.0985936e-05
2.0581143e-05
2.0205629e-05
1.9856854e-05
1.9532541e-05
1.9230518e-05
0.00027325603
0.00023986338
0.00022944796
0.00022990618
0.00022444336
0.00021077334
0.00019672341
0.00018090414
0.00015920668
0.00013213453
9.0107262e-05
4.3202699e-05
3.8650768e-05
7.6650505e-05
0.00011617652
0.00013669942
0.00012922382
7.1324101e-05
6.8461001e-05
0.00010016622
5.9218423e-05
4.8541615e-05
7.9541752e-05
0.00010216342
0.0001085214
0.0001054645
9.9435227e-05
9.3209493e-05
8.7547455e-05
8.2418615e-05
7.763453e-05
7.2640682e-05
5.9424825e-05
3.3038758e-05
2.1388029e-05
2.4072636e-05
2.3442417e-05
2.2849242e-05
2.230087e-05
2.1793705e-05
2.132437e-05
2.0889712e-05
2.0486848e-05
2.0113139e-05
1.9766056e-05
1.9443335e-05
1.9142814e-05
0.00027385959
0.00024047364
0.00022960239
0.00022968415
0.00022401496
0.00021024925
0.00019621499
0.00018045321
0.00015881891
0.00013180901
8.9947301e-05
4.3235399e-05
3.8537352e-05
7.6271922e-05
0.00011569012
0.00013622012
0.00012884943
7.1165364e-05
6.8257201e-05
9.9826891e-05
5.9051672e-05
4.8362238e-05
7.9208031e-05
0.00010179942
0.00010820871
0.00010516414
9.9139174e-05
9.2933288e-05
8.7296591e-05
8.2181878e-05
7.7402276e-05
7.2390013e-05
5.9022603e-05
3.2562894e-05
2.1155783e-05
2.3966106e-05
2.333575e-05
2.27453e-05
2.2199459e-05
2.1694646e-05
2.12275e-05
2.0794883e-05
2.0393925e-05
2.0021998e-05
1.9676588e-05
1.935544e-05
1.9056403e-05
0.00026903549
0.00023465431
0.00022427783
0.00022731781
0.00022324066
0.00020957929
0.00019553853
0.00017989511
0.00015838033
0.00013151288
8.9890167e-05
4.3366177e-05
3.8429515e-05
7.5797687e-05
0.00011509694
0.00013567886
0.0001284587
7.1112101e-05
6.8027024e-05
9.9345713e-05
5.8899356e-05
4.8185591e-05
7.8837387e-05
0.00010137894
0.00010785601
0.00010483206
9.8816701e-05
9.2636486e-05
8.702927e-05
8.193419e-05
7.7164017e-05
7.2130501e-05
5.8604755e-05
3.2074409e-05
2.0920174e-05
2.3860646e-05
2.3230567e-05
2.2642812e-05
2.2099474e-05
2.1596986e-05
2.1132004e-05
2.0701404e-05
2.0302329e-05
1.9932165e-05
1.9588408e-05
1.9268814e-05
1.8971241e-05
0.00025925767
0.00021232465
0.00013194464
0.00011252153
0.00018413695
0.00020560312
0.00019169619
0.00017643237
0.00015769823
0.00013126996
8.9899353e-05
4.3672169e-05
3.8357516e-05
7.5372764e-05
0.00011466015
0.0001352362
0.00012808531
7.0979098e-05
6.7834339e-05
9.8997473e-05
5.8738935e-05
4.8009247e-05
7.8520105e-05
0.00010102905
0.00010754692
0.00010452788
9.8516015e-05
9.2359001e-05
8.6777611e-05
8.1696909e-05
7.6932183e-05
7.1876506e-05
5.8196676e-05
3.1599758e-05
2.0691036e-05
2.3756091e-05
2.3126844e-05
2.2541754e-05
2.2000891e-05
2.1500702e-05
2.1037861e-05
2.0609256e-05
2.0212043e-05
1.9843621e-05
1.9501497e-05
1.9183438e-05
1.8887313e-05
0.00036013146
0.00032570652
0.00031110376
0.00029756301
0.00026998342
0.00023504044
0.00020124099
0.00010136107
8.5644519e-05
0.00012573228
8.9053064e-05
4.3336706e-05
3.8012963e-05
7.4887274e-05
0.00011393875
0.0001346311
0.00012768262
7.0940886e-05
6.763425e-05
9.8535223e-05
5.8594441e-05
4.7839116e-05
7.8160273e-05
0.00010063509
0.00010721854
0.00010421357
9.8209817e-05
9.2079154e-05
8.652463e-05
8.1458454e-05
7.6699058e-05
7.1617579e-05
5.7776847e-05
3.1115587e-05
2.0459429e-05
2.3652541e-05
2.3024537e-05
2.2442085e-05
2.190367e-05
2.1405757e-05
2.0945032e-05
2.0518399e-05
2.0123028e-05
1.9756328e-05
1.9415819e-05
1.9099278e-05
1.8804583e-05
0.00034566545
0.00031193434
0.00029932583
0.00028913287
0.00027233719
0.00025266519
0.00023364753
0.0002117006
0.00018148359
0.00011239711
5.2054296e-05
3.3570091e-05
3.9831022e-05
7.4657296e-05
0.00011415783
0.00013431504
0.00012732992
7.0740976e-05
6.7438998e-05
9.8244182e-05
5.8470644e-05
4.7672553e-05
7.7832174e-05
0.00010028111
0.000106916
0.00010391836
9.7921733e-05
9.1817889e-05
8.6287587e-05
8.1234118e-05
7.6479129e-05
7.1369132e-05
5.7371249e-05
3.0649797e-05
2.0236037e-05
2.3549897e-05
2.2923627e-05
2.2343784e-05
2.1807792e-05
2.131213e-05
2.08535e-05
2.0428818e-05
2.0035268e-05
1.9670271e-05
1.9331359e-05
1.9016318e-05
1.8723037e-05
0.00035521445
0.0003206391
0.00030697016
0.00029561103
0.00027810002
0.00025800808
0.0002387444
0.00021792084
0.00019452569
0.00016896074
0.000136431
9.0922343e-05
6.530516e-05
7.9806931e-05
0.00011040796
0.00013072273
0.00012474705
6.9581175e-05
6.7083591e-05
9.7939217e-05
5.8336268e-05
4.749873e-05
7.7500578e-05
9.9920228e-05
0.00010660538
0.00010361444
9.7628223e-05
9.1556404e-05
8.605229e-05
8.1011289e-05
7.6260126e-05
7.1119496e-05
5.6957823e-05
3.0175114e-05
2.0009606e-05
2.3448232e-05
2.2824074e-05
2.2246814e-05
2.171322e-05
2.1219785e-05
2.0763227e-05
2.0340476e-05
1.9948728e-05
1.9585417e-05
1.9248083e-05
1.8934526e-05
1.8642643e-05
0.00035592563
0.00032129013
0.00030742511
0.00029590536
0.00027841855
0.00025836484
0.00023900745
0.00021803647
0.00019453157
0.00016780625
0.00013671852
0.00011190272
0.00010605707
0.00010913475
0.00012358989
0.00013814772
0.0001264264
6.9526414e-05
6.720087e-05
9.7245406e-05
5.8189037e-05
4.7320197e-05
7.7173149e-05
9.9566168e-05
0.00010629577
0.00010331116
9.7336994e-05
9.1298273e-05
8.5820633e-05
8.0792305e-05
7.6045504e-05
7.0876001e-05
5.6558404e-05
2.9721359e-05
1.9792623e-05
2.334749e-05
2.2725847e-05
2.2151143e-05
2.1619922e-05
2.1128693e-05
2.0674186e-05
2.0253346e-05
1.9863381e-05
1.9501736e-05
1.9165966e-05
1.8853876e-05
0.00033959352
0.00030583434
0.00029364451
0.00028385724
0.00026767971
0.00024855598
0.00022997346
0.00020964582
0.00018671705
0.00016003641
0.00012886459
0.00010428705
9.9189692e-05
0.00010468411
0.00012091607
0.00013496521
0.00012426526
6.9046474e-05
6.6964276e-05
9.6877899e-05
5.803314e-05
4.7142162e-05
7.6840254e-05
9.9201718e-05
0.00010597406
0.00010299541
9.7035345e-05
9.1030364e-05
8.5579723e-05
8.0563147e-05
7.5820322e-05
7.0621524e-05
5.6147286e-05
2.9515129e-05
1.980783e-05
2.324785e-05
2.2628923e-05
2.2056751e-05
2.1527881e-05
2.1038835e-05
2.0586358e-05
2.0167409e-05
1.977921e-05
1.9419215e-05
1.908499e-05
1.8774351e-05
0.00034369078
0.00030975846
0.00029688969
0.00028644459
0.00026982122
0.00025039006
0.00023160879
0.00021118195
0.00018808495
0.00016126493
0.00013087135
0.00010576416
9.7468572e-05
9.8509317e-05
0.00011432635
0.00013241741
0.00012312615
6.8246309e-05
6.6709829e-05
9.6552013e-05
5.7876495e-05
4.6967776e-05
7.652245e-05
9.8857304e-05
0.00010566647
0.0001026926
9.6747842e-05
9.0774149e-05
8.53483e-05
8.0341258e-05
7.5601256e-05
7.0372208e-05
5.5744921e-05
2.9346355e-05
1.9851053e-05
2.3149309e-05
2.2533093e-05
2.1963445e-05
2.1436917e-05
2.0950046e-05
2.0499592e-05
2.0082528e-05
1.9696085e-05
1.9337733e-05
1.9005046e-05
1.8695852e-05
0.00035369321
0.00031911696
0.00030521523
0.00029368944
0.00027626884
0.00025628136
0.00023701439
0.00021620279
0.00019294261
0.00016626259
0.00013564345
0.00011149491
0.0001049547
0.00010624571
0.00011917394
0.00013316078
0.00012249577
6.8094829e-05
6.6483877e-05
9.6134239e-05
5.7722173e-05
4.6796525e-05
7.619448e-05
9.8498541e-05
0.00010534879
0.00010238308
9.6458132e-05
9.0517617e-05
8.5116767e-05
8.011983e-05
7.5383022e-05
7.0121387e-05
5.5342418e-05
2.9177637e-05
1.9891175e-05
2.3050255e-05
2.2436879e-05
2.1869873e-05
2.1345795e-05
2.0861199e-05
2.0412859e-05
1.9997762e-05
1.9613154e-05
1.9256515e-05
1.8925431e-05
1.861774e-05
0.00035759
0.00032290612
0.00030847338
0.00029643119
0.00027869676
0.0002585312
0.0002391332
0.00021829809
0.00019508081
0.00016876525
0.00013770082
0.0001126522
0.00010695412
0.00011399959
0.00012886999
0.00013791244
0.00012358164
6.7987724e-05
6.630015e-05
9.5677406e-05
5.7570565e-05
4.6625297e-05
7.5875145e-05
9.8151919e-05
0.00010503859
0.00010207969
9.6175911e-05
9.0268431e-05
8.4890677e-05
7.9904713e-05
7.5171913e-05
6.9876239e-05
5.4954436e-05
2.9012111e-05
1.9923021e-05
2.2952226e-05
2.2341689e-05
2.1777324e-05
2.1255695e-05
2.0773372e-05
2.0327145e-05
1.9914013e-05
1.9531237e-05
1.9176308e-05
1.8846824e-05
1.8540634e-05
0.00036047346
0.00032555476
0.00031079395
0.00029843109
0.00028048749
0.00026015796
0.0002406743
0.00021989641
0.00019673656
0.00017084391
0.00013983627
0.00011398911
0.00010637596
0.00011377997
0.00013071607
0.00014235592
0.00013200441
7.4358301e-05
6.783299e-05
9.4303029e-05
5.7416156e-05
4.6453477e-05
7.5549155e-05
9.779285e-05
0.0001047158
0.00010176533
9.5886062e-05
9.0013754e-05
8.4659086e-05
7.9684274e-05
7.4956356e-05
6.9626303e-05
5.4565008e-05
2.884684e-05
1.9954347e-05
2.2855673e-05
2.2247936e-05
2.1686174e-05
2.1166959e-05
2.0686876e-05
2.024273e-05
1.9831536e-05
1.9450565e-05
1.9097321e-05
1.8769413e-05
1.84647e-05
0.00035355351
0.00031919801
0.00030495863
0.0002931667
0.00027571942
0.00025580967
0.00023668747
0.0002162381
0.00019332343
0.00016756376
0.00013652215
0.00011071511
0.00010338854
0.0001113256
0.0001282241
0.00014006733
0.00012916527
7.1745543e-05
6.7517399e-05
9.3520745e-05
5.7260249e-05
4.6282383e-05
7.5235446e-05
9.7449668e-05
0.00010440219
0.00010145732
9.5602903e-05
8.9765379e-05
8.4432165e-05
7.9465933e-05
7.4742081e-05
6.9375923e-05
5.4172373e-05
2.8681155e-05
1.9987694e-05
2.2760562e-05
2.2155585e-05
2.1596388e-05
2.1079552e-05
2.0601678e-05
2.0159584e-05
1.9750299e-05
1.9371107e-05
1.9019523e-05
1.8693169e-05
1.8389912e-05
0.0003581063
0.00032331113
0.00030857987
0.0002962955
0.000278463
0.00025823932
0.00023887996
0.00021828261
0.00019529855
0.00016962916
0.00013875998
0.0001128784
0.00010521179
0.0001123911
0.00012874856
0.00014067846
0.00012950728
7.2218314e-05
6.7583149e-05
9.254548e-05
5.7100572e-05
4.6113949e-05
7.4918739e-05
9.709843e-05
0.00010408105
0.00010114385
9.5317145e-05
8.9515477e-05
8.4203778e-05
7.9245603e-05
7.4526431e-05
6.9122647e-05
5.3774609e-05
2.8514029e-05
2.002273e-05
2.2666868e-05
2.2064611e-05
2.1507943e-05
2.0993453e-05
2.0517756e-05
2.0077685e-05
1.9670282e-05
1.9292844e-05
1.8942897e-05
1.8618073e-05
1.8316252e-05
0.00035221377
0.00031793877
0.00030365933
0.00029187835
0.0002744753
0.00025460383
0.00023555219
0.00021522551
0.00019244886
0.00016680267
0.00013591783
0.00011019378
0.00010281979
0.00011074248
0.00012753765
0.00013906431
0.00012737577
7.0660296e-05
6.7021508e-05
9.2452924e-05
5.694522e-05
4.5946397e-05
7.4612522e-05
9.6760226e-05
0.00010376747
0.00010083629
9.503828e-05
8.9271627e-05
8.3978883e-05
7.902662e-05
7.4312058e-05
6.8866932e-05
5.3368151e-05
2.8344476e-05
2.0061216e-05
2.2574556e-05
2.1974982e-05
2.1420809e-05
2.0908633e-05
2.0435082e-05
1.9997006e-05
1.9591458e-05
1.9215749e-05
1.8867416e-05
1.8544101e-05
0.0003555728
0.00032096497
0.00030629468
0.0002941181
0.00027641838
0.00025632498
0.00023710508
0.00021667152
0.00019383798
0.00016823453
0.00013746985
0.00011171997
0.00010409801
0.00011163246
0.00012809447
0.00013942379
0.0001284061
7.1386391e-05
6.6832175e-05
9.2258543e-05
5.6792347e-05
4.5773575e-05
7.4299424e-05
9.6415551e-05
0.00010344751
0.00010052472
9.4758426e-05
8.9027209e-05
8.3753005e-05
7.8805712e-05
7.4095937e-05
6.8606422e-05
5.2951302e-05
2.8172221e-05
2.0102422e-05
2.2483596e-05
2.1886669e-05
2.1334956e-05
2.0825061e-05
2.0353627e-05
1.9917518e-05
1.9513801e-05
1.9139797e-05
1.8793055e-05
1.8471228e-05
0.00035783804
0.00032309137
0.00030809627
0.00029561984
0.00027777669
0.00025759448
0.00023827658
0.00021779625
0.00019497708
0.00016954645
0.00013901691
0.00011323619
0.00010534889
0.00011214437
0.00012816197
0.00013995806
0.00012932644
7.2707662e-05
6.7020929e-05
9.1353628e-05
5.6624665e-05
4.5603475e-05
7.3994532e-05
9.6072294e-05
0.00010312484
0.00010021074
9.4477657e-05
8.8781459e-05
8.3524723e-05
7.858308e-05
7.3878769e-05
6.8343165e-05
5.2534803e-05
2.799948e-05
2.0140309e-05
2.2393956e-05
2.179964e-05
2.1250355e-05
2.0742711e-05
2.0273366e-05
1.9839197e-05
1.9437285e-05
1.9064962e-05
1.8719789e-05
0.00035099135
0.00031679074
0.00030236758
0.00029049559
0.00027319172
0.00025343947
0.00023446253
0.00021427456
0.00019170587
0.00016632985
0.00013580941
0.0001101421
0.00010256231
0.0001098768
0.00012644677
0.00013845224
0.00012738395
7.1782347e-05
6.669553e-05
9.1028442e-05
5.6458408e-05
4.5434999e-05
7.3705389e-05
9.5745644e-05
0.00010281172
9.9904993e-05
9.4205111e-05
8.854255e-05
8.3301066e-05
7.8364901e-05
7.3665771e-05
6.8078441e-05
5.2113584e-05
2.7825241e-05
2.0178248e-05
2.2305619e-05
2.1713878e-05
2.1166989e-05
2.0661566e-05
2.0194282e-05
1.9762027e-05
1.9361895e-05
1.8991231e-05
0.00034601501
0.00031223423
0.00029810489
0.00028656436
0.00026955552
0.00025005028
0.00023125526
0.00021118829
0.00018875338
0.00016318907
0.00013258115
0.00010742999
0.00010086585
0.00010888884
0.00012467664
0.00013461577
0.00012232776
6.8707525e-05
6.5724349e-05
9.1415038e-05
5.6288281e-05
4.5248964e-05
7.3406253e-05
9.5412862e-05
0.00010249136
9.9593947e-05
9.3928996e-05
8.8299629e-05
8.3073649e-05
7.8141955e-05
7.3449222e-05
6.7810889e-05
5.1692272e-05
2.7650792e-05
2.0214012e-05
2.2218541e-05
2.1629345e-05
2.1084818e-05
2.0581586e-05
2.0116336e-05
1.968597e-05
1.9287595e-05
1.8918568e-05
0.00034954171
0.0003154926
0.000300926
0.00028895406
0.00027167931
0.00025198395
0.0002330058
0.00021280083
0.0001903148
0.00016474258
0.00013431493
0.00010926937
0.00010269063
0.00010999872
0.00012530927
0.00013497293
0.00012360962
7.0560274e-05
6.5494156e-05
9.1410883e-05
5.6106811e-05
4.5063014e-05
7.3100271e-05
9.5070391e-05
0.00010216021
9.9272263e-05
9.3642522e-05
8.8045458e-05
8.283494e-05
7.7905576e-05
7.3221857e-05
6.7532783e-05
5.1260006e-05
2.7473907e-05
2.0249828e-05
2.2132715e-05
2.1546028e-05
2.1003834e-05
2.0502766e-05
2.0039523e-05
1.9611021e-05
1.921438e-05
0.0003444242
0.00031076141
0.00029661702
0.00028510904
0.0002682445
0.00024886515
0.00023011493
0.00021007865
0.00018774966
0.00016216196
0.00013190572
0.00010746976
0.00010161902
0.00010787924
0.00012187324
0.00013136793
0.00011893992
6.811951e-05
6.4675336e-05
9.1324138e-05
5.5938583e-05
4.4902468e-05
7.2814567e-05
9.4745978e-05
0.00010184485
9.8965288e-05
9.3368409e-05
8.779999e-05
8.2601616e-05
7.7674099e-05
7.2998495e-05
6.7255536e-05
5.0832166e-05
2.7298076e-05
2.028068e-05
2.2048101e-05
2.1463892e-05
2.0924003e-05
2.042507e-05
1.9963807e-05
1.9537146e-05
1.9142217e-05
0.00035046021
0.00031631166
0.00030153135
0.00028938126
0.00027202366
0.00025227675
0.00023324697
0.00021304135
0.00019053151
0.00016508897
0.00013489753
0.00010993985
0.00010414834
0.00011201211
0.00012678294
0.00013593049
0.00012399029
7.1406379e-05
6.4791549e-05
9.0914368e-05
5.5795512e-05
4.4757174e-05
7.2539704e-05
9.4432944e-05
0.00010154278
9.8673678e-05
9.3110982e-05
8.7569486e-05
8.2379844e-05
7.7454217e-05
7.2783156e-05
6.6980618e-05
5.0407476e-05
2.7123075e-05
2.0308578e-05
2.1964678e-05
2.1382917e-05
2.0845302e-05
2.0348477e-05
1.9889172e-05
1.9464328e-05
1.9071087e-05
0.00030961583
0.00027792331
0.00026739426
0.00025966449
0.00024559344
0.00022819733
0.00021111722
0.00019247303
0.00017097578
0.00014697213
0.00011704913
8.0518386e-05
6.3382762e-05
7.6955825e-05
0.00010359084
0.00012342061
0.00011749995
6.8590153e-05
6.4242542e-05
9.0402138e-05
5.5666624e-05
4.4612987e-05
7.226598e-05
9.4126463e-05
0.00010125209
9.8396661e-05
9.2870044e-05
8.7355641e-05
8.2174447e-05
7.7252039e-05
7.2582649e-05
6.6716667e-05
4.9995725e-05
2.6951356e-05
2.03311e-05
2.1881545e-05
2.1302277e-05
2.0766976e-05
2.0272299e-05
1.9814984e-05
1.9391988e-05
0.0003505353
0.00031620827
0.0003013019
0.00028903534
0.00027145282
0.00025152455
0.00023252515
0.00021242375
0.00018970425
0.00016409454
0.00013598818
0.00010792676
9.1406741e-05
9.0154517e-05
0.00010636556
0.00012393267
0.0001177085
6.8130406e-05
6.3929768e-05
9.0286199e-05
5.5541607e-05
4.4463605e-05
7.1977291e-05
9.380473e-05
0.00010095216
9.8114977e-05
9.2628969e-05
8.7144442e-05
8.197368e-05
7.705681e-05
7.2388983e-05
6.6463112e-05
4.9608451e-05
2.6785642e-05
2.0342528e-05
2.1797626e-05
2.1220989e-05
2.0688131e-05
2.0195715e-05
1.9740497e-05
1.9319447e-05
0.0003533844
0.00031906597
0.00030392545
0.00029145443
0.00027381322
0.00025387788
0.00023472979
0.00021438794
0.00019187466
0.00016630139
0.00013696462
0.00011321823
0.00010657841
0.00010807148
0.00011881014
0.00012957392
0.00011867621
6.8320983e-05
6.3838653e-05
8.9759051e-05
5.5411876e-05
4.4313261e-05
7.1687981e-05
9.3481278e-05
0.00010065167
9.7833062e-05
9.2386822e-05
8.6931036e-05
8.1770383e-05
7.6858853e-05
7.2193975e-05
6.6207435e-05
4.9221487e-05
2.6619964e-05
2.0352523e-05
2.1714946e-05
2.1140905e-05
2.0610457e-05
2.0120273e-05
1.9667125e-05
1.9247996e-05
0.00034530939
0.00031153942
0.00029721731
0.00028559613
0.00026859587
0.0002491362
0.00023042465
0.00021048904
0.00018837464
0.00016319077
0.00013350275
0.00010891628
0.00010241685
0.00010874815
0.00012364808
0.00013349667
0.00012256069
7.1579906e-05
6.4089423e-05
8.9258196e-05
5.5276184e-05
4.4162124e-05
7.1389242e-05
9.3146319e-05
0.00010034213
9.7544983e-05
9.2143362e-05
8.6718417e-05
8.156791e-05
7.6660806e-05
7.2001633e-05
6.5958826e-05
4.8849564e-05
2.6458478e-05
2.0357621e-05
2.1633559e-05
2.1062074e-05
2.0533998e-05
2.0046012e-05
1.9594901e-05
0.00033162474
0.00029864041
0.00028562963
0.00027535163
0.00025930309
0.00024052963
0.00022241521
0.00020293886
0.00018111559
0.00015572315
0.00012630832
0.00010268927
9.6542954e-05
0.000100546
0.00011446806
0.0001267171
0.00011716687
6.8891583e-05
6.3659684e-05
8.8831547e-05
5.5141566e-05
4.4015584e-05
7.1087865e-05
9.2809006e-05
0.00010003538
9.7255547e-05
9.1892212e-05
8.6491509e-05
8.1347618e-05
7.6444168e-05
7.1792526e-05
6.5693155e-05
4.8463802e-05
2.629293e-05
2.0363258e-05
2.1553435e-05
2.0984469e-05
2.0458728e-05
1.9972906e-05
1.9523801e-05
0.00029728627
0.00028436645
0.00027418344
0.00025818757
0.0002394582
0.00022145559
0.00020210565
0.00018023575
0.00015486403
0.00012647098
0.00010264054
9.35861e-05
9.3141075e-05
0.00010768703
0.00012503488
0.00011668585
6.7685784e-05
6.3250952e-05
8.8526262e-05
5.5007804e-05
4.3870269e-05
7.0719881e-05
9.2436523e-05
9.9775076e-05
9.7008898e-05
9.1683079e-05
8.630113e-05
8.1156477e-05
7.6250704e-05
7.1601137e-05
6.543013e-05
4.8062041e-05
2.6121706e-05
2.0374041e-05
2.1474551e-05
2.0908063e-05
2.0384623e-05
1.9900931e-05
1.9453802e-05
0.00025789993
0.00024941895
0.0002438609
0.00023122173
0.00021483036
0.00019878758
0.00018113833
0.00016052159
0.00013404899
9.0197745e-05
4.1491299e-05
3.5340372e-05
6.5673732e-05
0.00010075569
0.00012240603
0.00011820932
6.9645983e-05
6.3111628e-05
8.8130111e-05
5.4869153e-05
4.3721272e-05
7.041238e-05
9.2104661e-05
9.9492215e-05
9.6751121e-05
9.1471302e-05
8.6114336e-05
8.0973382e-05
7.606757e-05
7.1421739e-05
6.5177484e-05
4.7667997e-05
2.5952332e-05
2.0382862e-05
2.1396879e-05
2.0832833e-05
2.0311658e-05
1.9830066e-05
0.00025591043
0.00024748262
0.00024198057
0.00022924425
0.00021275455
0.00019673892
0.00017879558
0.00014705188
6.8283645e-05
4.1136751e-05
4.1621046e-05
3.4132147e-05
6.5273752e-05
0.0001019384
0.00012301827
0.00011867369
7.002181e-05
6.2987059e-05
8.773888e-05
5.4731716e-05
4.3573545e-05
7.0122244e-05
9.1776491e-05
9.9189516e-05
9.6476347e-05
9.1243252e-05
8.5912474e-05
8.077779e-05
7.5874631e-05
7.1235355e-05
6.492421e-05
4.7286286e-05
2.5787421e-05
2.0385426e-05
2.1320395e-05
2.0758755e-05
2.0239813e-05
1.9760288e-05
0.00027098917
0.00026069762
0.00025326238
0.0002391766
0.00022179002
0.00020506715
0.00018643738
0.00013986738
6.48833e-05
5.3508581e-05
4.8492771e-05
3.5306568e-05
6.5348398e-05
0.00010199946
0.00012287045
0.00011852143
7.0074649e-05
6.2825005e-05
8.7361651e-05
5.459746e-05
4.342972e-05
6.984577e-05
9.1457077e-05
9.8886171e-05
9.6201198e-05
9.1012723e-05
8.5705591e-05
8.0576414e-05
7.5676681e-05
7.1043839e-05
6.4670166e-05
4.6916965e-05
2.5626926e-05
2.0381867e-05
2.1245076e-05
2.0685808e-05
2.0169063e-05
1.9691575e-05
0.00027454014
0.00026384148
0.00025599721
0.00024167297
0.00022413679
0.00020724953
0.00018856175
0.00014862273
6.4629804e-05
4.6160976e-05
4.8708151e-05
3.5119209e-05
6.5047484e-05
0.00010166696
0.00012255479
0.00011825772
7.0108869e-05
6.2671378e-05
8.6949587e-05
5.446671e-05
4.3288372e-05
6.957817e-05
9.1144996e-05
9.8584198e-05
9.5928944e-05
9.0784667e-05
8.5498914e-05
8.0373596e-05
7.5476995e-05
7.0849938e-05
6.4411661e-05
4.6544817e-05
2.5465595e-05
2.0377246e-05
2.11709e-05
2.0613967e-05
2.009939e-05
1.9623909e-05
0.00028557369
0.00027355817
0.00026436975
0.00024913344
0.00023098966
0.00021363314
0.00019505328
0.00017189758
0.00012077447
5.3186045e-05
3.0044967e-05
3.9306655e-05
6.5665433e-05
0.00010201762
0.00012219994
0.00011788368
7.0054516e-05
6.2502331e-05
8.6556853e-05
5.4336536e-05
4.3148115e-05
6.9318307e-05
9.084103e-05
9.8286306e-05
9.5661442e-05
9.0560323e-05
8.5294119e-05
8.0171717e-05
7.527793e-05
7.0656404e-05
6.4149048e-05
4.616482e-05
2.5301606e-05
2.0373204e-05
2.1097838e-05
2.0543208e-05
2.0030766e-05
1.9557264e-05
0.00027403849
0.00026333604
0.00025552988
0.0002413134
0.00022387397
0.00020708334
0.00018891511
0.00016663332
0.00012253338
4.921682e-05
2.4271354e-05
4.0137469e-05
6.578663e-05
0.00010195677
0.00012183373
0.00011750956
7.0021359e-05
6.2338105e-05
8.6147841e-05
5.4208619e-05
4.3009683e-05
6.9060328e-05
9.0535525e-05
9.7986751e-05
9.5394193e-05
9.0336156e-05
8.508876e-05
7.9969304e-05
7.5078592e-05
7.0462809e-05
6.3881318e-05
4.5774586e-05
2.5134124e-05
2.0370185e-05
2.1025877e-05
2.0473517e-05
1.9963181e-05
1.9491628e-05
0.00030816839
0.0002935561
0.00028174677
0.00026454746
0.00024500267
0.00022648374
0.00020696659
0.00018503532
0.00015923622
0.00011966302
6.6967e-05
4.2046518e-05
6.1404491e-05
9.7647632e-05
0.00012082163
0.00011728804
7.0275154e-05
6.2251283e-05
8.5679901e-05
5.4084049e-05
4.2876114e-05
6.8813329e-05
9.0239266e-05
9.7693879e-05
9.5133929e-05
9.0117219e-05
8.4886389e-05
7.976884e-05
7.4880697e-05
7.0270665e-05
6.361294e-05
4.5383846e-05
2.4965926e-05
2.0365715e-05
2.0954994e-05
2.0404872e-05
1.989661e-05
1.942698e-05
0.00031160764
0.00029673881
0.00028461787
0.00026727674
0.00024767182
0.00022900889
0.00020933583
0.00018746549
0.00016316446
0.00013557539
0.00010557205
8.6307699e-05
8.4028188e-05
0.00010153257
0.00012012721
0.00011631884
6.9865263e-05
6.2025924e-05
8.5359745e-05
5.396126e-05
4.2744667e-05
6.8569692e-05
8.9947762e-05
9.7405778e-05
9.4880904e-05
8.9905833e-05
8.4690347e-05
7.9573749e-05
7.4687346e-05
7.0082514e-05
6.3340919e-05
4.4981233e-05
2.4793221e-05
2.0362358e-05
2.0884833e-05
2.0336946e-05
1.9830757e-05
1.9363046e-05
0.00030636656
0.00029199634
0.00028039301
0.00026346293
0.00024418784
0.00022578732
0.00020623446
0.00018452673
0.00015968685
0.00013161207
0.00010852072
0.00010054498
0.00010004904
0.00011043083
0.0001237687
0.00011577082
6.9048452e-05
6.1954164e-05
8.4833751e-05
5.383968e-05
4.2613911e-05
6.8320893e-05
8.9652521e-05
9.7118347e-05
9.4631459e-05
8.9698647e-05
8.449961e-05
7.9385492e-05
7.4501862e-05
6.9902573e-05
6.3079506e-05
4.4596377e-05
2.4625116e-05
2.0351299e-05
2.0813171e-05
2.0267704e-05
1.976376e-05
1.9298126e-05
0.00030843102
0.00029380791
0.00028195618
0.00026478965
0.0002453411
0.00022684415
0.00020723955
0.00018561301
0.00016093406
0.00013228641
0.00010878803
0.00010215499
0.0001058597
0.00011737893
0.00012601892
0.00011528636
6.9327353e-05
6.1828277e-05
8.4264842e-05
5.3719736e-05
4.2479972e-05
6.8059671e-05
8.9341644e-05
9.6817465e-05
9.4371884e-05
8.9482654e-05
8.4300911e-05
7.9190401e-05
7.4310862e-05
6.9718213e-05
6.2816268e-05
4.4217687e-05
2.4459132e-05
2.0336474e-05
2.0742189e-05
2.0199146e-05
1.9697447e-05
1.9233891e-05
0.00031035422
0.00029546268
0.00028335851
0.00026601813
0.00024646808
0.0002279174
0.00020831426
0.00018671045
0.00016226337
0.00013354303
0.00010949882
0.00010235154
0.00010746051
0.00012033295
0.00012832497
0.00011677215
7.0486898e-05
6.1864779e-05
8.3833881e-05
5.3597816e-05
4.2349509e-05
6.7808703e-05
8.9037024e-05
9.6519508e-05
9.4115503e-05
8.9268864e-05
8.4102685e-05
7.8995134e-05
7.4120054e-05
6.9534552e-05
6.2555331e-05
4.3846691e-05
2.4295165e-05
2.0319145e-05
2.0672446e-05
2.0131782e-05
1.9632285e-05
0.00031111078
0.00029611893
0.00028391322
0.00026648445
0.00024687985
0.00022833427
0.00020877453
0.0001872102
0.00016299137
0.0001341529
0.00011054364
0.00010375977
0.00010950808
0.00012345695
0.00013277469
0.00012228469
7.4242191e-05
6.2660812e-05
8.3235748e-05
5.3475885e-05
4.2225173e-05
6.7562866e-05
8.873369e-05
9.6221927e-05
9.3861204e-05
8.9056125e-05
8.3903087e-05
7.8797122e-05
7.3926354e-05
6.9348928e-05
6.2289727e-05
4.3469624e-05
2.4128163e-05
2.0301916e-05
2.0603922e-05
2.0065589e-05
1.9568254e-05
0.00023269077
0.00022664597
0.00022372762
0.00021301535
0.00019809363
0.00018350124
0.00016715916
0.00014776782
0.00012303998
8.0446031e-05
3.7579453e-05
3.5838807e-05
6.6083275e-05
9.8137544e-05
0.00011824677
0.00011302385
6.9100306e-05
6.1369602e-05
8.2791614e-05
5.3355244e-05
4.2096624e-05
6.7322398e-05
8.8437548e-05
9.5928767e-05
9.3611489e-05
8.8846769e-05
8.3703961e-05
7.8597481e-05
7.3730196e-05
6.9160928e-05
6.2009453e-05
4.3063699e-05
2.3950679e-05
2.028841e-05
2.0536589e-05
2.0000545e-05
1.9505329e-05
1.9047775e-05
0.0002446107
0.00023681046
0.00023208511
0.00021976202
0.00020367665
0.00018839558
0.0001709427
0.00012142184
5.8330428e-05
4.7698936e-05
4.0874367e-05
3.2159421e-05
6.1926073e-05
9.6836912e-05
0.00011767084
0.00011404822
6.9686583e-05
6.1096421e-05
8.2738191e-05
5.3238328e-05
4.1970242e-05
6.7077945e-05
8.813745e-05
9.5634878e-05
9.3362205e-05
8.8636819e-05
8.3504855e-05
7.839943e-05
7.3536316e-05
6.8975354e-05
6.1731956e-05
4.2663122e-05
2.377508e-05
2.0272366e-05
2.0470429e-05
1.993663e-05
1.9443494e-05
1.8987864e-05
0.00030263707
0.00028825112
0.00027671832
0.0002596268
0.00024026415
0.00022213224
0.00020303802
0.00017982567
0.00013729276
5.9365549e-05
2.6948606e-05
3.9726869e-05
6.353137e-05
9.8568609e-05
0.00011825888
0.00011466859
7.0353233e-05
6.1011362e-05
8.2349058e-05
5.311307e-05
4.1842723e-05
6.6838402e-05
8.7840491e-05
9.534172e-05
9.3114604e-05
8.8427033e-05
8.3302767e-05
7.8196375e-05
7.3336875e-05
6.8783852e-05
6.1437592e-05
4.2235757e-05
2.3589653e-05
2.0258377e-05
2.0405423e-05
1.9873826e-05
1.938273e-05
1.892899e-05
0.00028539384
0.00027305619
0.00026367492
0.00024833005
0.00023024519
0.00021304053
0.00019462829
0.00017391707
0.00014797592
0.00010103545
4.6649104e-05
3.1683968e-05
6.114169e-05
9.7263388e-05
0.00011865889
0.00011512735
7.0897206e-05
6.0966886e-05
8.190829e-05
5.3001178e-05
4.172368e-05
6.6606499e-05
8.7555974e-05
9.5064109e-05
9.2880373e-05
8.8227074e-05
8.3108889e-05
7.8001233e-05
7.3144822e-05
6.859876e-05
6.1146915e-05
4.1812028e-05
2.3405507e-05
2.0242027e-05
2.0341549e-05
1.9812113e-05
1.9323019e-05
1.8871132e-05
0.00024704625
0.00023880528
0.00023394255
0.00022180557
0.00020584109
0.00019050474
0.00017365938
0.00015256675
0.0001130925
4.7581822e-05
2.6892009e-05
3.9784263e-05
6.3274319e-05
9.9092866e-05
0.0001186407
0.00011491773
7.105778e-05
6.0837408e-05
8.1427025e-05
5.290728e-05
4.1608959e-05
6.6357627e-05
8.725449e-05
9.4778001e-05
9.2643672e-05
8.8026144e-05
8.2914302e-05
7.7806003e-05
7.2952647e-05
6.8412753e-05
6.0852481e-05
4.1385627e-05
2.3220427e-05
2.0223887e-05
2.0278788e-05
1.9751472e-05
1.9264344e-05
1.8814275e-05
0.00023474376
0.00022766674
0.00022419348
0.00021300825
0.00019764037
0.00018272416
0.00016464711
9.7563652e-05
6.4809326e-05
7.6323628e-05
5.0464451e-05
3.5622416e-05
6.1684231e-05
9.7260899e-05
0.00011758764
0.00011426215
7.0951661e-05
6.0682888e-05
8.1043274e-05
5.2811929e-05
4.1492201e-05
6.6125607e-05
8.6971491e-05
9.4507237e-05
9.242126e-05
8.7837194e-05
8.2730308e-05
7.7621495e-05
7.2770869e-05
6.8235979e-05
6.0569977e-05
4.0977659e-05
2.3041364e-05
2.0201919e-05
2.0217123e-05
1.9691888e-05
1.9206686e-05
1.8758401e-05
0.00023444215
0.0002272563
0.00022375799
0.00021262134
0.00019722181
0.00017664524
8.9863468e-05
7.8099086e-05
0.0001181013
8.7207205e-05
4.6665336e-05
3.4598791e-05
6.0930025e-05
9.6351969e-05
0.00011701065
0.00011387998
7.1037535e-05
6.0543215e-05
8.0578819e-05
5.271011e-05
4.1374319e-05
6.5890223e-05
8.6680704e-05
9.4229248e-05
9.2195025e-05
8.7645593e-05
8.254419e-05
7.7435426e-05
7.2588445e-05
6.8059719e-05
6.0285475e-05
4.0567604e-05
2.2860598e-05
2.0178756e-05
2.0156537e-05
1.9633343e-05
1.9150033e-05
1.8703497e-05
0.00024239766
0.00023405841
0.00022943419
0.00021758655
0.00020165675
0.00015685977
7.9220618e-05
8.9550902e-05
0.00012033672
8.7112949e-05
4.7574652e-05
3.4387633e-05
6.0587013e-05
9.5982483e-05
0.00011668087
0.0001136219
7.1143473e-05
6.0418001e-05
8.0152462e-05
5.2599951e-05
4.1254066e-05
6.5668126e-05
8.640426e-05
9.3960714e-05
9.1973387e-05
8.7454322e-05
8.2356649e-05
7.7247569e-05
7.2405192e-05
6.7883866e-05
6.0004352e-05
4.016703e-05
2.2683245e-05
2.0153041e-05
2.0097012e-05
1.9575821e-05
1.9094366e-05
1.8649548e-05
0.00027421767
0.00026222874
0.00025376846
0.0002393019
0.00022173836
0.00020424582
0.00017671994
8.393179e-05
6.4742675e-05
8.5438576e-05
4.6418671e-05
3.4567023e-05
6.0450466e-05
9.580007e-05
0.00011640495
0.00011338308
7.1265695e-05
6.0286725e-05
7.9714542e-05
5.2486369e-05
4.1134223e-05
6.5446295e-05
8.6127827e-05
9.3694228e-05
9.1753954e-05
8.726363e-05
8.2168221e-05
7.7058004e-05
7.2219896e-05
6.7705335e-05
5.970859e-05
3.9742803e-05
2.2496822e-05
2.0127916e-05
2.003829e-05
1.9519085e-05
1.9039469e-05
1.8596353e-05
0.00023089858
0.00022390008
0.00022072935
0.00021018431
0.00019531004
0.00018013809
0.00012430085
7.6721683e-05
9.2709944e-05
8.432109e-05
4.6258139e-05
3.4791254e-05
6.0254926e-05
9.5486484e-05
0.00011603992
0.0001130958
7.1308738e-05
6.0153229e-05
7.9330121e-05
5.2370721e-05
4.1015946e-05
6.5225261e-05
8.5856391e-05
9.3436823e-05
9.1543131e-05
8.7081058e-05
8.1989887e-05
7.6880682e-05
7.2047196e-05
6.753917e-05
5.9433996e-05
3.9352858e-05
2.2322653e-05
2.0095111e-05
1.9977737e-05
1.9460721e-05
1.8983137e-05
1.8541896e-05
0.00025915818
0.00024865951
0.00024183675
0.00022859784
0.00021188492
0.00019544995
0.00016295135
7.8373538e-05
6.6406793e-05
8.3932628e-05
4.6237584e-05
3.4746854e-05
5.9997189e-05
9.51151e-05
0.00011566112
0.00011280195
7.145326e-05
6.001772e-05
7.8843277e-05
5.2261359e-05
4.0898608e-05
6.4991889e-05
8.5565623e-05
9.3163259e-05
9.1321119e-05
8.6888911e-05
8.180308e-05
7.6696758e-05
7.1869239e-05
6.7369282e-05
5.9160934e-05
3.897475e-05
2.2152792e-05
2.0059126e-05
1.9917494e-05
1.9402694e-05
1.8927162e-05
1.8487819e-05
0.00023004691
0.00022293127
0.00021969995
0.00020914611
0.00019426245
0.00017817275
0.00010326346
7.8419836e-05
0.00010995597
8.4652401e-05
4.6050176e-05
3.4348417e-05
5.961606e-05
9.4671795e-05
0.0001152892
0.00011252728
7.1561166e-05
5.989253e-05
7.8412288e-05
5.2148032e-05
4.078447e-05
6.4776032e-05
8.5290429e-05
9.2899321e-05
9.1105436e-05
8.6700017e-05
8.1617884e-05
7.651445e-05
7.1693663e-05
6.7202416e-05
5.8897644e-05
3.8615704e-05
2.1989856e-05
2.0021123e-05
1.9858393e-05
1.9345764e-05
1.8872242e-05
1.8434759e-05
0.00025502888
0.00024724141
0.00023338629
0.00021626197
0.00019948549
0.000171333
7.9226387e-05
6.2432741e-05
8.4141975e-05
4.6174202e-05
3.4425431e-05
5.9416165e-05
9.442239e-05
0.0001149847
0.00011227483
7.1729364e-05
5.9761611e-05
7.7925565e-05
5.2035403e-05
4.0674236e-05
6.4557246e-05
8.5010531e-05
9.2631618e-05
9.0886901e-05
8.650677e-05
8.1426428e-05
7.6324874e-05
7.1511832e-05
6.70295e-05
5.8619434e-05
3.8234657e-05
2.1817953e-05
1.9984782e-05
1.9800415e-05
1.9289913e-05
1.881836e-05
1.8382698e-05
0.00022775296
0.00022372408
0.00021273261
0.00019760475
0.00018224263
0.00013139022
7.5718599e-05
8.695045e-05
8.4135915e-05
4.6087311e-05
3.4312774e-05
5.9149702e-05
9.4073076e-05
0.00011463848
0.0001120075
7.1814119e-05
5.9635363e-05
7.7521689e-05
5.1921692e-05
4.0564564e-05
6.4349703e-05
8.4744963e-05
9.2376721e-05
9.0677433e-05
8.6318607e-05
8.1238333e-05
7.6137763e-05
7.1333282e-05
6.68593e-05
5.8341937e-05
3.7852445e-05
2.1646168e-05
1.9949047e-05
1.9743537e-05
1.9235118e-05
1.8765493e-05
1.8331614e-05
0.00025661076
0.00024851447
0.0002345102
0.00021730308
0.00020061045
0.00018048666
0.00010289617
6.6727169e-05
7.7394851e-05
4.823082e-05
3.4282514e-05
5.900395e-05
9.388971e-05
0.00011436011
0.00011175833
7.197712e-05
5.9502865e-05
7.7039217e-05
5.1810855e-05
4.0456343e-05
6.413788e-05
8.4471839e-05
9.2117913e-05
9.046668e-05
8.6127688e-05
8.1046244e-05
7.5946647e-05
7.1150787e-05
6.6684426e-05
5.8049533e-05
3.7447193e-05
2.1465839e-05
1.9914954e-05
1.9687747e-05
1.9181371e-05
1.8713631e-05
1.82815e-05
0.00026346131
0.00025449747
0.00024003742
0.00022257283
0.00020563661
0.0001875118
0.00016111254
8.9283703e-05
4.9646973e-05
4.4623456e-05
3.3952943e-05
5.8530815e-05
9.3331262e-05
0.00011395861
0.00011148295
7.2058327e-05
5.9380022e-05
7.6644764e-05
5.1698281e-05
4.0350203e-05
6.3937578e-05
8.4212853e-05
9.1872121e-05
9.0266939e-05
8.5945325e-05
8.086216e-05
7.5764143e-05
7.0976608e-05
6.6516922e-05
5.7765307e-05
3.705135e-05
2.1289587e-05
1.9880559e-05
1.9633021e-05
1.9128643e-05
1.8662757e-05
1.8232335e-05
0.00025202531
0.00023782261
0.00022054561
0.00020382314
0.00018607611
0.00016491383
0.00012508008
5.3697606e-05
2.7787861e-05
3.8781976e-05
5.9851907e-05
9.433796e-05
0.00011396814
0.00011131658
7.2218725e-05
5.9250968e-05
7.6190477e-05
5.1586448e-05
4.0244336e-05
6.3735214e-05
8.3947211e-05
9.1619714e-05
9.0063118e-05
8.5758958e-05
8.0673703e-05
7.5577498e-05
7.0799299e-05
6.6346351e-05
5.7471394e-05
3.6641575e-05
2.1107922e-05
1.9847068e-05
1.9579349e-05
1.9076928e-05
1.8612853e-05
1.8184108e-05
0.00025234137
0.00023809175
0.000220796
0.00020398109
0.00018608594
0.00016580092
0.00013834598
8.1526692e-05
3.8875216e-05
3.4514544e-05
6.0059772e-05
9.4873032e-05
0.00011423016
0.00011135866
7.2387636e-05
5.9146671e-05
7.5828455e-05
5.147256e-05
4.0142126e-05
6.355309e-05
8.3704946e-05
9.1383725e-05
8.9868648e-05
8.5578998e-05
8.049089e-05
7.5395872e-05
7.0627145e-05
6.6180499e-05
5.7186531e-05
3.624639e-05
2.0932722e-05
1.9812867e-05
1.9526712e-05
1.9026206e-05
1.8563906e-05
1.8136802e-05
0.00022844584
0.00021688068
0.00020143104
0.00018620496
0.00016971476
0.00014817392
9.3955346e-05
4.8449182e-05
4.0211457e-05
3.756671e-05
5.9219445e-05
9.3792704e-05
0.00011348641
0.00011092173
7.2475929e-05
5.9013896e-05
7.5382619e-05
5.1368125e-05
4.0041782e-05
6.3360166e-05
8.345697e-05
9.1149774e-05
8.9675181e-05
8.5398237e-05
8.0306515e-05
7.5212245e-05
7.045265e-05
6.6011292e-05
5.6891722e-05
3.5838906e-05
2.0753198e-05
1.977934e-05
1.9475097e-05
0.00022807648
0.00021635742
0.0002008
0.00018557759
0.0001681782
0.0001082862
6.4238865e-05
6.8234366e-05
5.0223011e-05
3.392026e-05
5.7881518e-05
9.2543769e-05
0.00011291497
0.00011059284
7.2489991e-05
5.8896458e-05
7.5053045e-05
5.1262553e-05
3.994112e-05
6.3175803e-05
8.322098e-05
9.0930833e-05
8.949626e-05
8.5229558e-05
8.013402e-05
7.5041374e-05
7.0290661e-05
6.5853965e-05
5.6617882e-05
3.5462097e-05
0.00022687657
0.00021526568
0.00019977585
0.00018424029
0.00014859277
7.3735378e-05
6.9975386e-05
8.4656025e-05
4.6969545e-05
3.3757306e-05
5.7626327e-05
9.2197665e-05
0.00011258418
0.00011032532
7.2625611e-05
5.8773187e-05
7.4610492e-05
5.1161028e-05
3.984479e-05
6.2989986e-05
8.2977635e-05
9.0705689e-05
8.9316253e-05
8.5060234e-05
7.9959198e-05
7.4867981e-05
7.0127477e-05
6.5695776e-05
5.6342843e-05
3.5085828e-05
0.00022495918
0.00021352195
0.00019816275
0.00018231711
0.0001150514
8.0036995e-05
0.00010189117
8.5186693e-05
4.6764014e-05
3.3566083e-05
5.7377182e-05
9.187058e-05
0.00011227833
0.00011007697
7.2639033e-05
5.8662462e-05
7.4306006e-05
5.1055473e-05
3.9749651e-05
6.282579e-05
8.2758028e-05
9.0494469e-05
8.914497e-05
8.4900097e-05
7.9793922e-05
7.4703267e-05
6.997328e-05
0.00022639275
0.00021478949
0.00019930928
0.000183288
0.00011341144
8.2352263e-05
0.0001046118
8.6364484e-05
4.7287224e-05
3.3382058e-05
5.7083172e-05
9.1533813e-05
0.0001119669
0.00010984603
7.2809619e-05
5.8548046e-05
7.3864116e-05
5.0952729e-05
3.9647093e-05
6.2636844e-05
8.2520546e-05
9.0274271e-05
8.8964224e-05
8.4732803e-05
7.9624648e-05
0.00022144848
0.0002104011
0.00019529499
0.00017585607
8.8182974e-05
7.7725159e-05
0.00011563966
8.6522671e-05
4.8167719e-05
3.3296427e-05
5.6860292e-05
9.1270912e-05
0.00011167882
0.0001096151
7.2893999e-05
5.8436816e-05
7.349589e-05
5.0848478e-05
3.9541662e-05
6.2439566e-05
8.2281299e-05
9.0057963e-05
8.8785111e-05
8.4565069e-05
0.00022603727
0.00021441513
0.0001989327
0.00018181695
0.00010157052
8.1662591e-05
0.00011166119
8.6884124e-05
4.8155882e-05
3.3243372e-05
5.6632356e-05
9.0996652e-05
0.00011138188
0.00010937564
7.3093022e-05
5.8319817e-05
7.3010678e-05
5.0748878e-05
3.9441939e-05
6.2236168e-05
8.202884e-05
8.9833508e-05
0.00022419528
0.00021278263
0.00019748977
0.00018107462
0.00010482718
8.1844918e-05
0.00010928038
8.6778424e-05
4.7988206e-05
3.3185354e-05
5.6425323e-05
9.0723921e-05
0.00011108144
0.00010912693
7.3181992e-05
5.8208748e-05
7.2631424e-05
5.0648078e-05
3.9350146e-05
6.2055227e-05
0.00022105871
0.00021000515
0.00019493005
0.0001777114
9.7852482e-05
8.0451033e-05
0.00011267586
8.6642676e-05
4.8193375e-05
3.3124248e-05
5.6214471e-05
9.0459827e-05
0.00011079206
0.00010888915
7.3388457e-05
5.8091545e-05
7.2142439e-05
5.0546774e-05
3.9256709e-05
6.1867531e-05
0.00021286603
0.00020266195
0.00018801657
0.00012925817
7.8593531e-05
0.00010411007
0.00011613374
8.5803567e-05
4.8516729e-05
3.3122241e-05
5.6060138e-05
9.0261127e-05
0.00011053561
0.00010866401
7.347292e-05
5.7980001e-05
7.1776873e-05
5.0439708e-05
3.9158078e-05
6.1690207e-05
0.00022124392
0.00021002418
0.00019471255
0.00013704022
8.0768375e-05
0.00010120421
0.00011514239
8.5069647e-05
4.8531224e-05
3.3169302e-05
5.5905418e-05
9.0072746e-05
0.00011028603
0.00010844498
7.3662299e-05
5.7860591e-05
0.00021994923
0.00020892966
0.00019382945
0.00014801364
7.8818289e-05
9.0428045e-05
0.00011488668
8.5013939e-05
4.8549649e-05
3.3084794e-05
5.5712384e-05
8.9830784e-05
0.00011001623
0.00010821323
7.3703553e-05
0.00020743525
0.00019243226
0.00014652933
7.7956687e-05
9.067803e-05
0.00011473423
8.5000348e-05
4.860442e-05
3.3019782e-05
5.5514717e-05
8.9578643e-05
0.00010973409
0.00019358045
0.00015062909
7.6811542e-05
8.5152759e-05
0.00011457044
8.5026582e-05
4.8654573e-05
3.2923551e-05
5.5316881e-05
8.9347154e-05
0.00019650315
0.00016741418
7.5006466e-05
5.8074276e-05
8.3200225e-05
4.7069705e-05
3.3164662e-05
0.0001517574
7.3393877e-05
4.4792464e-05
4.8621471e-05
3.2540809e-05
)
;

boundaryField
{
    Side
    {
        type            empty;
    }
    Inlet
    {
        type            zeroGradient;
    }
    Airfoil
    {
        type            zeroGradient;
    }
    Outlet
    {
        type            zeroGradient;
    }
    procBoundary21to13
    {
        type            processor;
        value           nonuniform List<scalar> 
38
(
2.6456923e-05
2.5651336e-05
2.5511304e-05
2.5511304e-05
2.4767808e-05
2.4634281e-05
2.4634281e-05
2.4076769e-05
2.3560497e-05
2.2957502e-05
2.2834399e-05
2.2834399e-05
2.2394894e-05
2.1869761e-05
2.1754435e-05
2.1640802e-05
2.1640802e-05
2.1267138e-05
2.091936e-05
2.0488471e-05
2.0383367e-05
2.0279778e-05
2.0279778e-05
1.9881175e-05
1.9782056e-05
1.9684357e-05
1.9588033e-05
1.9493058e-05
1.9399402e-05
1.9307003e-05
1.9215506e-05
1.9125262e-05
1.9036371e-05
1.8948802e-05
1.886252e-05
1.8777512e-05
1.8693736e-05
1.8611177e-05
)
;
    }
    procBoundary21to29
    {
        type            processor;
        value           nonuniform List<scalar> 
64
(
1.85298e-05
1.8449591e-05
1.8370518e-05
1.8563375e-05
1.8563375e-05
1.8485219e-05
1.840808e-05
1.8331382e-05
1.8255685e-05
1.818114e-05
1.8107721e-05
1.8035408e-05
1.8243694e-05
1.8243694e-05
1.8172215e-05
1.839943e-05
1.839943e-05
1.8647606e-05
1.8647606e-05
1.857647e-05
1.8846968e-05
1.8846968e-05
1.8776399e-05
1.8706843e-05
1.9000466e-05
1.9000466e-05
1.8929734e-05
1.8860067e-05
1.9177662e-05
1.9177662e-05
1.9108423e-05
1.9040257e-05
1.9384881e-05
1.9384881e-05
1.9317019e-05
1.9250196e-05
1.9184389e-05
1.9119578e-05
1.9055749e-05
1.8992883e-05
1.8930727e-05
1.8867731e-05
1.8805421e-05
1.9170768e-05
1.9170768e-05
1.9108736e-05
1.9108736e-05
1.8624862e-05
1.8566735e-05
1.850961e-05
1.8453469e-05
1.8398295e-05
1.8344074e-05
1.8290791e-05
1.8238432e-05
1.8186813e-05
1.8134093e-05
1.8081772e-05
1.8030431e-05
1.7980055e-05
1.7930622e-05
1.7882125e-05
1.7834543e-05
1.7787867e-05
)
;
    }
    procBoundary21to31
    {
        type            processor;
        value           nonuniform List<scalar> 
12
(
0.00021830995
0.00021830995
0.00020867944
0.00020867944
0.00021341575
0.00021341575
0.00019921772
0.00018157116
0.00018157116
0.00016282672
0.00012704839
5.8756918e-05
)
;
    }
    procBoundary21to37
    {
        type            processor;
        value           nonuniform List<scalar> 
54
(
2.6889007e-05
4.4111205e-05
2.7101917e-05
2.7101917e-05
7.7572915e-05
6.7644734e-05
6.7644734e-05
9.2236049e-05
8.6847304e-05
8.2018841e-05
8.2018841e-05
0.00010418246
9.7891085e-05
9.7891085e-05
0.00011325673
0.00010988836
0.00010988836
4.8530703e-05
7.9557837e-05
0.00010729394
0.00010729394
9.9638938e-05
6.223811e-05
6.223811e-05
7.7077329e-05
7.1877742e-05
7.1877742e-05
0.00013542254
0.00013498854
0.0001345546
4.0137641e-05
8.2328711e-05
0.00012293361
0.00014311106
0.00013413022
0.00013413022
9.0938732e-05
4.1789105e-05
4.1789105e-05
0.00013503748
0.00013473222
0.00015401849
0.00011511289
0.00016921336
0.00018485878
0.00016238584
0.00013443892
0.00013443892
0.00021664602
0.00021864096
0.00021864096
0.00021744295
0.00019695283
0.00019695283
)
;
    }
    procBoundary21to39
    {
        type            processor;
        value           nonuniform List<scalar> 
45
(
1.897647e-05
1.8515907e-05
1.774208e-05
1.809041e-05
2.0586084e-05
1.974443e-05
1.897647e-05
1.9424485e-05
2.0586084e-05
6.5545569e-05
5.6074768e-05
2.0418816e-05
3.4716137e-05
7.4536131e-05
6.5545569e-05
6.9818158e-05
7.4536131e-05
7.9456514e-05
8.8603183e-05
7.9456514e-05
8.4392718e-05
8.1795802e-05
8.8603183e-05
8.9621364e-05
8.1795802e-05
8.1554232e-05
7.1306285e-05
5.0331133e-05
3.9054663e-05
8.1326888e-05
6.1502033e-05
7.1306285e-05
5.7749207e-05
0.00010798007
5.7749207e-05
7.3875283e-05
0.00010798007
0.00010948027
5.5258817e-05
0.00010948027
8.9191379e-05
5.5258817e-05
3.0498536e-05
5.4881182e-05
3.7708524e-05
)
;
    }
    procBoundary21to53
    {
        type            processor;
        value           nonuniform List<scalar> 
79
(
0.00026870264
0.00015377779
0.00016055463
0.000330566
0.00032789442
0.00032641025
0.00032561882
0.0003249229
0.00033950115
0.00042201457
0.00040622258
0.00041617802
0.00041668703
0.00040030016
0.00040402252
0.00041415752
0.00041766466
0.00042060366
0.00041304745
0.00041789971
0.0004113834
0.00041491319
0.00041702994
0.00040967641
0.00040411826
0.00040767616
0.00040217492
0.00040847393
0.00036718927
0.00040871141
0.00041125371
0.00040292863
0.00038904031
0.00033020923
0.00033020923
0.00028836494
0.00028641203
0.00030231947
0.00030603302
0.0003176426
0.00030543376
0.00034173369
0.00034519427
0.0003395207
0.00034181303
0.00034377034
0.00034455447
0.00026119735
0.000274363
0.00033567202
0.00031713502
0.00027719225
0.0002644509
0.00026428244
0.00027268232
0.0003062436
0.00026028751
0.00029049659
0.00025948286
0.00026650933
0.00026650933
0.00023566771
0.00026843482
0.00027607613
0.00026065302
0.00026065302
0.00026111073
0.00023352498
0.00023332366
0.0002319564
0.00022985844
0.0002315279
0.00022588975
0.00023126005
0.0002292328
0.00022557831
0.00021619503
0.00022599077
0.00022455249
)
;
    }
}


// ************************************************************************* //
