/*--------------------------------*- C++ -*----------------------------------*\
| =========                 |                                                 |
| \\      /  F ield         | OpenFOAM: The Open Source CFD Toolbox           |
|  \\    /   O peration     | Version:  2506                                  |
|   \\  /    A nd           | Website:  www.openfoam.com                      |
|    \\/     M anipulation  |                                                 |
\*---------------------------------------------------------------------------*/
FoamFile
{
    version     2.0;
    format      ascii;
    arch        "LSB;label=32;scalar=64";
    class       surfaceScalarField;
    location    "2.8";
    object      phi;
}
// * * * * * * * * * * * * * * * * * * * * * * * * * * * * * * * * * * * * * //

dimensions      [1 0 -1 0 0 0 0];

oriented        oriented;

internalField   nonuniform List<scalar> 
2660
(
-0.19688166
2.5993141
-0.29426992
2.714198
-0.39090585
2.8355926
-0.48655733
2.9623527
-0.58108427
3.0954876
3.2366276
-0.098625826
2.5949533
-0.19703081
2.6976999
-0.29491017
2.8120538
-0.3919754
2.932631
-0.48801717
3.0583643
-0.58291171
3.1903483
-0.67657925
3.330257
-0.7689541
3.4797008
-0.85995442
3.6401307
-0.94947976
3.8128791
-1.0374141
3.9992189
-1.123634
4.2003794
-1.2079734
4.417638
-1.2903099
4.6523431
-1.3704864
4.9059618
-1.4482929
5.1799175
-1.5234981
5.475793
-1.5958758
5.7953006
6.1403395
-0.09811257
2.6942877
-0.19699438
2.7965692
-0.29529449
2.9103362
-0.39275624
3.030069
-0.48919792
3.1547759
-0.58450806
3.2856221
-0.6786074
3.4243134
-0.77142058
3.5724643
-0.86286961
3.7315238
-0.95285467
3.9028024
-1.0412372
4.0875319
-1.1278941
4.2869565
-1.2127207
4.502374
-1.2955541
4.7350767
-1.3761799
4.9864805
-1.454421
5.2580459
-1.5300932
5.5513487
-1.6029906
5.8680749
-1.6728412
6.2100568
-1.7393907
6.5793138
-1.802367
6.9781021
-1.8615092
7.4087825
-1.9165332
7.8739382
-1.9671608
8.3763151
-2.0130259
8.9188431
-2.0537172
9.5047581
10.137493
-0.099316097
2.7941282
-0.19867009
2.8959145
-0.29738602
3.0090392
-0.3952081
3.1278727
-0.49197751
3.2515203
-0.58760124
3.3812123
-0.68199805
3.5186676
-0.77510287
3.6655161
-0.86680273
3.82316
-0.95704113
3.9929694
-1.0457262
4.176141
-1.1327352
4.3738855
-1.2178866
4.5874384
-1.3010456
4.8181378
-1.3820345
5.0673597
-1.4606492
5.3365399
-1.536672
5.6272449
-1.6098662
5.9411425
-1.6800307
6.280092
-1.746976
6.6461188
-1.8104212
7.0413989
-1.8700508
7.4682641
-1.9255166
7.929255
-1.9765005
8.4271636
-2.0226954
8.9649112
-2.0636822
9.5456234
-2.0990228
10.172699
-2.1282627
10.849965
-2.1509714
11.58151
-2.1666084
12.371627
-2.1745605
13.224979
-2.1743055
14.146686
-2.1651241
15.142102
16.217192
-0.10112101
2.8944037
-0.2009402
2.9957175
-0.30011749
3.1081985
-0.39840754
3.2261432
-0.49565228
3.3487444
-0.59175364
3.4772914
-0.68663968
3.6135287
-0.78022503
3.7590714
-0.87240698
3.9153056
-0.96303892
4.0835574
-1.0520009
4.265052
-1.1391719
4.4610003
-1.2244668
4.6726673
-1.3077526
4.9013429
-1.3888725
5.1483815
-1.4676276
5.4152036
-1.5438439
5.7033586
-1.6173228
6.0144989
-1.6877894
6.3504347
-1.7549804
6.7131926
-1.8185869
7.1048791
-1.8783418
7.5278827
-1.9340213
7.9848063
-1.985283
8.4783096
-2.0317261
9.0112532
-2.073025
9.5868464
-2.1087739
10.208409
-2.138453
10.879605
-2.1614145
11.604433
-2.1771489
12.387331
-2.1852379
13.233066
-2.1851359
14.146598
-2.1762424
15.133198
-2.1576763
16.198624
-2.1285
17.349277
-2.0879001
18.592033
-2.0350867
19.934436
21.384634
-0.10314404
2.995235
-0.2035495
3.0961164
-0.30327523
3.2079234
-0.40205811
3.3249282
-0.49974422
3.4464306
-0.59623931
3.573785
-0.69146154
3.7087476
-0.78532624
3.8529254
-0.87782156
4.0077782
-0.96880255
4.1745158
-1.0581771
4.3544013
-1.1458325
4.5486188
-1.2315786
4.7583743
-1.315283
4.9849703
-1.396732
5.2297492
-1.4757547
5.4941625
-1.5521815
5.7797329
-1.6258152
6.0881044
-1.696497
6.4210572
-1.7639273
6.7805566
-1.8278685
7.1687614
-1.8879537
7.5879112
-1.9437732
8.0405885
-1.9949985
8.5294991
-2.0413994
9.0576236
-2.0826281
9.6280628
-2.1183085
10.244098
-2.1480443
10.909332
-2.1713326
11.627751
-2.1876532
12.403663
-2.1961571
13.241589
-2.196186
14.146682
-2.187253
15.124285
-2.1686338
16.180007
-2.1396159
17.320251
-2.099248
18.551637
-2.0463548
19.881493
-1.979874
21.31808
-1.8990299
22.869487
-1.8030804
24.545306
26.35481
-0.10429602
3.0966485
-0.20529206
3.1971178
-0.30565853
3.3082876
-0.405114
3.4243759
-0.50347047
3.544782
-0.60061597
3.6709307
-0.69647387
3.8046014
-0.79097341
3.9474127
-0.88398023
4.1007879
-0.97544974
4.2659829
-1.0652761
4.4441969
-1.153323
4.6366231
-1.239455
4.8444645
-1.3234809
5.06901
-1.4052368
5.3115527
-1.4845666
5.5735187
-1.5612052
5.856398
-1.6350021
6.1619001
-1.7057857
6.4918249
-1.7733532
6.8480864
-1.8374113
7.2327847
-1.8977291
7.6482154
-1.953982
8.0968426
-2.0056558
8.5811846
-2.0523325
9.1043481
-2.0936159
9.6693958
-2.1292267
10.279767
-2.1588205
10.938983
-2.1818715
11.650856
-2.1977452
12.419604
-2.206106
13.249982
-2.2062672
14.146902
-2.1976525
15.115723
-2.1793222
16.161697
-2.1503833
17.291282
-2.1098563
18.511036
-2.0569218
19.828469
-1.9904215
21.251478
-1.9095948
22.788513
-1.8133568
24.448901
-1.7003177
26.24167
-1.5687627
28.178583
-1.4178249
30.270066
32.529742
-0.10571588
3.1986429
-0.20731224
3.2987342
-0.30827143
3.4092673
-0.40828837
3.5244105
-0.50718929
3.6436926
-0.60487561
3.7686161
-0.70126313
3.9009881
-0.79628609
4.042449
-0.88985473
4.1943706
-0.98186264
4.3580144
-1.0721791
4.5345715
-1.1606848
4.7252114
-1.2472634
4.9311316
-1.331754
5.1535789
-1.4140094
5.3938617
-1.4938338
5.6533796
-1.571042
5.9336227
-1.6453457
6.2362222
-1.716454
6.5629743
-1.7841403
6.9158239
-1.8481524
7.2968705
-1.9083053
7.7084373
-1.9642678
8.152901
-2.0160453
8.6330956
-2.0631352
9.1515366
-2.1049989
9.7113698
-2.1410854
10.315972
-2.1709345
10.968964
-2.194022
11.674045
-2.2101522
12.435882
-2.2185347
13.258461
-2.2184074
14.146815
-2.2091815
15.106558
-2.1904088
16.142959
-2.1611402
17.262013
-2.1205811
18.470418
-2.0675988
19.77536
-2.0009853
21.184692
-1.9197348
22.70704
-1.8230694
24.351986
-1.7094902
26.12791
-1.5774941
28.04643
-1.4255172
30.118002
-1.2523285
32.356591
-1.0563566
34.772144
37.384598
-0.10617774
3.3012729
-0.20836696
3.4009739
-0.30993551
3.5108885
-0.41059199
3.6251239
-0.51014723
3.7433097
-0.6084823
3.8670173
-0.70550929
3.9980833
-0.8011147
4.1381233
-0.89524407
4.2885677
-0.98780182
4.4506434
-1.0786762
4.6255233
-1.1677369
4.8143596
-1.2548539
5.0183436
-1.3398659
5.2386923
-1.4225979
5.4766994
-1.5028576
5.7337491
-1.580459
6.0113392
-1.6551978
6.3110918
-1.7268282
6.6347563
-1.7951046
6.9842673
-1.8597459
7.3616783
-1.920378
7.7692519
-1.9766631
8.2093402
-2.028244
8.6847742
-2.0749047
9.19827
-2.1164366
9.7529721
-2.1524185
10.352041
-2.1824434
10.999085
-2.2059052
11.697633
-2.2219946
12.452064
-2.2302714
13.266869
-2.2303528
14.146948
-2.2211491
15.097361
-2.2019562
16.123808
-2.1722846
17.23233
-2.1314655
18.429494
-2.0783806
19.72208
-2.0117444
21.117813
-1.9302796
22.625326
-1.8327851
24.254236
-1.7184762
26.013251
-1.585861
27.913508
-1.4331523
29.965232
-1.2590192
32.182514
-1.0620629
34.575214
-0.8403523
37.162929
-0.59252068
39.951288
42.983182
-0.10635548
3.4046134
-0.20920463
3.5039171
-0.31143058
3.613209
-0.41273744
3.726525
-0.51293536
3.8436015
-0.61189876
3.9660747
-0.70953473
4.0958138
-0.80578126
4.2344652
-0.90052453
4.3834079
-0.99367184
4.5438902
-1.0851155
4.7170698
-1.1747289
4.9040813
-1.2623777
5.1061089
-1.3479152
5.3243564
-1.4311705
5.5600921
-1.511947
5.814674
-1.5900135
6.0895603
-1.665148
6.3863789
-1.7371629
6.7069212
-1.8058227
7.0530758
-1.8708968
7.4268925
-1.9321222
7.8306072
-1.9891858
8.2665261
-2.0415975
8.7373039
-2.0889457
9.2457529
-2.130749
9.7949081
-2.166682
10.388065
-2.1962331
11.028705
-2.2193177
11.720777
-2.2352885
12.468105
-2.2434935
13.275137
-2.243092
14.146599
-2.23347
15.087726
-2.2139634
16.104232
-2.1838188
17.202072
-2.1422597
18.387729
-2.0885236
19.668051
-2.0214017
21.050393
-1.939821
22.543471
-1.8421343
24.156264
-1.7273567
25.898141
-1.5940976
27.780035
-1.4406647
29.811762
-1.2659833
32.007813
-1.0681207
34.377368
-0.84507764
36.939972
-0.59507851
39.701174
-0.31725342
42.705273
45.923769
-0.10612446
3.5086069
-0.20953947
3.6074495
-0.31235606
3.7161448
-0.41430872
3.8285963
-0.51520249
3.9446112
-0.61490106
4.065885
-0.71329101
4.1943122
-0.81026572
4.3315478
-0.90573409
4.4789871
-0.99959595
4.6378687
-1.0917378
4.8093335
-1.1820472
4.9945136
-1.2703715
5.1945546
-1.3565379
5.4106428
-1.4403485
5.6440257
-1.5216012
5.8960572
-1.6001764
6.1682751
-1.6758258
6.4621679
-1.7482571
6.7794806
-1.8172424
7.1221701
-1.882534
7.4922694
-1.9438677
7.8919986
-2.0009761
8.3236852
-2.0535552
8.789966
-2.1011432
9.293454
-2.1433857
9.837274
-2.1798566
10.424661
-2.2100383
11.058993
-2.2333184
11.744141
-2.2491726
12.483974
-2.2569771
13.282925
-2.2561972
14.145794
-2.2462779
15.077711
-2.22646
16.08428
-2.1960375
17.171442
-2.1540491
18.345477
-2.099621
19.613344
-2.0319973
20.982492
-1.9499051
22.461088
-1.8518899
24.057952
-1.7365746
25.782633
-1.6025751
27.645839
-1.4484755
29.657486
-1.2732103
31.832453
-1.074309
34.178461
-0.84975812
36.715478
-0.59812314
39.449516
-0.31745282
42.424559
45.611723
-0.10620994
3.6131537
-0.2101815
3.7115218
-0.3135538
3.8196232
-0.41605367
3.9312085
-0.51749562
4.0461718
-0.61776153
4.166274
-0.71675054
4.2934258
-0.81436148
4.4292824
-0.9105046
4.575251
-1.0050684
4.7325491
-1.0979188
4.9022941
-1.1889295
5.0856237
-1.2779648
5.2836772
-1.3648582
5.4976159
-1.449418
5.7286662
-1.5314224
5.9781492
-1.6105606
6.2475082
-1.6867516
6.5384566
-1.759744
6.852563
-1.8292225
7.1917256
-1.8949544
7.5580602
-1.9567263
7.9538161
-2.0141202
8.3811617
-2.0668548
8.8427885
-2.1145458
9.3412208
-2.1568087
9.8796179
-2.1932273
10.461141
-2.2233272
11.089136
-2.2465297
11.767382
-2.2623287
12.499781
-2.2701607
13.290758
-2.2694234
14.145
-2.2594182
15.06759
-2.2394132
16.064091
-2.2086811
17.140454
-2.1663963
18.302881
-2.111589
19.558221
-2.0432969
20.913875
-1.9605972
22.378046
-1.8619131
23.958964
-1.7458511
25.666385
-1.6113856
27.511195
-1.4565143
29.502458
-1.2802062
31.656
-1.0802432
33.97848
-0.85432472
36.489526
-0.60152398
39.19662
-0.31852474
42.141787
45.298226
-0.10605106
3.7182201
-0.21048635
3.8160339
-0.31428038
3.9235005
-0.41719072
4.0342107
-0.51903676
4.1481191
-0.6197087
4.2670545
-0.71912604
4.3929559
-0.81719993
4.5274696
-0.91383415
4.6719962
-1.0089193
4.8277418
-1.1023328
4.995812
-1.1939063
5.177301
-1.2834695
5.3733444
-1.3708417
5.5850896
-1.4558556
5.8137738
-1.5383454
6.0607224
-1.6181369
6.3273753
-1.6948909
6.6152846
-1.7684403
6.9261866
-1.8385514
7.2619122
-1.9049507
7.624538
-1.9672477
8.0161949
-2.0252335
8.4391884
-2.0784972
8.8960907
-2.1266956
9.3894861
-2.1694063
9.9223889
-2.2061497
10.497934
-2.23644
11.119491
-2.2597806
11.790794
-2.2756853
12.515702
-2.2835612
13.298595
-2.2828012
14.144157
-2.2727487
15.057408
-2.2527102
16.043829
-2.2217703
17.109189
-2.1790707
18.259808
-2.1237304
19.502527
-2.0547867
20.844607
-1.9710347
22.293979
-1.8717019
23.859389
-1.755208
25.549671
-1.6201773
27.376
-1.4646976
29.346852
-1.2872214
31.478482
-1.0862641
33.777446
-0.85909337
36.26216
-0.60484791
38.942126
-0.32007729
41.857255
44.983086
-0.1075323
3.8238465
-0.21252194
3.9210735
-0.31681103
4.0278468
-0.42015481
4.1376221
-0.52238287
4.2504278
-0.62338249
4.3681485
-0.72309215
4.4927729
-0.82145809
4.6259529
-0.91839446
4.7690546
-1.0138049
4.9232721
-1.1075781
5.0896971
-1.1995788
5.2694028
-1.2896191
5.463479
-1.3774976
5.6730624
-1.4630022
5.8993717
-1.5459307
6.1437403
-1.6260986
6.4076251
-1.7033167
6.6925742
-1.7773826
7.0003216
-1.8480357
7.3326354
-1.9149069
7.6914818
-1.9776648
8.0790309
-2.0360481
8.497625
-2.0896961
8.9497607
-2.1382977
9.4381038
-2.1813787
9.9654932
-2.218478
10.535075
-2.249167
11.15023
-2.2728968
11.814537
-2.2891463
12.531935
-2.2972738
13.306683
-2.2966244
14.143434
-2.2865368
15.047147
-2.266245
16.023271
-2.2350426
17.0777
-2.1920341
18.216475
-2.1362262
19.446363
-2.0667528
20.774816
-1.982456
22.209442
-1.8823116
23.758967
-1.7647
25.43181
-1.6288647
27.239995
-1.472877
29.19079
-1.2942119
31.299796
-1.0919873
33.575007
-0.86375093
36.033682
-0.60816442
38.68628
-0.32163698
41.570781
44.666138
-0.10823375
3.9301644
-0.21390861
4.0267579
-0.31883867
4.1327968
-0.42280818
4.2416206
-0.5256618
4.3533203
-0.62729038
4.4698266
-0.72760011
4.5931428
-0.82651651
4.7249413
-0.92395488
4.8665788
-1.0198169
5.0192347
-1.1139979
5.1839871
-1.2063634
5.3618871
-1.2967578
5.5539958
-1.3850163
5.761434
-1.4709446
5.9854046
-1.5543297
6.2272169
-1.6349461
6.4883189
-1.7125761
6.7702695
-1.7869769
7.0747774
-1.8579215
7.4036309
-1.9251216
7.758733
-1.9882936
8.1422515
-2.0471044
8.5564754
-2.1011623
9.0038381
-2.1501418
9.4870771
-2.1936759
10.009018
-2.2312376
10.57263
-2.2622881
11.181268
-2.2863034
11.838529
-2.3027385
12.548352
-2.3110322
13.314945
-2.3105106
14.142844
-2.3005881
15.037125
-2.2803811
16.002899
-2.2489799
17.046043
-2.2055991
18.172768
-2.1494155
19.389871
-2.0793608
20.704525
-1.9943447
22.124183
-1.8933915
23.657755
-1.7751601
25.313376
-1.6381776
27.102811
-1.4811636
29.033662
-1.3014682
31.120032
-1.0979315
33.37125
-0.8684648
35.803928
-0.61160841
38.429173
-0.32347251
41.282664
44.347018
-0.10846861
4.0370245
-0.2147704
4.1330175
-0.32032065
4.2383171
-0.42490484
4.346185
-0.52837909
4.4567821
-0.63064282
4.5720863
-0.73159695
4.6941046
-0.83113259
4.8244988
-0.92914452
4.9646315
-1.0255251
5.1156735
-1.1201584
5.2786971
-1.2129273
5.4547477
-1.3036964
5.6448686
-1.3923043
5.8501565
-1.4785771
6.071795
-1.5623389
6.3110944
-1.6433822
6.5694697
-1.7214826
6.8484641
-1.7963652
7.1497449
-1.8677613
7.4751015
-1.9354091
7.8264423
-1.9989574
8.2058446
-2.0581177
8.6156544
-2.1125679
9.0582847
-2.1618636
9.5363516
-2.2056448
10.05277
-2.2435381
10.610484
-2.2749306
11.212619
-2.2992223
11.862801
-2.3158342
12.564969
-2.3242355
13.323341
-2.3238965
14.142473
-2.3139435
15.027122
-2.2937741
15.982626
-2.2624991
17.014605
-2.2190966
18.129188
-2.1626665
19.333237
-2.0921718
20.633825
-2.006731
22.03845
-1.9049323
23.555716
-1.7859938
25.194235
-1.6479679
26.96454
-1.4896692
28.875214
-1.3089334
30.939187
-1.1041671
33.166286
-0.87350831
35.573119
-0.61488479
38.17038
-0.32526518
40.993211
44.025804
-0.10924413
4.1445294
-0.21622727
4.239914
-0.32242395
4.3444323
-0.42762847
4.4513166
-0.53170097
4.5607913
-0.6345449
4.6748776
-0.73607389
4.7955961
-0.83619462
4.9245995
-0.93479917
5.0632314
-1.0317601
5.2126465
-1.1269446
5.3739111
-1.2202166
5.5480643
-1.3114303
5.7361432
-1.4004233
5.9392304
-1.4870276
6.1584979
-1.5710541
6.3952351
-1.6523082
6.6508435
-1.7305806
6.926855
-1.8056555
7.2249337
-1.8773367
7.5468833
-1.9453642
7.8945562
-2.0093846
8.2699323
-2.0689609
8.6752699
-2.1237164
9.1130504
-2.1732562
9.5858755
-2.2171999
10.096691
-2.2551365
10.648382
-2.2867545
11.244193
-2.3114672
11.887503
-2.328604
12.582133
-2.337519
13.332297
-2.3374425
14.142433
-2.327599
15.017318
-2.3073308
15.962357
-2.2759166
16.983146
-2.2324458
18.085653
-2.1758809
19.276562
-2.1050605
20.562878
-2.0191948
21.952449
-1.9167914
23.453149
-1.7970309
25.074245
-1.6579944
26.825304
-1.4984198
28.715511
-1.3165712
30.757201
-1.1105714
32.960198
-0.87864311
35.341171
-0.61835484
37.910054
-0.32713046
40.702254
43.702555
-0.10986299
4.2527746
-0.21766003
4.3476101
-0.32467817
4.4513446
-0.43066004
4.5571878
-0.5354597
4.6654782
-0.63897469
4.7782808
-0.74112439
4.8976413
-0.84181818
5.0252037
-0.94097284
5.1623139
-1.0384888
5.3101082
-1.1342446
5.4696322
-1.2280993
5.6419063
-1.3198891
5.8279463
-1.4094479
6.0288301
-1.4965916
6.2457094
-1.5811139
6.4798487
-1.6628024
6.7326436
-1.7414304
7.0056072
-1.8167421
7.300373
-1.8884618
7.6187226
-1.9564097
7.9626068
-2.0204514
8.3340629
-2.0802998
8.7351959
-2.1355006
9.1683038
-2.1855877
9.6359891
-2.2300695
10.141187
-2.268425
10.686737
-2.300151
11.275908
-2.3248247
11.912178
-2.3419518
12.599295
-2.3509117
13.341328
-2.3510076
14.142639
-2.3414305
15.007871
-2.3213188
15.942355
-2.2897586
16.951665
-2.2460708
18.042016
-2.1892225
19.219756
-2.1181625
20.491834
-2.0317097
21.865989
-1.9287877
23.350165
-1.8080829
24.953474
-1.6680799
26.685184
-1.5073782
28.554699
-1.324397
30.574064
-1.1170864
32.752896
-0.88377139
35.10789
-0.62182784
37.648272
-0.32870695
40.409521
43.377607
-0.11033684
4.3618287
-0.21898974
4.4561707
-0.32686697
4.559119
-0.43370752
4.6639159
-0.53935168
4.7710021
-0.64368936
4.8824925
-0.7466194
5.0004427
-0.8480491
5.1265087
-0.94787117
5.2620228
-1.0459811
5.4081204
-1.1422725
5.5658413
-1.2366264
5.7361944
-1.328909
5.9201829
-1.4189559
6.1188531
-1.5065889
6.3333417
-1.5916122
6.5648977
-1.673797
6.8148858
-1.7529115
7.0848074
-1.8287354
7.3763067
-1.9009701
7.6910891
-1.9692337
8.0310147
-2.0332298
8.3981899
-2.0927923
8.794861
-2.1477456
9.2233348
-2.1977181
9.6860138
-2.242158
10.185667
-2.2806235
10.72523
-2.3126101
11.30792
-2.3374731
11.937067
-2.3547266
12.616589
-2.3637263
13.350398
-2.3638104
14.142839
-2.3543165
14.998538
-2.3344377
15.922666
-2.3032736
16.920723
-2.2596527
17.99859
-2.2026705
19.162917
-2.1312354
20.420512
-2.0442247
21.779097
-1.9407155
23.246717
-1.8190944
24.831928
-1.678264
26.544338
-1.5165522
28.392907
-1.3324027
30.389777
-1.1238223
32.544424
-0.88902797
34.873273
-0.62555155
37.385031
-0.33052027
40.114822
43.050763
-0.11025371
4.471606
-0.21968549
4.5655279
-0.32835164
4.6677043
-0.43598863
4.7714646
-0.54244828
4.8773646
-0.6476218
4.9875593
-0.75140978
5.1041146
-0.85372558
5.2287014
-0.95446163
5.3626341
-1.0534815
5.5070204
-1.1506212
5.6628704
-1.2457184
5.8311914
-1.3386317
6.0130093
-1.4292271
6.2093782
-1.5173503
6.4214129
-1.6028333
6.6503496
-1.6854774
6.8975259
-1.765052
7.1644097
-1.8412682
7.4525823
-1.9138946
7.7638033
-1.9827204
8.0999493
-2.04739
8.4629928
-2.1074197
8.8550466
-2.1624424
9.2785
-2.2121934
9.735862
-2.2563724
10.229887
-2.2945932
10.763461
-2.3264615
11.339791
-2.3513954
11.961997
-2.3685689
12.633778
-2.3773431
13.359232
-2.3771969
14.142791
-2.3674024
14.988887
-2.3471535
15.902614
-2.3157781
16.889591
-2.2721839
17.955272
-2.2150929
19.106107
-2.1436921
20.349357
-2.0564876
21.692119
-1.9525813
23.142987
-1.8302925
24.709826
-1.6886706
26.402783
-1.525958
28.230227
-1.3406734
30.20449
-1.130792
32.334584
-0.89446224
34.637159
-0.62931818
37.120065
-0.33243614
39.818102
42.722001
-0.1112569
4.5820072
-0.2212407
4.675465
-0.33043973
4.7768532
-0.43860366
4.8795736
-0.54556811
4.9842673
-0.65125322
5.0931741
-0.75558022
5.2083601
-0.85847012
5.3314974
-0.95982404
5.463883
-1.0595452
5.6066303
-1.1575346
5.7607478
-1.2536234
5.9271705
-1.3475747
6.1068555
-1.439176
6.3008809
-1.5282404
6.5103863
-1.614555
6.736583
-1.6979254
6.9808303
-1.7781351
7.2445775
-1.8549478
7.5293862
-1.9280886
7.8369661
-1.9972724
8.1691814
-2.0621826
8.5279806
-2.1225854
8.9155598
-2.1781664
9.3342042
-2.2284661
9.7862721
-2.272947
10.274458
-2.3109934
10.801576
-2.3422083
11.371022
-2.36648
11.986221
-2.383505
12.650752
-2.3924623
13.368174
-2.3923258
14.142642
-2.3824949
14.979096
-2.3620398
15.882369
-2.3298698
16.857735
-2.2853616
17.911087
-2.2277599
19.048839
-2.1560153
20.277911
-2.0687389
21.605126
-1.9643952
23.038873
-1.841556
24.587239
-1.699188
26.26055
-1.5355416
28.066607
-1.3490157
30.017989
-1.1378094
32.123281
-0.90014572
34.399538
-0.63331632
36.853221
-0.33476562
39.51956
42.390977
-0.11253205
4.6933495
-0.22341174
4.7863228
-0.33350091
4.8869223
-0.44256403
4.9886185
-0.55044565
5.0921299
-0.65702351
5.1997287
-0.76221146
5.3135177
-0.86585475
5.4350996
-0.96783872
5.5658129
-1.0680085
5.7067326
-1.166239
5.8588998
-1.2624654
6.0233113
-1.3566687
6.2009686
-1.4486393
6.3927586
-1.5381657
6.5998197
-1.6250514
6.8233763
-1.7090549
7.0647435
-1.7899182
7.3253565
-1.8673652
7.6067549
-1.9411168
7.9106586
-2.0109247
8.2389664
-2.0764941
8.5935614
-2.137471
8.9765801
-2.1933966
9.39021
-2.2439638
9.8369335
-2.2888114
10.319391
-2.3275119
10.840349
-2.3594023
11.40297
-2.383813
12.010645
-2.4000283
12.666909
-2.4080021
13.376014
-2.4071174
14.141641
-2.396477
14.968483
-2.3753956
15.861491
-2.3434976
16.826105
-2.2994813
17.86734
-2.2416621
18.991304
-2.168896
20.205416
-2.0808983
21.51738
-1.9761606
22.93436
-1.8528899
24.464168
-1.7097137
26.117476
-1.5452502
27.902071
-1.3576751
29.830349
-1.1451265
31.910629
-0.90596986
34.160193
-0.63754969
36.584654
-0.33742588
39.219241
42.057519
-0.11168221
4.805021
-0.22281901
4.8974474
-0.33317616
4.9972688
-0.44253208
5.0979652
-0.55078006
5.2003694
-0.65782641
5.3067682
-0.76363046
5.419316
-0.86813229
5.539597
-0.9712263
5.6689016
-1.0727789
5.8082753
-1.1725496
5.9586514
-1.2702582
6.1209891
-1.3654922
6.2961588
-1.4582687
6.4854797
-1.5485224
6.6900073
-1.6360544
6.9108312
-1.7206796
7.1492775
-1.802234
7.40681
-1.880402
7.6848295
-1.9549334
7.9851013
-2.0254396
8.3093954
-2.0915279
8.6596145
-2.152812
9.0378634
-2.2090211
9.446441
-2.2598093
9.8877638
-2.3047721
10.364427
-2.3435551
10.87922
-2.375706
11.435162
-2.4006642
12.035611
-2.4177459
12.683998
-2.4260364
13.384282
-2.4250225
14.140547
-2.4140956
14.957582
-2.3923679
15.839871
-2.3589142
16.792715
-2.3132963
17.821897
-2.2550243
18.933255
-2.1822746
20.13285
-2.0935459
21.428844
-1.9880158
22.829052
-1.8641997
24.340484
-1.7203534
25.973638
-1.5550826
27.736639
-1.3664901
29.641594
-1.152645
31.696678
-0.91189193
33.919022
-0.64183046
36.314273
-0.34026423
38.917284
41.721636
-0.11355872
4.9171712
-0.22515007
5.0090203
-0.33594189
5.1080434
-0.44569178
5.207699
-0.55426813
5.3089333
-0.6616596
5.4141542
-0.76771521
5.5253745
-0.87241489
5.6443014
-0.97564846
5.7721404
-1.0773302
5.9099605
-1.1773568
6.0586787
-1.275654
6.2192939
-1.3720754
6.3925777
-1.4662498
6.5796409
-1.557597
6.781327
-1.6460731
6.9992695
-1.7315376
7.2346958
-1.8137517
7.4889673
-1.8924861
7.7634856
-1.9674954
8.0600271
-2.0384115
8.3802157
-2.1050705
8.7261708
-2.1670731
9.0998013
-2.2239969
9.5033555
-2.2753385
9.9391501
-2.3206521
10.409813
-2.3595771
10.918214
-2.3917007
11.467381
-2.4165164
12.060539
-2.4334694
12.701037
-2.4419888
13.392812
-2.4412057
14.139815
-2.4302068
14.946603
-2.4083519
15.817942
-2.3746244
16.758983
-2.3281254
17.775523
-2.2686705
18.873974
-2.1956159
20.060012
-2.1064308
21.339884
-2.0001426
22.722905
-1.875663
24.216013
-1.7311134
25.828995
-1.5649388
27.57026
-1.3753798
29.451759
-1.1603475
31.481346
-0.91792054
33.676129
-0.6462902
36.042236
-0.34306845
38.613751
41.383664
-0.11663577
-0.22875493
-0.34003637
-0.45032095
-0.55946136
5.4180661
-0.66732687
5.5220199
-0.77387301
5.6319177
-0.87892948
5.7493615
-0.98242014
5.8756267
-1.0842534
6.0117468
-1.1842877
6.1586725
-1.2823095
6.3172589
-1.3783082
6.4885288
-1.4721304
6.6734332
-1.5639317
6.8731037
-1.6531961
7.0885119
-1.7395272
7.3209921
-1.8227278
7.5721164
-1.9025075
7.8432147
-1.9785778
8.1360419
-2.0506681
8.452229
-2.1182311
8.7936323
-2.1809378
9.1624069
-2.2383998
9.5607577
-2.2903408
9.9910819
-2.3364533
10.455953
-2.3761162
10.957944
-2.408608
11.499988
-2.4334898
12.085581
-2.4502655
12.717986
-2.458252
13.400986
-2.4571937
14.138846
-2.4464323
14.935822
-2.4249023
15.796445
-2.391603
16.725762
-2.3454259
17.729432
-2.2850418
18.813703
-2.2101879
19.985316
-2.1202872
21.250097
-2.0131211
22.615839
-1.8874269
24.090331
-1.7418517
25.683264
-1.5747546
27.402968
-1.3842432
29.260958
-1.1680842
31.264858
-0.92412411
33.431888
-0.65083202
35.768585
-0.34590736
38.308671
41.04339
-0.56424341
-0.6727592
-0.7799462
-0.8856622
-0.98981047
-1.0922404
6.1141692
-1.1928573
6.2592662
-1.2914948
6.4158792
-1.3879899
6.5850198
-1.4820934
6.7675035
-1.5737018
6.9646819
-1.6627655
7.1775406
-1.7491521
7.4073447
-1.8324937
7.6554418
-1.9125764
7.9232548
-1.9890281
8.2124271
-2.061536
8.5246801
-2.1297499
8.8617696
-2.1933119
9.2258611
-2.2517397
9.6190731
-2.3044372
10.043696
-2.350957
10.502421
-2.3910201
10.99799
-2.4242463
11.533249
-2.4498093
12.111248
-2.4671985
12.735552
-2.4757498
13.409766
-2.4746902
14.137988
-2.4634122
14.924685
-2.441315
15.774384
-2.4077006
16.692155
-2.3615572
17.683328
-2.3014995
18.753787
-2.2259942
19.909932
-2.1347036
21.158914
-2.0264616
22.507742
-1.8999623
23.963895
-1.7532749
25.536475
-1.5848391
27.234418
-1.3929078
29.068839
-1.1755019
31.047219
-0.93034088
33.186521
-0.65535896
35.493321
-0.34899389
38.002189
40.700936
-1.1001018
-1.2014557
-1.3008119
-1.3980161
-1.4929081
-1.5851848
-1.6746357
7.2669623
-1.7611066
7.4937899
-1.8444467
7.7387193
-1.9244616
8.0031668
-2.000849
8.2887077
-2.0733581
8.5970871
-2.1418238
8.9301154
-2.2057548
9.2896428
-2.2646823
9.6778407
-2.3182077
10.097063
-2.3657989
10.549871
-2.406652
11.038732
-2.4401403
11.566665
-2.4659836
12.137086
-2.4836484
12.753297
-2.4925446
13.418824
-2.4919162
14.137586
-2.4809097
14.913942
-2.4587813
15.752452
-2.4247575
16.658217
-2.3780253
17.636651
-2.3176669
18.693456
-2.242291
19.834649
-2.1505696
21.067394
-2.0412921
22.398628
-1.9132965
23.836068
-1.7651705
25.388408
-1.5953296
27.064604
-1.4018525
28.875319
-1.1830159
30.828252
-0.93657265
32.939953
-0.66048729
35.217016
-0.35216318
37.693944
40.355979
-1.6859497
-1.7731338
-1.8570783
-1.9375501
-2.0143312
8.3654197
-2.0870805
8.6697309
-2.1555378
8.9984354
-2.2193995
9.3533634
-2.2783721
9.7366501
-2.3319521
10.150467
-2.3795444
10.597281
-2.4208679
11.079891
-2.4551951
11.600848
-2.4817104
12.163506
-2.4998155
12.771367
-2.508958
13.428018
-2.5084443
14.137254
-2.4975381
14.903305
-2.4755762
15.730786
-2.4416185
16.624518
-2.3946285
17.589812
-2.3336652
18.632518
-2.2578335
19.758831
-2.165476
20.975073
-2.0554468
22.288757
-1.9263998
23.70736
-1.7771408
25.239425
-1.6059526
26.893615
-1.41099
28.680448
-1.1905995
30.607826
-0.94260578
32.691905
-0.6642843
34.938523
-0.35415324
37.383816
40.009474
-2.0276673
-2.1009067
-2.169732
-2.2337643
-2.2925665
9.7953256
-2.3460008
10.203746
-2.3935783
10.644689
-2.4348159
11.120954
-2.4693867
11.635225
-2.4965152
12.190467
-2.5152875
12.790034
-2.5249469
13.437636
-2.5249128
14.137295
-2.5143119
14.892913
-2.4921896
15.708972
-2.4580249
16.590705
-2.4109057
17.543003
-2.3496554
18.571426
-2.2731636
19.682351
-2.1801903
20.882043
-2.0694514
22.17815
-1.9395828
23.577897
-1.7892114
25.08958
-1.6167382
26.721422
-1.4203443
28.484204
-1.1984469
30.386038
-0.94896108
32.442396
-0.66924944
34.658854
-0.35655491
37.071064
39.660635
-2.3078597
-2.3615608
-2.4091249
-2.4502797
-2.4846165
11.669386
-2.5116387
12.217312
-2.530563
12.808804
-2.5404763
13.447423
-2.5405294
14.137301
-2.5301839
14.882676
-2.5087693
15.687814
-2.4745512
16.556833
-2.4271095
17.495927
-2.3655581
18.510171
-2.2885995
19.605564
-2.1951563
20.788679
-2.0837493
22.066813
-1.9529861
23.447418
-1.801618
24.938628
-1.6280026
26.548122
-1.4301682
28.286649
-1.206554
30.162632
-0.95543382
32.191297
-0.67392556
34.377526
-0.35856761
36.755665
39.3095
-2.5006976
-2.5273092
-2.5461874
-2.5564249
13.457511
-2.5568792
14.137656
-2.5462948
14.872091
-2.5242902
15.665936
-2.4903542
16.523171
-2.4429676
17.448906
-2.3812562
18.448836
-2.3039933
19.528559
-2.2100752
20.694883
-2.0980569
21.954913
-1.966537
23.316064
-1.8141033
24.786392
-1.6392914
26.373605
-1.4402928
28.087947
-1.2151412
29.937741
-0.96219215
31.938474
-0.6781942
34.093637
-0.36067108
36.438242
38.955955
-2.5719674
-2.5723583
-2.5625797
-2.5405295
15.64393
-2.5062751
16.489066
-2.4588401
17.401713
-2.3969141
18.387245
-2.3195304
19.4515
-2.2252057
20.600811
-2.1125145
21.842349
-1.9802514
23.183865
-1.8268506
24.633183
-1.6508151
26.197747
-1.4504927
27.887815
-1.2239395
29.711417
-0.96908082
31.68383
-0.68275924
33.807535
-0.36309816
36.118614
38.600077
-2.5572322
-2.5225485
-2.4744983
17.353751
-2.4121247
18.325042
-2.3343165
19.373964
-2.2398709
20.506717
-2.1269864
21.729795
-1.9940868
23.051145
-1.8397323
24.478975
-1.6625587
26.020696
-1.4608279
27.686158
-1.2327983
29.483567
-0.97583794
31.427154
-0.68767017
33.519782
-0.36593418
35.796912
38.241858
-2.4915556
-2.4285797
-2.3499621
-2.2545078
20.411585
-2.1410528
21.616762
-2.0077402
22.91821
-1.8526753
24.324163
-1.6744182
25.842586
-1.4713822
27.483172
-1.2417343
29.254026
-0.9827877
31.168617
-0.69263249
33.230159
-0.36878794
35.473231
37.881171
-2.2702447
-2.1558458
-2.0214793
22.784293
-1.8655544
24.168643
-1.6862611
25.663584
-1.4818386
27.278859
-1.2504412
29.022737
-0.98969784
30.908169
-0.6974938
32.938372
-0.37153117
35.147829
37.518146
-2.0358924
-1.8788477
-1.6984439
25.483604
-1.4927229
27.073472
-1.2593643
28.789564
-0.99669989
30.645714
-0.70258945
32.644437
-0.37435876
34.820382
37.152627
-1.7105429
-1.5032014
26.866709
-1.268398
28.555125
-1.0037906
30.381338
-0.70775393
32.34845
-0.37732854
34.490606
36.784582
-1.5148384
-1.2777606
-1.0110317
30.11498
-0.71294935
32.050338
-0.38029399
34.158387
36.413991
-1.0188294
-0.71819464
31.749984
-0.38324401
33.82355
36.040629
-0.72389472
-0.38629396
33.486128
35.664189
-0.38964928
)
;

boundaryField
{
    Side
    {
        type            empty;
    }
    Inlet
    {
        type            calculated;
        value           nonuniform List<scalar> 
32
(
-0.006702481
-0.0052417062
-0.0044298198
-0.0043397725
-0.0041237861
-0.0039022875
-0.0038050823
-0.0037994392
-0.0038047094
-0.003781162
-0.0037900677
-0.0039075419
-0.004149171
-0.0045928576
-0.0051143805
-0.0055293356
-0.0061826304
-0.006805996
-0.0073584141
-0.0075614739
-0.0076538884
-0.0075823697
-0.0075227508
-0.0077060596
-0.0078896953
-0.0081134423
-0.0083337618
-0.0086068655
-0.0089397204
-0.0092915541
-0.0096738843
-0.01022222
)
;
    }
    Airfoil
    {
        type            calculated;
        value           nonuniform List<scalar> 0();
    }
    Outlet
    {
        type            calculated;
        value           nonuniform List<scalar> 0();
    }
    procBoundary4to3
    {
        type            processor;
        value           nonuniform List<scalar> 
57
(
-2.5015025
-2.6168342
-2.7389818
-2.8667247
-3.0009811
-3.1433425
-0.67438619
-3.387369
-3.5491788
-3.7234071
-3.911342
-4.1142191
-4.3333605
-4.5700744
-4.8258616
-5.1021946
-5.4006766
-5.7230152
-6.0710629
-1.6652443
-6.512907
-6.9152695
-7.3497848
-7.819057
-8.325834
-8.8731345
-9.4642351
-10.102577
-2.0888155
-10.820865
-11.558907
-12.356074
-13.217102
-14.147018
-15.151334
-16.23605
-2.146276
-17.378428
-18.632631
-19.987254
-21.450654
-1.9690744
-22.950406
-24.641318
-26.467107
-1.6908112
-28.310176
-30.421133
-32.701855
-1.2457558
-34.968155
-37.604934
-0.83612227
-40.199347
-43.258676
-0.31707641
-46.234413
)
;
    }
    procBoundary4to5
    {
        type            processor;
        value           nonuniform List<scalar> 
64
(
5.1211205
5.2193096
5.3179714
0.45439374
5.5278807
5.6304929
5.7390616
5.8550352
5.9797376
0.99687828
6.2173564
6.3605981
6.5152231
6.682199
6.8623709
7.0569352
1.5957405
7.3571075
7.580895
7.8225867
8.0835832
1.9503874
8.4426117
8.7428749
9.0671623
9.4172781
2.248468
9.8546026
10.257328
10.692118
11.161935
2.4666535
11.703325
12.243812
12.827512
2.562514
13.466878
14.137966
14.862278
2.5788222
15.622377
16.454444
2.5398183
17.305524
18.262149
19.29554
2.3664157
20.315652
21.502724
2.170936
22.649668
24.012043
1.8923391
25.302259
1.7236557
26.658551
28.318629
1.2876608
29.846688
1.0270156
31.447435
0.72976533
33.146504
35.28471
)
;
    }
    procBoundary4to11
    {
        type            processor;
        value           nonuniform List<scalar> 
26
(
-0.00016732255
-0.0012308033
-0.00053141646
0.00083102303
0.0023030915
0.002894233
0.0037407344
0.0035991106
0.0031075416
0.0022440684
0.0017579921
0.0010557645
0.0019474715
0.0019108673
0.0015535324
0.0016486592
0.0015199687
0.0012010132
0.00041030564
0.00081506333
0.0011683774
5.995631e-07
0.0013891956
0.0038322813
0.099048835
-2.496175
)
;
    }
    procBoundary4to12
    {
        type            processor;
        value           uniform 5.0299491;
    }
}


// ************************************************************************* //
