/*--------------------------------*- C++ -*----------------------------------*\
| =========                 |                                                 |
| \\      /  F ield         | OpenFOAM: The Open Source CFD Toolbox           |
|  \\    /   O peration     | Version:  2506                                  |
|   \\  /    A nd           | Website:  www.openfoam.com                      |
|    \\/     M anipulation  |                                                 |
\*---------------------------------------------------------------------------*/
FoamFile
{
    version     2.0;
    format      ascii;
    arch        "LSB;label=32;scalar=64";
    class       surfaceScalarField;
    location    "0.8";
    object      phi;
}
// * * * * * * * * * * * * * * * * * * * * * * * * * * * * * * * * * * * * * //

dimensions      [1 0 -1 0 0 0 0];

oriented        oriented;

internalField   nonuniform List<scalar> 
2661
(
-0.11211654
5.1375519
-0.0015509331
-0.2250417
5.2271002
-0.33712032
5.3247145
5.4223537
-0.11287392
5.2522173
-0.22656226
5.3409585
-0.33936821
5.4377059
-0.45111007
5.5342675
-0.56169907
5.6319713
-0.67106126
5.7332447
-0.7791444
5.840242
-0.88590305
5.9545656
-0.99123494
6.0774387
6.2098864
-0.11344332
5.3675911
-0.22808784
5.455499
-0.34175335
5.5513153
-0.45426904
5.6467582
-0.56557856
5.7432596
-0.67562601
5.8432433
-0.78434457
5.9488521
-0.89166133
6.0616948
-0.99750322
6.1829825
-1.1017673
6.3137135
-1.2042982
6.4547799
-1.3049431
6.6070487
-1.4035351
6.7714254
-1.4998765
6.9488917
7.1404949
-0.11347516
5.4835825
-0.22907519
5.5706674
-0.3437314
5.6655561
-0.4572251
5.759876
-0.56941539
5.8551199
-0.68026702
5.953801
-0.78972456
6.0580304
-0.89772007
6.169402
-1.0041831
6.2891128
-1.1090065
6.4181347
-1.2120616
6.5573452
-1.3131982
6.7075989
-1.4122522
6.8697829
-1.5090483
7.0448545
-1.6033719
7.2338772
-1.6949164
7.4379882
-1.7833098
7.6584214
-1.8681175
7.8965231
8.1537296
-0.11416483
5.6002265
-0.23060228
5.6865203
-0.34614135
5.780465
-0.46052236
5.873615
-0.57359939
5.9675794
-0.68526868
6.0649003
-0.79546576
6.1677054
-0.90413838
6.2775844
-1.0112233
6.3957118
-1.1166321
6.5230322
-1.2202459
6.6603907
-1.3219035
6.8086295
-1.4214435
6.9686244
-1.5187162
7.1413237
-1.6135377
7.3277549
-1.7056816
7.5290609
-1.7948082
7.7464418
-1.880539
7.9812353
-1.9624163
8.2348582
-2.0399684
8.508821
-2.1128389
8.8047869
-2.1807895
9.1244891
9.4697745
-0.11540342
5.7175968
-0.23257332
5.8031266
-0.34889548
5.896163
-0.46410336
5.9881413
-0.5780393
6.0807997
-0.69056752
6.1767077
-0.80159525
6.2780261
-0.91103254
6.3863336
-1.0188015
6.5027998
-1.1248283
6.6283595
-1.2290149
6.7638369
-1.331228
6.9100435
-1.4313107
7.0678325
-1.5290892
7.2381339
-1.6243871
7.4219621
-1.717012
7.6204502
-1.8067121
7.8347769
-1.8931604
8.0662538
-1.9759201
8.3162679
-2.0544996
8.5863411
-2.1283967
8.8780902
-2.1973116
9.1933076
-2.2610377
9.5337846
-2.3194262
9.9014983
-2.3722531
10.298541
-2.4192789
10.72727
11.190198
-0.11641829
5.8358159
-0.23452226
5.9207112
-0.35172988
6.0128326
-0.46778515
6.103608
-0.58256007
6.1949257
-0.69595673
6.2893967
-0.80787267
6.3891951
-0.91819604
6.4958914
-1.0268236
6.610644
-1.1336631
6.7343768
-1.2386137
6.8679011
-1.3415586
7.0120055
-1.4423588
7.1675261
-1.540842
7.3353774
-1.6368115
7.5165558
-1.7300396
7.7121698
-1.8202863
7.9233904
-1.9072713
8.1515182
-1.9906347
8.3979314
-2.0699379
8.664157
-2.144634
8.9517188
-2.2142323
9.2623764
-2.2784518
9.5979972
-2.3371593
9.960562
-2.3902777
10.352133
-2.4375122
10.774919
-2.4784712
11.231356
-2.5127072
11.724182
-2.539597
12.256408
12.831142
-0.11701835
5.9549113
-0.23607246
6.0392102
-0.35425433
6.1304513
-0.47128533
6.2200618
-0.58699682
6.3100366
-0.70129664
6.4030631
-0.81410043
6.5013174
-0.925307
6.6063678
-1.0348101
6.7193639
-1.1425087
6.8412203
-1.2483003
6.9727362
-1.3520727
7.1146848
-1.4536884
7.2678875
-1.5529826
7.4332472
-1.649769
7.6117582
-1.7438009
7.8044995
-1.834792
8.0126224
-1.9224195
8.2373941
-2.0063406
8.4801778
-2.0861429
8.7424692
-2.1614012
9.0258528
-2.23165
9.332012
-2.2964789
9.6627481
-2.3555434
10.019989
-2.4086104
10.405873
-2.4555096
10.822685
-2.4960729
11.272845
-2.5299952
11.758857
-2.5567555
12.283662
-2.5755167
12.850302
-2.5848901
13.462103
-2.5839663
14.123247
14.837821
-0.11749651
6.075031
-0.23761704
6.1587539
-0.35691379
6.249113
-0.47505317
6.3375331
-0.59186251
6.4261589
-0.7072225
6.5177226
-0.8210281
6.6144077
-0.93318719
6.7177882
-1.0435945
6.8290002
-1.1521433
6.9489428
-1.2587265
7.0784112
-1.3632283
7.2181796
-1.4655175
7.3690547
-1.5654422
7.531914
-1.662816
7.707741
-1.7574056
7.8975961
-1.84894
8.1026271
-1.9371144
8.3240786
-2.0216064
8.563289
-2.1020311
8.8216823
-2.1779395
9.1008242
-2.2488471
9.4024049
-2.3143052
9.7282394
-2.3739762
10.080275
-2.4275498
10.460544
-2.4746555
10.871219
-2.5148762
11.314698
-2.5479565
11.793597
-2.5735502
12.310769
-2.5914421
12.869463
-2.6008493
13.472719
-2.6003427
14.124182
-2.5885967
14.827899
-2.5649955
15.588347
16.409942
-0.11805068
6.1961217
-0.23908968
6.2792299
-0.35938843
6.3687053
-0.47863342
6.4559581
-0.59662138
6.5432507
-0.71319258
6.633359
-0.82819616
6.7284845
-0.94148955
6.8301972
-1.0529337
6.9396233
-1.1623949
7.0576551
-1.2697563
7.1850814
-1.3749051
7.3226655
-1.4777269
7.4712054
-1.5781
7.6315761
-1.6758853
7.8047294
-1.7708983
7.991704
-1.8628615
8.1936019
-1.9514638
8.4116686
-2.0363594
8.6472309
-2.1171855
8.9017152
-2.1935453
9.1766686
-2.2649827
9.4737521
-2.3309892
9.7947175
-2.3911258
10.141451
-2.4451472
10.516011
-2.4927795
10.920564
-2.5335982
11.35742
-2.5670524
11.829099
-2.5926874
12.338414
-2.6100352
12.888558
-2.6186349
13.482758
-2.6176614
14.124476
-2.6061313
14.817709
-2.5825842
15.566504
-2.5462907
16.375518
-2.4964872
17.249177
-2.4323094
18.192674
19.211365
-0.11881379
6.318217
-0.24085973
6.4007384
-0.36215995
6.4892822
-0.48242554
6.5753348
-0.60146711
6.6612829
-0.719122
6.7499406
-0.83524256
6.8435306
-0.94964692
6.9436064
-1.0621586
7.0512831
-1.1726047
7.1674377
-1.2808175
7.2928449
-1.3866693
7.4282559
-1.4900471
7.5744609
-1.5908611
7.7323262
-1.6890039
7.9027938
-1.7843203
8.0868629
-1.8766169
8.2856482
-1.9656296
8.5003516
-2.0509965
8.7322571
-2.1322826
8.9827728
-2.2090271
9.2534102
-2.2807991
9.5458265
-2.3471987
9.8617951
-2.4078201
10.203156
-2.4623056
10.571897
-2.5103712
10.970157
-2.5516707
11.40024
-2.585668
11.864625
-2.6117464
12.366011
-2.6291272
12.907389
-2.6375402
13.492294
-2.6363736
14.123967
-2.6244963
14.806377
-2.600502
15.543259
-2.5634065
16.339477
-2.5130621
17.199798
-2.4483239
18.128401
-2.3679905
19.131203
-2.2703666
20.213856
21.383029
-0.12033119
6.4411176
-0.243153
6.5230269
-0.3652068
6.6106792
-0.48625986
6.6956067
-0.60612689
6.780266
-0.72463903
6.8675081
-0.84164557
6.9595805
-0.95697108
7.0580361
-1.0704045
7.1639797
-1.1817383
7.2782732
-1.2907917
7.401674
-1.3973919
7.5349178
-1.5014171
7.6787915
-1.6027735
7.8341473
-1.7013941
8.0019254
-1.7971266
8.1830777
-1.8898074
8.3787064
-1.9791845
8.5899871
-2.0649467
8.8181939
-2.1467284
9.0646899
-2.2240916
9.3309626
-2.2965593
9.6186123
-2.3636586
9.929378
-2.4249238
10.265133
-2.4800098
10.627874
-2.5286452
11.019654
-2.5705073
11.442737
-2.6050403
11.899598
-2.6314922
12.392952
-2.6491388
12.925767
-2.6574229
13.501275
-2.655896
14.122871
-2.6436825
14.794265
-2.6200619
15.519607
-2.5829878
16.302659
-2.5317224
17.149117
-2.4660952
18.063276
-2.3847863
19.050241
-2.2862711
20.115784
-2.1690817
21.26638
-2.0325687
22.508781
23.849927
-0.12275101
6.5649877
-0.2465192
6.646288
-0.3694042
6.7330373
-0.49114053
6.8168039
-0.61160472
6.9001873
-0.73068385
6.9860521
-0.8482517
7.0766423
-0.96418671
7.1735016
-1.0783069
7.277717
-1.1903885
7.3901318
-1.3002197
7.5114973
-1.4075914
7.642541
-1.5123241
7.7840454
-1.6142773
7.9368646
-1.7132957
8.1018873
-1.8093538
8.2801184
-1.9023584
8.4725845
-1.9921198
8.6804159
-2.0783711
8.9048527
-2.1608006
9.1472516
-2.2389852
9.4090476
-2.3124158
9.6918364
-2.3805375
9.9973337
-2.4427845
10.327343
-2.498751
10.683882
-2.5482182
11.069045
-2.5908028
11.485015
-2.6259982
11.934342
-2.6530043
12.419646
-2.6708806
12.943753
-2.6789995
13.509837
-2.6769605
14.121233
-2.6640496
14.781422
-2.6396627
15.494941
-2.6026648
16.2656
-2.5510738
17.097931
-2.4842958
17.997081
-2.4018284
18.968295
-2.3024366
20.016796
-2.1844497
21.148849
-2.0465618
22.371541
-1.888109
23.691963
25.116718
-0.12484635
6.6898392
-0.24944749
6.7704869
-0.37309742
6.8563518
-0.49555697
6.9390062
-0.61667411
7.0211308
-0.73633677
7.1056203
-0.85444438
7.1947275
-0.97090838
7.2899926
-1.0856189
7.392476
-1.1983952
7.5029994
-1.309009
7.6223034
-1.4172341
7.7511201
-1.5228336
7.8902171
-1.6256123
8.0404373
-1.7254068
8.2026443
-1.8221002
8.3778278
-1.9156512
8.5670097
-2.0059919
8.7713133
-2.0929091
8.9919092
-2.176123
9.230114
-2.2552183
9.4873266
-2.3295947
9.7651267
-2.3986269
10.065263
-2.4617544
10.389596
-2.5184506
10.740042
-2.5683487
11.118718
-2.6111853
11.527807
-2.646544
11.969668
-2.6738826
12.446851
-2.6924829
12.962184
-2.7013365
13.518726
-2.6994466
14.119775
-2.6862705
14.76867
-2.6611207
15.469794
-2.6228389
16.227136
-2.5702613
17.045546
-2.5024683
17.929963
-2.4189452
18.885239
-2.3188485
19.916763
-2.2000257
21.030431
-2.0606341
22.233219
-1.900404
23.532968
-1.7175424
24.933968
-1.5113794
26.450412
28.083154
-0.12656449
6.8158914
-0.2521638
6.8959103
-0.37672574
6.980847
-0.49997936
7.0623026
-0.62180062
7.1431155
-0.74209919
7.2261998
-0.86079499
7.313801
-0.97781299
7.4074513
-1.0930736
7.5081892
-1.2064459
7.6168181
-1.3177555
7.7340474
-1.4268016
7.8606016
-1.5333517
7.997237
-1.6371289
8.144757
-1.7379336
8.3040644
-1.835596
8.4761042
-1.9300148
8.6619031
-2.0210841
8.8625435
-2.1086744
9.0792214
-2.1925477
9.313249
-2.2723157
9.5660139
-2.3474779
9.8390531
-2.4173197
10.134056
-2.4811153
10.452829
-2.5382743
10.797281
-2.5883702
11.169409
-2.6312857
11.571408
-2.6669148
12.005582
-2.6948144
12.474354
-2.7139923
12.980529
-2.7231754
13.52727
-2.7212674
14.11791
-2.707902
14.755655
-2.6821807
15.444334
-2.643496
16.18853
-2.5902977
16.992641
-2.5215637
17.861771
-2.436685
18.800681
-2.3351961
19.815183
-2.2152601
20.910763
-2.0747757
22.094293
-1.9131263
23.373481
-1.7292935
24.751109
-1.5220868
26.241596
-1.2879613
27.846682
29.595004
-0.12755617
6.9429821
-0.25382685
7.0222873
-0.3791634
7.1063803
-0.50328629
7.186717
-0.62599535
7.2662359
-0.74716296
7.3478931
-0.8666884
7.4339511
-0.98447591
7.5259376
-1.1004436
7.6248707
-1.2144999
7.7315476
-1.3265361
7.8466625
-1.4364014
7.9709124
-1.5438953
8.1050465
-1.6487782
8.2498456
-1.750794
8.4062101
-1.8496876
8.5750729
-1.9452546
8.7574726
-2.0373055
8.9544882
-2.12565
9.1673175
-2.2100236
9.3972013
-2.2901055
9.6455462
-2.3654343
9.9138166
-2.4354332
10.203631
-2.4994814
10.51678
-2.5570532
10.855153
-2.60777
11.220697
-2.6513678
11.615474
-2.6875911
12.041759
-2.7160328
12.502128
-2.7358745
12.999278
-2.7457906
13.536138
-2.7441013
14.115789
-2.7304847
14.742282
-2.7044787
15.41903
-2.6650856
16.149927
-2.6114344
16.939612
-2.5422012
17.793071
-2.4564153
18.715285
-2.3535935
19.712168
-2.2324555
20.789582
-2.0901821
21.95341
-1.9264205
23.212296
-1.7405696
24.56724
-1.5313703
26.032008
-1.2954802
27.60795
-1.0280353
29.32524
-0.72703717
31.171975
33.206121
-0.12812669
7.0712193
-0.2553321
7.1498249
-0.38158374
7.2330299
-0.5065676
7.3121633
-0.63013973
7.3903578
-0.75218924
7.4705748
-0.87262298
7.5550891
-0.99133752
7.6454002
-1.1082288
7.7425082
-1.2231872
7.8472005
-1.3361089
7.9601702
-1.4468869
8.0821055
-1.5553592
8.2137171
-1.6612951
8.3557894
-1.7644135
8.5092204
-1.8644167
8.674941
-1.960982
8.8539841
-2.0538262
9.0474022
-2.1426998
9.2563575
-2.2273559
9.482093
-2.3075255
9.7259436
-2.3829333
9.9893925
-2.4532178
10.273976
-2.5178123
10.581391
-2.5760646
10.91346
-2.6274184
11.272219
-2.6715635
11.659827
-2.7081912
12.078467
-2.7369196
12.530504
-2.7570768
13.018516
-2.7676074
13.54548
-2.7672319
14.114647
-2.7542636
14.729523
-2.7283517
15.393944
-2.6891394
16.111439
-2.6355135
16.886406
-2.5655817
17.723705
-2.4785237
18.628819
-2.3739372
19.607887
-2.2512481
20.666751
-2.1077513
21.810216
-1.9420266
23.048773
-1.7543458
24.382382
-1.5423779
25.821737
-1.3038773
27.368677
-1.0352256
29.052753
-0.73337331
30.866554
-0.38953404
32.865357
35.019313
-0.12799897
7.200394
-0.25605968
7.2782898
-0.38326007
7.3606842
-0.50929673
7.4386974
-0.63396864
7.5155703
-0.75713985
7.5943287
-0.87869285
7.6772726
-0.99851403
7.7658899
-1.1164893
7.8611683
-1.232504
7.9638783
-1.3464546
8.0746996
-1.4582277
8.1943129
-1.5676645
8.3234177
-1.6745613
8.4627937
-1.7786308
8.6132996
-1.8795448
8.7758579
-1.9769398
8.9514798
-2.070459
9.1412341
-2.1598464
9.3462837
-2.244899
9.5678145
-2.3254213
9.8071227
-2.4011697
10.065616
-2.4718046
10.344829
-2.5368932
10.646472
-2.5958404
10.972315
-2.6479291
11.324308
-2.6924831
11.704561
-2.7291534
12.115315
-2.7578322
12.55902
-2.7780742
13.038041
-2.7889028
13.555141
-2.7888685
14.113539
-2.7763846
14.716702
-2.7505088
15.368519
-2.7108742
16.072492
-2.6569743
16.833112
-2.5871982
17.654771
-2.4998471
18.542598
-2.3941199
19.503079
-2.2701799
20.542601
-2.1258477
21.665767
-1.9584524
22.882433
-1.767885
24.194383
-1.5533399
25.609937
-1.312529
27.129641
-1.0398428
28.779516
-0.7373446
30.558878
-0.39718599
32.522587
34.633709
-0.12741886
7.3303545
-0.25643587
7.4076308
-0.38457934
7.4891846
-0.51154408
7.5660554
-0.63718828
7.6416397
-0.76139572
7.7189982
-0.88403362
7.8004173
-1.0049667
7.8873831
-1.1240576
7.9808667
-1.2411762
8.0816259
-1.3562071
8.1903329
-1.4690081
8.3076485
-1.5794206
8.4342688
-1.6872651
8.5709645
-1.7922636
8.7185505
-1.894111
8.8779553
-1.9924557
9.0501583
-2.0869467
9.2362048
-2.1772382
9.437222
-2.2630888
9.65444
-2.34429
9.8891109
-2.420619
10.142608
-2.491785
10.416423
-2.5573142
10.712184
-2.6166287
11.031686
-2.669123
11.376888
-2.7141999
11.749842
-2.7512855
12.152635
-2.7798535
12.587622
-2.7996287
13.057421
-2.8101188
13.564766
-2.8102685
14.112592
-2.7982627
14.704145
-2.7726879
15.343058
-2.7331636
16.033425
-2.6786218
16.779259
-2.608142
17.585131
-2.5202068
18.455906
-2.4134414
19.3977
-2.2882194
20.418128
-2.1435388
21.520788
-1.9757577
22.714579
-1.7830141
24.003131
-1.5652372
25.394634
-1.3212104
26.888714
-1.0460932
28.507317
-0.7409479
30.251313
-0.40189772
32.178171
34.242965
-0.12722013
7.460956
-0.2570159
7.5376123
-0.38602437
7.6183933
-0.51392148
7.6941882
-0.64052042
7.7685135
-0.76568327
7.8444867
-0.88928944
7.9244064
-1.0112092
8.0097543
-1.1312957
8.1014786
-1.2494033
8.2003194
-1.3653961
8.3069436
-1.479146
8.4220128
-1.5904761
8.5461865
-1.6991868
8.680222
-1.8050528
8.824928
-1.9077848
8.9811922
-2.007056
9.1499693
-2.102535
9.332299
-2.1938545
9.5292613
-2.2806855
9.742064
-2.3627714
9.9719967
-2.4398423
10.220398
-2.5116178
10.48876
-2.5776907
10.778635
-2.6375253
11.091751
-2.690445
11.429975
-2.7358466
11.795449
-2.7732801
12.190359
-2.8022666
12.616893
-2.8223016
13.077471
-2.8327472
13.574664
-2.8325776
14.111414
-2.8207518
14.691316
-2.7957352
15.317724
-2.7564622
15.994457
-2.702472
16.725691
-2.6326289
17.51582
-2.5448748
18.369479
-2.4374062
19.29205
-2.3095813
20.291405
-2.1619879
21.373348
-1.9920815
22.545027
-1.7980882
23.809913
-1.5781371
25.176254
-1.3314394
26.644608
-1.0541958
28.234305
-0.74343014
29.942856
-0.40014903
31.830893
33.84821
-0.12769644
7.5923323
-0.25840483
7.6683895
-0.38829752
7.7483383
-0.5170537
7.8230099
-0.64453428
7.8960878
-0.77060839
7.9707027
-0.8951525
8.0491513
-1.0180368
8.1329051
-1.139107
8.2229038
-1.2581976
8.3198604
-1.3751565
8.424417
-1.4898359
8.5372573
-1.6020486
8.659011
-1.7115717
8.7903836
-1.81821
8.9322228
-1.9217011
9.0853574
-2.0217496
9.2507239
-2.1180401
9.4293355
-2.210269
9.6222791
-2.2980678
9.8306884
-2.3811206
10.055873
-2.4591027
10.299138
-2.5316316
10.561926
-2.5983277
10.84583
-2.6587991
11.152602
-2.7124499
11.483951
-2.7584666
11.841836
-2.7961901
12.228544
-2.8251558
12.646355
-2.8449238
13.097546
-2.8551508
13.584759
-2.8550575
14.110753
-2.8430371
14.678568
-2.8180054
15.29206
-2.7788162
15.955117
-2.7242964
16.671552
-2.6536645
17.445775
-2.5656307
18.282446
-2.458596
19.186548
-2.3304969
20.165171
-2.1808997
21.22546
-2.0089972
22.373966
-1.8130623
23.614469
-1.5911424
24.955149
-1.3409945
26.396102
-1.0613939
27.957526
-0.74768012
29.633455
-0.39964316
31.483196
33.455371
-0.12785254
7.7245662
-0.25939513
7.799978
-0.3901807
7.87907
-0.51987616
7.9525978
-0.64828285
8.0243738
-0.77527143
8.0975821
-0.90072509
8.1745314
-1.0245197
8.2566757
-1.1465165
8.3449515
-1.2665557
8.4400465
-1.3844616
8.5425719
-1.5000499
8.6531929
-1.6131725
8.772569
-1.7235969
8.9013279
-1.8311137
9.0403364
-1.9354533
9.1903724
-2.0363596
9.3523748
-2.1335353
9.5273053
-2.226684
9.7162482
-2.3154712
9.9203078
-2.3995109
10.140731
-2.4784458
10.378841
-2.5519
10.636062
-2.6193955
10.913894
-2.6803695
11.214051
-2.7344435
11.538456
-2.7810712
11.888911
-2.8194467
12.267435
-2.8489038
12.676382
-2.8688749
13.118042
-2.8787422
13.594922
-2.8780457
14.109912
-2.865997
14.666106
-2.840832
15.266708
-2.8012938
15.915719
-2.7467253
16.617149
-2.6759723
17.3752
-2.5874981
18.194278
-2.479762
19.079955
-2.3513505
20.038983
-2.2009038
21.077315
-2.0267244
22.201665
-1.8278695
23.416899
-1.6028589
24.730225
-1.3499988
26.143909
-1.0666819
27.676315
-0.75008893
29.320794
-0.39799514
31.13396
33.064087
-0.1281939
7.8577443
-0.26074124
7.9325466
-0.39246995
8.0106815
-0.52307073
8.0829714
-0.65240609
8.1533851
-0.78033295
8.2251237
-0.9067213
8.3005106
-1.0314238
8.3809961
-1.1543033
8.4675004
-1.2752062
8.5606979
-1.3939667
8.6611847
-1.5103822
8.7695741
-1.6242909
8.8865668
-1.7355211
9.0127796
-1.8438227
9.1489839
-1.9489699
9.2959856
-2.0506936
9.4546742
-2.1487128
9.6259865
-2.2427011
9.8109542
-2.3323407
10.010693
-2.4172763
10.226415
-2.4970964
10.45939
-2.5714007
10.711054
-2.639791
10.982913
-2.7017235
11.276544
-2.756498
11.593741
-2.8035693
11.936481
-2.8424517
12.306853
-2.8723744
12.706926
-2.8926802
13.13906
-2.9028292
13.605747
-2.9019973
14.109532
-2.8892718
14.653529
-2.8637123
15.241223
-2.8240549
15.876348
-2.769191
16.56267
-2.6982075
17.304427
-2.6098257
18.106116
-2.5019393
18.972614
-2.372259
19.910844
-2.2205473
20.928075
-2.0445521
22.028713
-1.8433949
23.218348
-1.6160377
24.504171
-1.3610692
25.889079
-1.0768835
27.393118
-0.75842868
29.004913
-0.40112439
30.780369
32.669932
-0.12902769
7.9917183
-0.26245415
8.0659001
-0.3951319
8.1431301
-0.5267269
8.2141802
-0.65704604
8.2831844
-0.78593713
8.3533943
-0.91326513
8.4271601
-1.0388951
8.505919
-1.1626723
8.5905783
-1.2844344
8.6818047
-1.4040155
8.7801875
-1.5212297
8.8863175
-1.6358701
9.0008645
-1.7478217
9.124521
-1.856843
9.257928
-1.9627236
9.4019339
-2.0652098
9.5573698
-2.1640455
9.7251657
-2.2589361
9.9063041
-2.3495284
10.101829
-2.4354464
10.312932
-2.5162724
10.540844
-2.5915144
10.786936
-2.6606437
11.052691
-2.7232324
11.339781
-2.7788329
11.649985
-2.8267329
11.985023
-2.86624
12.347026
-2.8966902
12.738112
-2.9173378
13.160556
-2.9274655
13.616832
-2.9265472
14.109531
-2.9137243
14.641435
-2.8877925
15.215938
-2.8472564
15.836643
-2.7915281
16.507963
-2.7198638
17.233612
-2.6312073
18.017702
-2.5235598
18.864956
-2.3940898
19.781995
-2.2416994
20.77747
-2.0640954
21.854417
-1.8602537
23.018695
-1.6300835
24.276913
-1.3717644
25.631502
-1.084915
27.106189
-0.76607045
28.686601
-0.40717728
30.424278
32.272041
-0.13018767
8.1265836
-0.26468758
8.2001748
-0.39837155
8.2764412
-0.53096113
8.3462321
-0.66229447
8.4138321
-0.79222338
8.4825176
-0.92060454
8.5546475
-1.0472783
8.6316507
-1.1720766
8.7144265
-1.2948164
8.8036266
-1.4153242
8.8998346
-1.5334324
9.0036379
-1.6489212
9.1156568
-1.7616227
9.2366185
-1.8713527
9.3671628
-1.9778784
9.5080931
-2.0809678
9.6602321
-2.1803587
9.8244891
-2.2757522
10.001798
-2.3668653
10.193204
-2.4533577
10.39983
-2.5348718
10.622877
-2.6109954
10.863661
-2.6812032
11.123586
-2.7447796
11.404127
-2.801067
11.707122
-2.8496442
12.034503
-2.8898373
12.388175
-2.9209251
12.770213
-2.9422288
13.18295
-2.9528763
13.62866
-2.9521944
14.110082
-2.9392742
14.629737
-2.9131877
15.19114
-2.8725863
15.797626
-2.8157226
16.452932
-2.7424205
17.161746
-2.6526346
17.928395
-2.5443684
18.756614
-2.4143158
19.652203
-2.2607819
20.624747
-2.0831902
21.67849
-1.877881
22.817169
-1.6440368
24.0483
-1.3810086
25.371808
-1.0870745
26.813043
-0.76433296
28.362359
-0.40675047
30.066654
31.873714
-0.13134862
8.2623658
-0.26690687
8.3353168
-0.40163825
8.4106262
-0.53524612
8.4791465
-0.66756671
8.5453205
-0.79846248
8.6124637
-0.92780217
8.6829468
-1.055432
8.7581953
-1.1811914
8.8390954
-1.304905
8.9262815
-1.4263882
9.0203165
-1.5454548
9.1217719
-1.6619148
9.2312537
-1.7755333
9.3494336
-1.8861372
9.4770149
-1.9934855
9.6147596
-2.097322
9.7634872
-2.1973713
9.9240987
-2.2933228
10.097497
-2.3848751
10.284718
-2.4716619
10.486795
-2.5533746
10.704961
-2.6295844
10.940406
-2.6998947
11.1946
-2.7638919
11.469012
-2.8209195
11.765213
-2.8702175
12.085029
-2.9111799
12.43049
-2.9430979
12.803549
-2.9652507
13.206548
-2.9767986
13.641667
-2.9767172
14.111474
-2.9642653
14.618817
-2.938033
15.166606
-2.8970349
15.758666
-2.840523
16.398793
-2.7670938
17.090506
-2.6757691
17.838443
-2.5661124
18.6475
-2.4358503
19.521774
-2.2816187
20.470074
-2.1031458
21.500353
-1.8964923
22.612523
-1.6602207
23.816841
-1.3950763
25.112164
-1.0996919
26.521338
-0.77199199
28.034359
-0.41109037
29.703503
31.469339
-0.13274478
8.3991921
-0.26948886
8.471475
-0.40534056
8.5457737
-0.54001732
8.6129873
-0.67337892
8.6777236
-0.80527746
8.7433007
-0.93558358
8.8121086
-1.0641521
8.8855658
-1.1908248
8.9645505
-1.315425
9.0496873
-1.4377772
9.1415245
-1.557694
9.2406128
-1.6750044
9.3475534
-1.7895131
9.4629795
-1.9010085
9.5875874
-2.0092606
9.7221299
-2.1140019
9.867417
-2.214939
10.024312
-2.3117567
10.193737
-2.4041221
10.376714
-2.4916669
10.574216
-2.5740075
10.787444
-2.6507898
11.017569
-2.7215152
11.265943
-2.7856641
11.534043
-2.8427398
11.823479
-2.892132
12.135898
-2.9332255
12.473269
-2.9654768
12.837589
-2.9879905
13.230847
-3.0000113
13.655394
-3.0006333
14.11371
-2.9889128
14.608712
-2.9638742
15.143373
-2.9234682
15.720471
-2.8663125
16.344322
-2.7920847
17.019083
-2.7002022
17.748766
-2.5892477
18.537663
-2.4578513
19.390473
-2.3018186
20.313769
-2.1204724
21.318426
-1.9138084
22.405861
-1.6781464
23.583725
-1.4104557
24.849798
-1.1129699
26.228856
-0.78088902
27.705522
-0.41547349
29.336661
31.059081
-0.13444012
8.5369858
-0.27226228
8.6085379
-0.40917629
8.681815
-0.54492092
8.74775
-0.6793484
8.8110507
-0.81233292
8.8750711
-0.94373606
8.9422047
-1.0734035
9.0138568
-1.2011629
9.0908933
-1.3268296
9.1739249
-1.4502031
9.2634907
-1.5710831
9.3601415
-1.689268
9.4644581
-1.8045614
9.5770644
-1.9167532
9.6986343
-2.0256291
9.8299204
-2.1309462
9.9717152
-2.2324487
10.124879
-2.3298188
10.290302
-2.4226896
10.468951
-2.5107281
10.66185
-2.5935172
10.870082
-2.6706928
11.094843
-2.7417802
11.337431
-2.8062147
11.599235
-2.8634297
11.88184
-2.9129032
12.186909
-2.9539646
12.516196
-2.9860176
12.871688
-3.0086503
13.255534
-3.0211917
13.669867
-3.0226929
14.116948
-3.0116224
14.599232
-2.986755
15.120194
-2.9471561
15.682992
-2.891089
16.290965
-2.817268
16.948306
-2.724701
17.658893
-2.6128221
18.427637
-2.4804103
19.259216
-2.3245581
20.158235
-2.1426278
21.135639
-1.9336686
22.195685
-1.6950139
23.345081
-1.4253695
24.582229
-1.1233409
25.931367
-0.78954301
27.376589
-0.41854132
28.967369
30.645796
-0.13643209
-0.27542117
-0.41340048
-0.55015433
-0.68555638
-0.81950578
9.0076743
-0.95189091
9.0731305
-1.0825849
9.1429847
-1.211431
9.2180858
-1.3382445
9.299033
-1.4628089
9.386353
-1.584908
9.4805885
-1.7043038
9.5822795
-1.8207563
9.6920304
-1.9340384
9.8105147
-2.0438746
9.9384479
-2.1499852
10.076614
-2.2520889
10.225871
-2.349887
10.387122
-2.4430531
10.561308
-2.5312588
10.749454
-2.6141838
10.952621
-2.6914188
11.171932
-2.7625059
11.408651
-2.8270124
11.664218
-2.8843727
11.940133
-2.9340019
12.237989
-2.9753564
12.559467
-3.0077205
12.906272
-3.0303293
13.280438
-3.0424165
13.684104
-3.0434239
14.119828
-3.032816
14.590224
-3.0087728
15.097697
-2.9697117
15.645813
-2.9141465
16.237906
-2.840825
16.877987
-2.7489396
17.569921
-2.636958
18.317903
-2.5033374
19.127157
-2.3466305
20.002563
-2.1623731
20.951585
-1.95139
21.983625
-1.711468
23.103766
-1.4412961
24.311205
-1.1372949
25.629238
-0.7998521
27.043074
-0.42630417
28.597082
30.229831
-0.8267826
-0.9601116
-1.0916991
-1.2213927
-1.3490317
-1.4744431
-1.5974479
9.6018163
-1.7178427
9.7009042
-1.8354086
9.8078635
-1.9498755
9.9233214
-2.0609658
10.047985
-2.1683744
10.182596
-2.2717386
10.327963
-2.3706886
10.48498
-2.4648654
10.654587
-2.5538778
10.837778
-2.6373256
11.035592
-2.7148596
11.24918
-2.7860469
11.479773
-2.8503094
11.728713
-2.9071061
11.997557
-2.9559203
12.287949
-2.9963358
12.601604
-3.0280806
12.940222
-3.0506926
13.30548
-3.0635068
13.699265
-3.0652743
14.123636
-3.0547774
14.581431
-3.0309992
15.075447
-2.992031
15.608548
-2.9365174
16.18461
-2.8629191
16.807105
-2.7706871
17.480491
-2.6587329
18.208327
-2.52494
18.995269
-2.3674307
19.846674
-2.1834383
20.768469
-1.9701739
21.769835
-1.727661
22.859425
-1.4545923
24.035742
-1.1483728
25.321857
-0.80575579
26.701943
-0.42855927
28.222492
29.813793
-1.6109493
-1.7320244
-1.850223
-1.965318
-2.077046
-2.185115
10.289132
-2.2892277
10.430749
-2.3890843
10.583715
-2.4843279
10.748895
-2.5744993
10.927179
-2.6592889
11.119735
-2.7381584
11.327576
-2.810547
11.551898
-2.8757341
11.793938
-2.9331672
12.055429
-2.9822262
12.337917
-3.0222299
12.643012
-3.0526061
12.972496
-3.0731314
13.328279
-3.0837831
13.712267
-3.0841985
14.126196
-3.0733207
14.572345
-3.0497154
15.053391
-3.0119565
15.572406
-2.9577055
16.132353
-2.8853153
16.73711
-2.7932091
17.390884
-2.6810149
18.098368
-2.5469261
18.863061
-2.3890981
19.690435
-2.2053159
20.585619
-1.9914778
21.555823
-1.7466022
22.613308
-1.4712327
23.758163
-1.1636966
25.011718
-0.81823519
26.355816
-0.43498889
27.840564
29.39161
-2.2036106
-2.3080626
-2.4081158
-2.5035373
-2.5940562
11.016599
-2.6789841
11.203838
-2.7580579
11.406006
-2.83105
11.624364
-2.897513
11.860064
-2.9565563
12.114438
-3.0070842
12.38894
-3.0481055
12.685164
-3.0792995
13.005402
-3.10021
13.351226
-3.1102852
13.724511
-3.1093602
14.127358
-3.0968569
14.561658
-3.0711756
15.029263
-3.0314974
15.534296
-2.9762134
16.078911
-2.9038541
16.666873
-2.8129517
17.302072
-2.70126
17.988492
-2.5673162
18.730681
-2.409139
19.533632
-2.225093
20.402408
-2.012017
21.342898
-1.7652295
22.365933
-1.4858945
23.477184
-1.1752663
24.698361
-0.8288279
26.007491
-0.44279449
27.454332
28.961869
-2.6176175
-2.7031625
-2.78268
-2.8554836
-2.9211796
-2.9792194
12.172075
-3.0295192
12.439313
-3.0716684
12.727902
-3.1044962
13.039341
-3.1264882
13.374827
-3.1371818
13.737034
-3.1360398
14.127973
-3.1229452
14.55017
-3.0976285
15.00542
-3.0573135
15.495449
-3.0009698
16.024303
-2.9266198
16.594524
-2.833823
17.21121
-2.7212637
17.877449
-2.5871894
18.597676
-2.429021
19.376362
-2.2445233
20.218569
-2.0313942
21.129821
-1.7856487
22.119487
-1.5045949
23.194695
-1.1888754
24.380569
-0.83904441
25.65577
-0.44864696
27.062709
28.526841
-3.0075999
-3.057397
-3.0977787
-3.1285495
-3.1504898
13.397567
-3.1624317
13.749969
-3.1627257
14.129397
-3.1498541
14.538412
-3.1232713
14.979953
-3.0824245
15.455885
-3.0252307
15.968697
-2.9516884
16.522909
-2.8582223
17.119726
-2.744501
17.765376
-2.6087275
18.463039
-2.4493365
19.217575
-2.2644051
20.033817
-2.0510968
20.916238
-1.8059612
21.873639
-1.5250327
22.912638
-1.2056018
24.059871
-0.85186125
25.300464
-0.45702477
26.666592
28.085172
-3.1813777
-3.1910167
-3.1895406
-3.1757399
-3.1477804
14.952843
-3.1063027
15.415401
-3.0496329
15.91333
-2.9747447
16.449733
-2.8814879
17.028448
-2.7672999
17.652983
-2.6312267
18.328284
-2.4709044
19.05807
-2.2841712
19.847319
-2.0693763
20.70115
-1.822899
21.626571
-1.5415393
22.630447
-1.2222405
23.739327
-0.86405734
24.94101
-0.46597717
26.267629
27.639677
-3.1849296
-3.1424427
-3.0826853
-3.0048285
16.373287
-2.9074842
16.932991
-2.790313
17.537877
-2.6516534
18.191333
-2.4897857
18.897152
-2.3024433
19.66013
-2.0874034
20.485713
-1.840754
21.379221
-1.5579738
22.347001
-1.2376639
23.418142
-0.87737082
24.579592
-0.47462243
25.864094
27.18859
-3.0307095
-2.9370644
-2.8200993
-2.6801422
18.052746
-2.5162843
18.734328
-2.3262265
19.470701
-2.107849
20.267272
-1.8590664
21.129784
-1.5754338
22.062509
-1.2538483
23.095301
-0.89226537
24.216818
-0.48858187
25.459484
26.732736
-2.7035667
-2.5381935
-2.3465309
-2.1266153
20.047741
-1.8759256
20.878684
-1.590951
21.776665
-1.2674902
22.770706
-0.9016869
23.849647
-0.48976503
25.046329
26.274676
-2.1488569
-1.8966976
-1.6096731
-1.2833999
22.44344
-0.91718243
23.482009
-0.50475662
24.632765
25.808645
-1.3019028
-0.93324186
-0.51977429
24.2183
25.339377
-0.5158272
)
;

boundaryField
{
    Side
    {
        type            empty;
    }
    Inlet
    {
        type            calculated;
        value           nonuniform List<scalar> 
25
(
-0.0039655414
-0.008105893
-0.011873529
-0.011720752
-0.010825881
-0.0072348735
-0.0055139742
-0.005736141
-0.0052979678
-0.0064720652
-0.0073570561
-0.0068936443
-0.0094136609
-0.0093809774
-0.0095762882
-0.011044543
-0.013126138
-0.015913431
-0.020939238
-0.024288079
-0.033811508
-0.032149645
-0.039308214
-0.051610427
-0.046641154
)
;
    }
    Airfoil
    {
        type            calculated;
        value           nonuniform List<scalar> 0();
    }
    Outlet
    {
        type            calculated;
        value           nonuniform List<scalar> 0();
    }
    procBoundary12to4
    {
        type            processor;
        value           uniform -5.0230673;
    }
    procBoundary12to5
    {
        type            processor;
        value           nonuniform List<scalar> 
30
(
-0.001669362
-0.0020952047
-0.002939991
-0.0029957116
-0.0024756943
-0.0023180716
-0.0026172399
-0.0031045849
-0.003427128
-0.003639795
-0.0029814065
-0.0016045006
-0.00045204927
0.00026038374
0.00050639172
0.00016326315
-0.00082533375
-0.002257468
-0.0032149293
-0.0035704485
-0.0042099664
-0.0048247277
-0.0048693368
-0.0047634311
-0.0047262542
-0.0045530779
-0.0040001509
-0.0032245401
-0.1151987
5.1369779
)
;
    }
    procBoundary12to6
    {
        type            processor;
        value           uniform 8.6758489;
    }
    procBoundary12to11
    {
        type            processor;
        value           nonuniform List<scalar> 
65
(
-5.0236253
-5.1139367
-5.212433
-5.3111574
-0.44816657
-5.5212549
-5.6238249
-5.7321997
-5.8479917
-5.972465
-6.1066219
-1.0950231
-6.3528127
-6.5070876
-6.6736429
-6.8534756
-7.04764
-1.5936763
-7.3473969
-7.5708592
-7.8122449
-8.0730126
-1.9488976
-8.4315847
-8.7317534
-9.0559666
-9.4060951
-2.2437454
-9.8426648
-10.24534
-10.680153
-11.149648
-2.460182
-11.690067
-12.229929
-12.81312
-2.5580935
-13.452162
-14.123188
-14.848199
-2.5720356
-15.609757
-16.443799
-2.5289329
-17.297476
-18.255823
-19.290429
-2.3524059
-20.311084
-21.498509
-2.1542989
-22.644951
-24.00638
-1.8760433
-25.297713
-1.7068094
-26.657931
-28.316951
-1.2780686
-29.860378
-1.0225557
-31.471528
-33.539273
-0.38837242
-35.398118
)
;
    }
    procBoundary12to13
    {
        type            processor;
        value           nonuniform List<scalar> 
60
(
8.746634
8.8187822
8.8833786
8.9452197
0.69184505
9.1412369
9.2049807
9.273
9.3461299
9.4249617
9.5100121
1.4871997
9.7239296
9.8202865
9.9243386
10.036691
10.158043
2.0949959
10.396337
10.533896
10.682519
10.843143
2.526482
11.106583
11.288293
11.484502
11.696272
11.925007
2.9487459
12.230454
12.489094
12.768726
13.070763
3.1601575
13.419059
13.759954
14.128347
14.525265
3.210272
14.928024
15.373678
15.854613
3.1044016
16.300717
16.840839
17.422531
2.8435113
17.913648
18.569864
19.279888
2.3698379
19.826822
20.626408
21.489217
1.6279457
22.116852
23.112546
0.93859036
23.795108
24.869629
)
;
    }
}


// ************************************************************************* //
