/*--------------------------------*- C++ -*----------------------------------*\
| =========                 |                                                 |
| \\      /  F ield         | OpenFOAM: The Open Source CFD Toolbox           |
|  \\    /   O peration     | Version:  2506                                  |
|   \\  /    A nd           | Website:  www.openfoam.com                      |
|    \\/     M anipulation  |                                                 |
\*---------------------------------------------------------------------------*/
FoamFile
{
    version     2.0;
    format      ascii;
    arch        "LSB;label=32;scalar=64";
    class       volScalarField;
    location    "0.00049";
    object      alphat;
}
// * * * * * * * * * * * * * * * * * * * * * * * * * * * * * * * * * * * * * //

dimensions      [1 -1 -1 0 0 0 0];

internalField   nonuniform List<scalar> 
3439
(
1.6647081e-09
1.718028e-09
1.7605223e-09
1.8068961e-09
1.9285926e-09
1.6120778e-09
1.6626774e-09
1.7153428e-09
1.7595724e-09
1.8216704e-09
1.9403351e-09
2.0422946e-09
2.1304242e-09
2.1973101e-09
2.2447755e-09
2.2667649e-09
2.252116e-09
1.3874057e-09
1.4005856e-09
1.4108419e-09
1.5048104e-09
1.5325546e-09
1.5698762e-09
1.6108008e-09
1.6612408e-09
1.7149191e-09
1.7641311e-09
1.8344511e-09
1.9464018e-09
2.0498241e-09
2.1421736e-09
2.2148652e-09
2.2676158e-09
2.2937797e-09
2.2776276e-09
2.3304671e-09
2.5372152e-09
2.8247922e-09
3.0084545e-09
1.3500868e-09
1.4630767e-09
1.5155777e-09
1.6103472e-09
1.4916092e-09
1.4570404e-09
1.4789685e-09
1.4573608e-09
1.4978657e-09
1.5326024e-09
1.5659637e-09
1.6091739e-09
1.6592343e-09
1.7139274e-09
1.7690566e-09
1.8425766e-09
1.9467425e-09
2.0492011e-09
2.1417628e-09
2.2195224e-09
2.2892487e-09
2.321734e-09
2.3068698e-09
2.3581448e-09
2.5582376e-09
2.8694772e-09
3.0317735e-09
3.0707981e-09
3.1793671e-09
1.3200302e-09
1.4440453e-09
1.5006096e-09
1.5904245e-09
1.5130691e-09
1.4987545e-09
1.5156926e-09
1.5361418e-09
1.4674846e-09
1.5323504e-09
1.5630672e-09
1.6052994e-09
1.6562526e-09
1.7110288e-09
1.7706791e-09
1.8434079e-09
1.943018e-09
2.0462925e-09
2.1393865e-09
2.2257751e-09
2.3083509e-09
2.3479213e-09
2.3258888e-09
2.3718465e-09
2.5765243e-09
2.8955519e-09
3.0781894e-09
3.1092882e-09
3.2224517e-09
3.398927e-09
3.5939695e-09
1.3046551e-09
1.4305913e-09
1.4870488e-09
1.5742255e-09
1.5179606e-09
1.5066437e-09
1.5234535e-09
1.5444735e-09
1.5207343e-09
1.5318154e-09
1.5630636e-09
1.6038246e-09
1.6530636e-09
1.7101035e-09
1.772409e-09
1.8434143e-09
1.9418105e-09
2.0402802e-09
2.1385853e-09
2.2340075e-09
2.3295441e-09
2.3764165e-09
2.3425482e-09
2.3731389e-09
2.5914037e-09
2.9147508e-09
3.1442057e-09
3.1529013e-09
3.2791754e-09
3.4564619e-09
3.6504041e-09
1.2787123e-09
1.4069257e-09
1.4775989e-09
1.5820444e-09
1.5195048e-09
1.4883261e-09
1.5089401e-09
1.5548175e-09
1.5773503e-09
1.5295889e-09
1.566367e-09
1.6033348e-09
1.6548328e-09
1.713125e-09
1.7767581e-09
1.848295e-09
1.9435001e-09
2.0429309e-09
2.145243e-09
2.2502164e-09
2.3550419e-09
2.3997415e-09
2.3548563e-09
2.3786612e-09
2.60803e-09
2.9517336e-09
3.1857099e-09
3.196924e-09
3.2964971e-09
3.4912517e-09
3.6722759e-09
3.8981052e-09
4.1288271e-09
1.2777661e-09
1.3928786e-09
1.4777601e-09
1.5705782e-09
1.5368868e-09
1.4770035e-09
1.4940197e-09
1.5435291e-09
1.6039431e-09
1.5438734e-09
1.5778393e-09
1.6151487e-09
1.6694993e-09
1.7325106e-09
1.7995513e-09
1.8743785e-09
1.9667302e-09
2.0685087e-09
2.1730667e-09
2.2826445e-09
2.3892747e-09
2.4303984e-09
2.3722064e-09
2.3925961e-09
2.6495959e-09
3.0226174e-09
3.1808365e-09
3.2492126e-09
3.3059802e-09
3.4864778e-09
3.6745688e-09
3.88739e-09
4.1174339e-09
1.3948398e-09
1.2859638e-09
1.3708079e-09
1.4705881e-09
1.5530256e-09
1.5628132e-09
1.4966479e-09
1.5079682e-09
1.5457975e-09
1.6049946e-09
1.6048345e-09
1.6004026e-09
1.6405022e-09
1.6936149e-09
1.7591451e-09
1.8297389e-09
1.9058678e-09
1.9970778e-09
2.1033232e-09
2.2114249e-09
2.3247343e-09
2.43065e-09
2.4571569e-09
2.3933357e-09
2.4336848e-09
2.7184462e-09
3.0915903e-09
3.2628756e-09
3.1700453e-09
3.3588748e-09
3.4958658e-09
3.6845846e-09
3.8982568e-09
4.1288517e-09
4.3830364e-09
4.6705882e-09
4.9855322e-09
5.3381963e-09
5.6895113e-09
6.0352073e-09
6.300298e-09
1.4044729e-09
1.3031119e-09
1.3441906e-09
1.4646652e-09
1.5429913e-09
1.5894037e-09
1.5283864e-09
1.532728e-09
1.5714938e-09
1.6132224e-09
1.6602937e-09
1.6233448e-09
1.6660914e-09
1.713771e-09
1.7745659e-09
1.8452287e-09
1.9205379e-09
2.0093264e-09
2.119241e-09
2.232125e-09
2.348301e-09
2.4547135e-09
2.4764221e-09
2.4409217e-09
2.5385771e-09
2.8318852e-09
3.1836017e-09
3.3166149e-09
3.2549265e-09
3.3787335e-09
3.5834005e-09
3.7376321e-09
3.960511e-09
4.2026293e-09
4.4714845e-09
4.7456226e-09
5.0911432e-09
5.4645245e-09
5.8080256e-09
6.1507581e-09
6.454647e-09
6.6797246e-09
6.8110648e-09
6.9625843e-09
1.4146479e-09
1.327338e-09
1.3332692e-09
1.472424e-09
1.5348842e-09
1.602421e-09
1.5424971e-09
1.5348628e-09
1.5705089e-09
1.6171615e-09
1.6759943e-09
1.6728701e-09
1.6871885e-09
1.7389674e-09
1.8049665e-09
1.8833864e-09
1.9706313e-09
2.0697905e-09
2.1969569e-09
2.3290466e-09
2.4616199e-09
2.5809796e-09
2.6271214e-09
2.6522438e-09
2.7515925e-09
3.0435537e-09
3.4072853e-09
3.5150398e-09
3.4481319e-09
3.5774856e-09
3.7871997e-09
3.9463302e-09
4.1527624e-09
4.4017043e-09
4.6929017e-09
5.0108642e-09
5.3489647e-09
5.7272495e-09
6.0812601e-09
6.4325092e-09
6.7645056e-09
7.009916e-09
7.1630689e-09
7.3309992e-09
7.3424698e-09
8.2420047e-09
2.2933607e-07
0.00012184963
0.0025479989
1.4168474e-09
1.3483529e-09
1.3045117e-09
1.4504705e-09
1.5189928e-09
1.6125226e-09
1.5515327e-09
1.5457675e-09
1.5957256e-09
1.671277e-09
1.7676053e-09
1.857049e-09
1.9192493e-09
2.0290073e-09
2.1612292e-09
2.3052145e-09
2.4486577e-09
2.5987002e-09
2.7691022e-09
2.9330104e-09
3.0855178e-09
3.2105666e-09
3.2569767e-09
3.2908826e-09
3.3704582e-09
3.6737311e-09
4.0367408e-09
4.1485838e-09
4.0017389e-09
4.0782193e-09
4.2167039e-09
4.4685322e-09
4.6275358e-09
4.8456108e-09
5.1102109e-09
5.4610298e-09
5.7982492e-09
6.1370758e-09
6.5269859e-09
6.916042e-09
7.2503595e-09
7.4959401e-09
7.6363019e-09
7.789541e-09
7.8070989e-09
8.4701728e-09
1.5030752e-07
8.9401485e-05
0.0023896663
0.0074293026
0.012483814
0.017151627
0.021286754
0.024862946
1.4273338e-09
1.3813789e-09
1.3156182e-09
1.4710112e-09
1.5806104e-09
1.7414943e-09
1.7229313e-09
1.7634101e-09
1.8718692e-09
2.0195429e-09
2.1844461e-09
2.3154665e-09
2.4220881e-09
2.5667065e-09
2.7254852e-09
2.88192e-09
3.0265122e-09
3.1741482e-09
3.3487804e-09
3.5193761e-09
3.6858427e-09
3.8281342e-09
3.8912926e-09
3.9004556e-09
3.9454046e-09
4.2478305e-09
4.6102369e-09
4.6939943e-09
4.4919257e-09
4.4869954e-09
4.6278282e-09
4.7203353e-09
5.0367308e-09
5.1688562e-09
5.4296206e-09
5.7716666e-09
6.1550942e-09
6.4950632e-09
6.9172059e-09
7.3492565e-09
7.6601471e-09
7.894214e-09
8.0844005e-09
8.2287176e-09
8.2761921e-09
8.7832138e-09
8.5655457e-08
5.8854547e-05
0.0021840866
0.0073941395
0.012655874
0.017536834
0.021869744
0.025575273
1.5459976e-09
1.532978e-09
1.453982e-09
1.6483088e-09
1.802141e-09
2.0169888e-09
2.0408793e-09
2.0724986e-09
2.1545263e-09
2.2260336e-09
2.280364e-09
2.2948196e-09
2.2308911e-09
2.2022686e-09
2.2104133e-09
2.2466091e-09
2.2957013e-09
2.3666356e-09
2.4814304e-09
2.6121342e-09
2.76167e-09
2.9249218e-09
3.0477706e-09
3.1333074e-09
3.2692325e-09
3.648407e-09
4.0892381e-09
4.2679838e-09
4.1481177e-09
4.2216545e-09
4.4065711e-09
4.6326861e-09
4.8174074e-09
5.1961187e-09
5.4444961e-09
5.7821181e-09
6.1631211e-09
6.5683551e-09
6.9917305e-09
7.4086815e-09
7.7093012e-09
7.951342e-09
8.2332237e-09
8.3799954e-09
8.4225252e-09
8.7099196e-09
3.1001302e-08
2.04877e-05
0.0015901087
0.0067862347
0.012142194
0.017132804
0.021569189
0.025305032
1.6746363e-09
1.5731625e-09
1.7137405e-09
1.8357256e-09
1.9402625e-09
1.8812437e-09
1.7936111e-09
1.7590674e-09
1.7593941e-09
1.7763988e-09
1.7996519e-09
1.7883109e-09
1.7835508e-09
1.8144674e-09
1.8697128e-09
1.9340902e-09
2.0133975e-09
2.1253037e-09
2.2502524e-09
2.3902814e-09
2.5480053e-09
2.6625171e-09
2.719644e-09
2.8450312e-09
3.1964648e-09
3.5987133e-09
3.7474555e-09
3.6357025e-09
3.6980099e-09
3.9234283e-09
4.1176248e-09
4.3505626e-09
4.574251e-09
4.9568012e-09
5.2682036e-09
5.6551685e-09
6.0708962e-09
6.5570368e-09
7.0096676e-09
7.370162e-09
7.6797588e-09
8.0253133e-09
8.2464347e-09
8.3647818e-09
8.4585444e-09
1.2652508e-08
2.7619572e-06
0.00074785161
0.0054177632
0.010817834
0.015915054
0.020484524
0.024309727
0.027480502
0.030214858
0.032691127
0.035124532
1.5288268e-09
1.4126181e-09
1.4700943e-09
1.5762686e-09
1.6493448e-09
1.6542425e-09
1.5899675e-09
1.5793927e-09
1.6045055e-09
1.6356797e-09
1.6752307e-09
1.6988934e-09
1.7069306e-09
1.7450658e-09
1.8044547e-09
1.8731909e-09
1.9548296e-09
2.0689606e-09
2.1924153e-09
2.3330122e-09
2.4961807e-09
2.617378e-09
2.642206e-09
2.7739164e-09
3.1274917e-09
3.5235319e-09
3.6525888e-09
3.511704e-09
3.5863942e-09
3.7929573e-09
3.938901e-09
4.1638096e-09
4.4196499e-09
4.7041974e-09
5.0696951e-09
5.3987514e-09
5.7969113e-09
6.2561411e-09
6.7295717e-09
7.1012269e-09
7.4261624e-09
7.7853113e-09
8.0412054e-09
8.2237371e-09
8.2720102e-09
9.2014642e-09
2.7889384e-07
0.00024355373
0.0038384454
0.0092847372
0.014460629
0.019043971
0.022864328
0.026043171
0.028824891
0.031369648
0.033903897
0.036398634
1.4404697e-09
1.3429241e-09
1.3738188e-09
1.4978341e-09
1.5578366e-09
1.6189477e-09
1.5470701e-09
1.5438589e-09
1.5708567e-09
1.6144874e-09
1.6615159e-09
1.6922938e-09
1.7005576e-09
1.7372399e-09
1.7962744e-09
1.8659767e-09
1.9490384e-09
2.06283e-09
2.1863856e-09
2.3295012e-09
2.4963794e-09
2.6281357e-09
2.6334322e-09
2.7718002e-09
3.1549055e-09
3.5750417e-09
3.6895758e-09
3.523663e-09
3.5985693e-09
3.7686743e-09
3.9087144e-09
4.1449655e-09
4.4136805e-09
4.6922887e-09
5.0003492e-09
5.375559e-09
5.7253197e-09
6.1803162e-09
6.6363719e-09
7.0133384e-09
7.3887687e-09
7.726813e-09
7.9957241e-09
8.2221373e-09
8.246734e-09
8.4681426e-09
4.3181192e-08
5.4661118e-05
0.0023899308
0.007794863
0.013037822
0.017665987
0.02156844
0.024848032
0.027765077
0.030459929
0.033148144
0.035787879
0.038185123
1.4244453e-09
1.3468499e-09
1.3395839e-09
1.4634194e-09
1.5287208e-09
1.6234451e-09
1.549768e-09
1.542395e-09
1.5673976e-09
1.605721e-09
1.6603328e-09
1.6882293e-09
1.7005048e-09
1.736245e-09
1.7948172e-09
1.8656398e-09
1.9495092e-09
2.0625546e-09
2.1856923e-09
2.3336991e-09
2.5021928e-09
2.6411904e-09
2.6371919e-09
2.7686601e-09
3.1893701e-09
3.6436622e-09
3.7616861e-09
3.5796422e-09
3.6156551e-09
3.7787794e-09
3.9409938e-09
4.1920295e-09
4.4454988e-09
4.7506444e-09
5.0471047e-09
5.3819056e-09
5.7928738e-09
6.1931274e-09
6.6492009e-09
7.0272512e-09
7.4153217e-09
7.8341548e-09
8.1118322e-09
8.4171904e-09
8.4517613e-09
8.5069214e-09
1.6865772e-08
1.1427645e-05
0.001399086
0.0066373406
0.011971141
0.016690327
0.020671894
0.024057623
0.027084118
0.029895884
0.032703116
0.035498852
0.038068919
0.040487498
1.4243726e-09
1.3614858e-09
1.3174317e-09
1.4462222e-09
1.515815e-09
1.6289964e-09
1.5531574e-09
1.541613e-09
1.5605297e-09
1.6005563e-09
1.6565653e-09
1.7010787e-09
1.704361e-09
1.7384531e-09
1.7964144e-09
1.8693264e-09
1.9518465e-09
2.0631219e-09
2.1872129e-09
2.3371572e-09
2.5118721e-09
2.6529733e-09
2.6419665e-09
2.7655514e-09
3.2298079e-09
3.7188928e-09
3.8321143e-09
3.6447721e-09
3.6403613e-09
3.8058097e-09
3.9817582e-09
4.2321111e-09
4.4895045e-09
4.7896909e-09
5.1408273e-09
5.4292149e-09
5.8090708e-09
6.327311e-09
6.722481e-09
7.090036e-09
7.4870865e-09
7.9201263e-09
8.2710006e-09
8.5874786e-09
8.6513366e-09
8.6593143e-09
1.1227269e-08
2.0634431e-06
0.00075766199
0.0056694785
0.011240826
0.016171396
0.020264846
0.023727777
0.026806323
0.029670658
0.032558226
0.035454058
0.038156995
0.040685951
0.043370101
1.4252057e-09
1.379028e-09
1.3191342e-09
1.4254726e-09
1.5059394e-09
1.6258226e-09
1.5603546e-09
1.5509102e-09
1.562155e-09
1.5951038e-09
1.6474282e-09
1.7021991e-09
1.7094676e-09
1.7414326e-09
1.7992353e-09
1.8730037e-09
1.9546878e-09
2.0655216e-09
2.1912523e-09
2.3427213e-09
2.5191531e-09
2.660752e-09
2.6424306e-09
2.7836096e-09
3.2621147e-09
3.7859105e-09
3.9163489e-09
3.7113192e-09
3.6905713e-09
3.8513159e-09
4.0310493e-09
4.2580699e-09
4.5491768e-09
4.8779544e-09
5.1574239e-09
5.5110582e-09
5.9131352e-09
6.3142303e-09
6.9103225e-09
7.2201127e-09
7.5857731e-09
8.0353559e-09
8.4293365e-09
8.8002865e-09
8.8792134e-09
8.8805019e-09
9.7090454e-09
3.3912162e-07
0.00036487025
0.0047090256
0.010543893
0.015722263
0.020013632
0.023636408
0.026866137
0.029868246
0.032907258
0.035959165
0.038787895
0.041403196
0.044179508
1.4251675e-09
1.3913232e-09
1.3103857e-09
1.4072521e-09
1.5022894e-09
1.6080049e-09
1.5864421e-09
1.5526639e-09
1.5559056e-09
1.597107e-09
1.648305e-09
1.7012924e-09
1.7211023e-09
1.7457051e-09
1.8033895e-09
1.8781564e-09
1.9599188e-09
2.070115e-09
2.1972322e-09
2.3491542e-09
2.5256691e-09
2.6727019e-09
2.6518026e-09
2.8053473e-09
3.2990772e-09
3.8554166e-09
4.0163285e-09
3.78328e-09
3.7660804e-09
3.9034727e-09
4.0776854e-09
4.3239151e-09
4.6154705e-09
4.9132616e-09
5.2030934e-09
5.5965022e-09
6.002812e-09
6.4823073e-09
6.8510537e-09
7.4716231e-09
7.7945837e-09
8.1881463e-09
8.5679101e-09
8.9663005e-09
9.1247066e-09
9.1618288e-09
9.4807906e-09
7.1596079e-08
0.0001505341
0.0037586217
0.0098293537
0.015245229
0.019724616
0.023508623
0.026874298
0.030013573
0.033190774
0.036421831
0.03945629
0.042231409
0.04512641
1.4282673e-09
1.4013212e-09
1.328137e-09
1.3903117e-09
1.4953555e-09
1.5820539e-09
1.6126694e-09
1.5626287e-09
1.566787e-09
1.5984629e-09
1.6465409e-09
1.7011827e-09
1.7255729e-09
1.7526325e-09
1.808776e-09
1.8834893e-09
1.9676043e-09
2.0755332e-09
2.2031589e-09
2.3555974e-09
2.5363064e-09
2.6873827e-09
2.6650331e-09
2.8266007e-09
3.3429264e-09
3.9415174e-09
4.1286844e-09
3.8696103e-09
3.8466835e-09
3.955014e-09
4.1359062e-09
4.3982795e-09
4.652629e-09
4.9382847e-09
5.2803055e-09
5.6739281e-09
6.1210753e-09
6.589132e-09
7.0756514e-09
7.4383813e-09
7.9989832e-09
8.4638239e-09
8.8181991e-09
9.1659142e-09
9.3452264e-09
9.389481e-09
9.5447557e-09
2.44794e-08
5.2094574e-05
0.002882944
0.0092469177
0.014982226
0.019698035
0.023666896
0.027198928
0.030502679
0.033852559
0.037264821
0.04050309
0.043434268
0.046423681
1.4313547e-09
1.4062277e-09
1.3387429e-09
1.3693321e-09
1.4897708e-09
1.5594474e-09
1.6321073e-09
1.5703025e-09
1.5713041e-09
1.5989511e-09
1.6489486e-09
1.7088717e-09
1.7304182e-09
1.7612104e-09
1.8177908e-09
1.89113e-09
1.9755623e-09
2.0813081e-09
2.2106844e-09
2.3636968e-09
2.5485441e-09
2.7058008e-09
2.6810444e-09
2.8457588e-09
3.387418e-09
4.030671e-09
4.2414433e-09
3.9625906e-09
3.9075723e-09
4.0351307e-09
4.1917378e-09
4.4385829e-09
4.7060687e-09
5.0093759e-09
5.319517e-09
5.779208e-09
6.2467765e-09
6.7111543e-09
7.1940714e-09
7.6642088e-09
8.097148e-09
8.5978753e-09
9.1819632e-09
9.4362699e-09
9.649215e-09
9.662645e-09
9.6727621e-09
1.4164088e-08
1.3884636e-05
0.002020804
0.0085659265
0.014645602
0.019660367
0.023867552
0.027623103
0.031136284
0.034693827
0.038332347
0.041819946
0.044899208
1.4343991e-09
1.4338377e-09
1.4150158e-09
1.3604594e-09
1.3510919e-09
1.4717129e-09
1.5429575e-09
1.6479409e-09
1.5797767e-09
1.5815684e-09
1.6042616e-09
1.6481023e-09
1.7077121e-09
1.7386885e-09
1.7706284e-09
1.826978e-09
1.8988983e-09
1.9830144e-09
2.0890659e-09
2.2175912e-09
2.3714948e-09
2.5610801e-09
2.7247078e-09
2.6980021e-09
2.8642075e-09
3.4296613e-09
4.1183326e-09
4.3634347e-09
4.0557488e-09
3.9929193e-09
4.0986636e-09
4.2581379e-09
4.4841787e-09
4.7829286e-09
5.0877459e-09
5.3923718e-09
5.873237e-09
6.357891e-09
6.8135193e-09
7.3294158e-09
7.8349311e-09
8.2771813e-09
8.8334539e-09
9.2462438e-09
9.6707895e-09
9.9927012e-09
1.0009232e-08
9.9726004e-09
1.1424005e-08
2.7266858e-06
0.0012418626
0.0076054243
0.013858386
0.019025966
0.02335181
0.027233397
0.030851303
0.034506892
0.038250225
0.041848381
0.044957597
1.4361615e-09
1.4363726e-09
1.4231498e-09
1.370915e-09
1.3401167e-09
1.4605433e-09
1.5375898e-09
1.6657527e-09
1.5889025e-09
1.5850441e-09
1.6026567e-09
1.6487973e-09
1.7067277e-09
1.7449363e-09
1.7768471e-09
1.8334e-09
1.9064245e-09
1.9913576e-09
2.0960539e-09
2.2238952e-09
2.3786733e-09
2.5741168e-09
2.7447709e-09
2.7152665e-09
2.879141e-09
3.4684173e-09
4.1990843e-09
4.4863154e-09
4.1440172e-09
4.059141e-09
4.1603827e-09
4.2825825e-09
4.535431e-09
4.8646122e-09
5.1673473e-09
5.4761705e-09
5.9611526e-09
6.4531883e-09
6.9122791e-09
7.4525091e-09
7.9926646e-09
8.4850803e-09
8.9381297e-09
9.569474e-09
9.8627345e-09
9.9338858e-09
1.030052e-08
1.0343819e-08
1.0834315e-08
4.3332416e-07
0.00066869464
0.0065283054
0.012972541
0.018310786
0.022759826
0.026789344
0.030533927
0.034342812
0.038235843
0.041901872
1.4379983e-09
1.4386554e-09
1.4280764e-09
1.3911247e-09
1.3397882e-09
1.4465553e-09
1.531884e-09
1.6494852e-09
1.6114124e-09
1.5945237e-09
1.6087654e-09
1.6508877e-09
1.7068762e-09
1.7549526e-09
1.7832104e-09
1.8367506e-09
1.9110087e-09
1.9974716e-09
2.0989529e-09
2.2277582e-09
2.3845332e-09
2.5871153e-09
2.7622747e-09
2.7277418e-09
2.8856057e-09
3.5020618e-09
4.2723441e-09
4.5909914e-09
4.2352486e-09
4.1214885e-09
4.2159269e-09
4.3469796e-09
4.5596673e-09
4.8601671e-09
5.2396365e-09
5.5471391e-09
5.9868949e-09
6.5345418e-09
7.0285313e-09
7.5775862e-09
8.1336058e-09
8.5903674e-09
9.1991432e-09
9.7841928e-09
1.0230107e-08
1.0340057e-08
1.0314623e-08
1.0324415e-08
1.0725105e-08
7.4713508e-08
0.00031195755
0.0054229216
0.012104984
0.017699695
0.022357094
0.02662131
0.030619223
0.034696352
0.038851641
0.042641081
1.4396984e-09
1.440885e-09
1.4324295e-09
1.4056366e-09
1.3464163e-09
1.431274e-09
1.5267237e-09
1.626893e-09
1.641164e-09
1.5964008e-09
1.6072074e-09
1.6462805e-09
1.703064e-09
1.7551658e-09
1.7756835e-09
1.8246956e-09
1.9046433e-09
2.0013689e-09
2.1008016e-09
2.2317498e-09
2.3903282e-09
2.5974998e-09
2.7736147e-09
2.7316707e-09
2.8844796e-09
3.5322298e-09
4.3420086e-09
4.6794933e-09
4.3295305e-09
4.1957559e-09
4.2727043e-09
4.3992565e-09
4.6158117e-09
4.8877477e-09
5.2062111e-09
5.573598e-09
6.0561798e-09
6.6076966e-09
7.1275751e-09
7.638143e-09
8.204222e-09
8.7542499e-09
9.3735149e-09
1.0001246e-08
1.0533975e-08
1.069826e-08
1.0699969e-08
1.0725982e-08
1.0921301e-08
2.2985551e-08
0.00011865643
0.0043383708
0.011399191
0.01722018
0.022130638
0.026646184
0.030932149
0.035330021
0.03982601
0.043657621
1.4410651e-09
1.442623e-09
1.4354261e-09
1.4164205e-09
1.3629954e-09
1.4073134e-09
1.5195199e-09
1.6002553e-09
1.6678063e-09
1.606683e-09
1.6129111e-09
1.6491173e-09
1.7016659e-09
1.7519585e-09
1.7667555e-09
1.820876e-09
1.8947625e-09
1.994393e-09
2.1031402e-09
2.2361452e-09
2.395034e-09
2.6052666e-09
2.7832334e-09
2.7318267e-09
2.8854855e-09
3.5646963e-09
4.4149234e-09
4.7712609e-09
4.4153954e-09
4.2692182e-09
4.3375572e-09
4.4555897e-09
4.6694851e-09
4.9311596e-09
5.2524685e-09
5.6222953e-09
6.0787077e-09
6.6303394e-09
7.1816491e-09
7.6901806e-09
8.2410213e-09
8.8862192e-09
9.5466671e-09
1.0192775e-08
1.0794907e-08
1.1043606e-08
1.1077915e-08
1.1083303e-08
1.1299012e-08
1.4804431e-08
3.6105631e-05
0.0032170062
0.010281622
0.016281443
0.021488277
0.026275593
0.03078372
0.035432109
0.040050151
1.4392411e-09
1.4420952e-09
1.4440493e-09
1.4380844e-09
1.4235239e-09
1.3792476e-09
1.3893662e-09
1.5133528e-09
1.578364e-09
1.6816088e-09
1.6106664e-09
1.6156488e-09
1.6469105e-09
1.700433e-09
1.7492478e-09
1.7693464e-09
1.8094184e-09
1.8676977e-09
1.9600923e-09
2.1013567e-09
2.2406626e-09
2.399117e-09
2.6112322e-09
2.7945965e-09
2.7330757e-09
2.8906466e-09
3.598612e-09
4.4889357e-09
4.8641661e-09
4.5006233e-09
4.3414865e-09
4.4069752e-09
4.5195815e-09
4.7296868e-09
4.9817477e-09
5.3015856e-09
5.6894414e-09
6.1622591e-09
6.652121e-09
7.183947e-09
7.7951496e-09
8.3039626e-09
8.9542919e-09
9.6368173e-09
1.0328432e-08
1.0987013e-08
1.1316397e-08
1.1393011e-08
1.1442689e-08
1.1730223e-08
1.308615e-08
8.4108424e-06
0.0020799505
0.0089950039
0.014926355
0.020136013
0.024871445
0.029442446
0.034094087
1.4446657e-09
1.4403123e-09
1.4429143e-09
1.4451127e-09
1.4399424e-09
1.4306313e-09
1.3993813e-09
1.3707898e-09
1.4944095e-09
1.56502e-09
1.6970569e-09
1.620332e-09
1.6199205e-09
1.6468392e-09
1.6960355e-09
1.7480762e-09
1.7671476e-09
1.7921336e-09
1.8435648e-09
1.9456402e-09
2.0612929e-09
2.2389271e-09
2.4021049e-09
2.6183587e-09
2.8084219e-09
2.7351951e-09
2.8960109e-09
3.6327023e-09
4.5621912e-09
4.9554658e-09
4.5909507e-09
4.4198271e-09
4.4819474e-09
4.5874304e-09
4.7925181e-09
5.0442827e-09
5.3597509e-09
5.7576827e-09
6.2366888e-09
6.7526915e-09
7.2789971e-09
7.8127198e-09
8.358043e-09
9.0031143e-09
9.6726367e-09
1.0437207e-08
1.1014841e-08
1.1407174e-08
1.157616e-08
1.1729294e-08
1.2024628e-08
1.2531258e-08
1.55848e-06
0.0012644079
0.0080213082
0.014389494
0.019956034
0.025083957
0.030442534
0.035913021
1.4466309e-09
1.4414369e-09
1.4436798e-09
1.4460852e-09
1.4421754e-09
1.4364985e-09
1.4172083e-09
1.3642842e-09
1.4851185e-09
1.5581394e-09
1.6852187e-09
1.6387406e-09
1.6280395e-09
1.6514835e-09
1.6980357e-09
1.7524762e-09
1.7657145e-09
1.786466e-09
1.8456407e-09
1.9166658e-09
2.0332601e-09
2.2104623e-09
2.4129279e-09
2.6377925e-09
2.8342249e-09
2.7484648e-09
2.919391e-09
3.6966882e-09
4.6741403e-09
5.0909508e-09
4.7128233e-09
4.5224958e-09
4.5821785e-09
4.6874786e-09
4.893497e-09
5.1417247e-09
5.4523927e-09
5.8537197e-09
6.3390306e-09
6.8779334e-09
7.4363453e-09
7.9762134e-09
8.4990635e-09
9.0829251e-09
9.8342509e-09
1.0520227e-08
1.1129659e-08
1.151627e-08
1.1720621e-08
1.1882936e-08
1.2225131e-08
1.2579135e-08
2.1677962e-07
0.0006748403
0.0068785671
0.013593704
0.019456629
0.024992997
0.030837411
1.4618331e-09
1.4487673e-09
1.4427498e-09
1.4445353e-09
1.4469207e-09
1.4452404e-09
1.4533312e-09
1.4425415e-09
1.3577929e-09
1.4713218e-09
1.5500976e-09
1.6640272e-09
1.6682141e-09
1.6308806e-09
1.6494784e-09
1.6951286e-09
1.7519406e-09
1.7721235e-09
1.8023284e-09
1.864795e-09
1.9470693e-09
2.0967313e-09
2.2311517e-09
2.4811406e-09
2.7894581e-09
3.0015129e-09
2.9092025e-09
3.1285112e-09
4.0001542e-09
5.0952626e-09
5.5573968e-09
5.1217008e-09
4.8779625e-09
4.9448619e-09
5.0742724e-09
5.3097475e-09
5.5719371e-09
5.8976578e-09
6.3279363e-09
6.8399148e-09
7.3990655e-09
7.9582984e-09
8.4509044e-09
8.9410181e-09
9.5796913e-09
1.0307374e-08
1.0970847e-08
1.1633045e-08
1.1996278e-08
1.2214291e-08
1.2413861e-08
1.2749909e-08
1.3045337e-08
4.134448e-08
0.00031987306
0.0058695566
0.013043747
0.01922416
0.024807594
0.030517445
1.4647474e-09
1.4510985e-09
1.4443037e-09
1.4455556e-09
1.447674e-09
1.4442858e-09
1.4560145e-09
1.4465022e-09
1.3756069e-09
1.4560988e-09
1.5444274e-09
1.632785e-09
1.693934e-09
1.6384763e-09
1.6560371e-09
1.6976649e-09
1.7520981e-09
1.7897488e-09
1.8106494e-09
1.8488927e-09
1.8911874e-09
1.9840779e-09
2.1592222e-09
2.3220613e-09
2.6371259e-09
2.9973051e-09
2.9138593e-09
3.1396861e-09
4.0463161e-09
5.1732361e-09
5.6271546e-09
5.2110118e-09
4.9717814e-09
5.0348846e-09
5.1779576e-09
5.4114286e-09
5.6530068e-09
5.9669746e-09
6.4007801e-09
6.9110404e-09
7.4691724e-09
8.058155e-09
8.6080497e-09
9.1187442e-09
9.7788389e-09
1.0588412e-08
1.126413e-08
1.1917057e-08
1.2338119e-08
1.2532029e-08
1.2725614e-08
1.3090692e-08
1.3429458e-08
1.9353532e-08
0.00012776501
0.0045562706
0.011829501
0.018012476
0.023532542
0.029031916
1.5016636e-09
1.4984365e-09
1.4863193e-09
1.4677851e-09
1.453579e-09
1.4460747e-09
1.4467307e-09
1.448784e-09
1.4435829e-09
1.4444845e-09
1.4417896e-09
1.3880729e-09
1.4288929e-09
1.5416934e-09
1.6128518e-09
1.7133037e-09
1.6443113e-09
1.6608957e-09
1.698782e-09
1.7530676e-09
1.796698e-09
1.8171272e-09
1.8181942e-09
1.8440625e-09
1.9278884e-09
2.0365145e-09
2.1638195e-09
2.3931469e-09
2.6701053e-09
2.7275011e-09
2.950705e-09
3.8171267e-09
4.9003703e-09
5.3453193e-09
4.9625805e-09
4.7460741e-09
4.8160733e-09
4.9526106e-09
5.1497308e-09
5.3538946e-09
5.6419031e-09
6.064274e-09
6.5625781e-09
7.1202009e-09
7.7273084e-09
8.3225346e-09
8.8829213e-09
9.5385238e-09
1.0379667e-08
1.1138384e-08
1.1794939e-08
1.2250601e-08
1.255327e-08
1.2767802e-08
1.3140261e-08
1.3641879e-08
1.5884646e-08
4.4370399e-05
0.0035831709
0.011370491
0.018094399
0.024223974
1.5027976e-09
1.5001858e-09
1.4891159e-09
1.4708694e-09
1.4561392e-09
1.4479961e-09
1.4480073e-09
1.4499334e-09
1.4452837e-09
1.4479444e-09
1.4508221e-09
1.4078613e-09
1.422197e-09
1.5266943e-09
1.5970844e-09
1.7241651e-09
1.6519494e-09
1.6642855e-09
1.7004778e-09
1.754227e-09
1.8101274e-09
1.8219149e-09
1.8326351e-09
1.8622197e-09
1.9430747e-09
1.9953891e-09
2.1078354e-09
2.3373185e-09
2.5323897e-09
2.547672e-09
2.8718416e-09
3.7681988e-09
4.8480986e-09
5.2936861e-09
4.9311175e-09
4.7348009e-09
4.8447556e-09
5.0034832e-09
5.1937512e-09
5.3917598e-09
5.6700034e-09
6.1114115e-09
6.6150365e-09
7.1820092e-09
7.8102401e-09
8.4126417e-09
8.9388342e-09
9.5494637e-09
1.0367972e-08
1.1231327e-08
1.2010903e-08
1.2501794e-08
1.2736945e-08
1.2937528e-08
1.3206113e-08
1.3533249e-08
1.4904247e-08
1.0461639e-05
0.0024765779
0.010002656
0.016655626
0.022760952
1.5039771e-09
1.5018557e-09
1.4917894e-09
1.4739607e-09
1.4587397e-09
1.4500091e-09
1.4493228e-09
1.4509691e-09
1.4466871e-09
1.4509838e-09
1.4581983e-09
1.4264953e-09
1.4013878e-09
1.5135282e-09
1.5909864e-09
1.7351811e-09
1.6643264e-09
1.6711106e-09
1.7029432e-09
1.7552584e-09
1.816561e-09
1.8414165e-09
1.849989e-09
1.8901827e-09
1.9242604e-09
1.9211086e-09
1.8891575e-09
1.8446553e-09
2.3607483e-09
2.3551471e-09
2.6883159e-09
3.7226451e-09
4.8223243e-09
5.2777925e-09
4.9110106e-09
4.6962832e-09
4.7988597e-09
4.9943244e-09
5.2394233e-09
5.4635109e-09
5.7339755e-09
6.1812463e-09
6.6900599e-09
7.2359744e-09
7.8650181e-09
8.5648269e-09
9.2504151e-09
9.896508e-09
1.0667097e-08
1.169484e-08
1.2420471e-08
1.2882412e-08
1.3091969e-08
1.343656e-08
1.3606554e-08
1.4302542e-08
1.5077178e-08
1.7225323e-06
0.001653689
0.0089145294
0.015845542
0.022097418
1.5031385e-09
1.5051828e-09
1.5034714e-09
1.4943589e-09
1.4770639e-09
1.4613788e-09
1.4520694e-09
1.450669e-09
1.4518918e-09
1.4483497e-09
1.4534544e-09
1.4631433e-09
1.4426195e-09
1.403192e-09
1.4986435e-09
1.5846834e-09
1.7168735e-09
1.6877788e-09
1.675638e-09
1.70581e-09
1.7570799e-09
1.8200205e-09
1.8564216e-09
1.8689378e-09
1.9205398e-09
1.9106887e-09
1.7768107e-09
1.3255404e-09
1.1403043e-09
1.4427567e-09
2.1433903e-09
2.4606722e-09
3.3316771e-09
4.7769162e-09
5.4126699e-09
5.0339086e-09
4.7527522e-09
4.8343281e-09
5.0258992e-09
5.2239156e-09
5.4149556e-09
5.7655774e-09
6.2345459e-09
6.7562724e-09
7.3356565e-09
8.0324992e-09
8.8405885e-09
9.426771e-09
1.0049032e-08
1.0751903e-08
1.1819411e-08
1.2653609e-08
1.3186878e-08
1.3556006e-08
1.3809948e-08
1.405925e-08
1.4533712e-08
1.5296494e-08
2.2138695e-07
0.00098311371
0.0077193296
0.015012735
1.4992955e-09
1.498805e-09
1.5004135e-09
1.5037996e-09
1.5063724e-09
1.50504e-09
1.4968537e-09
1.4802003e-09
1.464086e-09
1.4541838e-09
1.4520516e-09
1.4525216e-09
1.4485182e-09
1.4569454e-09
1.4679977e-09
1.4556959e-09
1.4046741e-09
1.4811539e-09
1.5794428e-09
1.6893099e-09
1.7221139e-09
1.6760789e-09
1.7100278e-09
1.7594114e-09
1.8221735e-09
1.8697509e-09
1.8945517e-09
1.9085296e-09
1.9093119e-09
1.4614646e-09
8.4886859e-10
1.1865752e-09
1.6992173e-09
1.4065988e-09
2.0248805e-09
2.5751477e-09
3.8082759e-09
5.1014527e-09
5.0387418e-09
4.7553905e-09
4.8400077e-09
5.0291927e-09
5.2354172e-09
5.435092e-09
5.7416433e-09
6.2080244e-09
6.9011107e-09
7.5147137e-09
8.2614601e-09
8.8917689e-09
9.7586819e-09
1.0458948e-08
1.1222057e-08
1.2187102e-08
1.3006167e-08
1.3746724e-08
1.4314479e-08
1.4626549e-08
1.5017373e-08
1.5084671e-08
1.5436148e-08
4.1291282e-08
0.00048560566
0.0067733955
0.014556704
1.5005821e-09
1.4997291e-09
1.5012131e-09
1.5044976e-09
1.5075138e-09
1.5065478e-09
1.4992788e-09
1.4833726e-09
1.4668923e-09
1.456377e-09
1.4534958e-09
1.453463e-09
1.4482698e-09
1.4582134e-09
1.4718009e-09
1.4652681e-09
1.4173763e-09
1.4649271e-09
1.5750981e-09
1.6632696e-09
1.7490212e-09
1.6828977e-09
1.7119572e-09
1.7609626e-09
1.8228151e-09
1.8784231e-09
1.91462e-09
1.947336e-09
1.9136744e-09
1.3511703e-09
1.025665e-09
1.9965907e-09
2.1639523e-09
1.8023432e-09
1.1849213e-09
1.4889959e-09
2.1994455e-09
3.1391242e-09
4.4842233e-09
4.669507e-09
4.775626e-09
4.9743142e-09
5.1622916e-09
5.3471758e-09
5.7405949e-09
6.3282453e-09
6.6892401e-09
7.66079e-09
8.3261573e-09
9.0486724e-09
9.9707278e-09
1.0912225e-08
1.1678396e-08
1.256646e-08
1.3115051e-08
1.4048821e-08
1.4709834e-08
1.516756e-08
1.5142501e-08
1.5107375e-08
1.5333218e-08
1.9714947e-08
0.00017999175
0.0055015553
1.5019074e-09
1.5007001e-09
1.5020497e-09
1.505234e-09
1.5086035e-09
1.5079877e-09
1.5016242e-09
1.4865656e-09
1.4698164e-09
1.4586762e-09
1.4550311e-09
1.4544918e-09
1.4481776e-09
1.4593103e-09
1.4749385e-09
1.4727401e-09
1.4324347e-09
1.4483225e-09
1.5595178e-09
1.6468876e-09
1.7655472e-09
1.6911242e-09
1.7154255e-09
1.7634102e-09
1.8253614e-09
1.8802917e-09
1.9307585e-09
1.9643467e-09
1.9654666e-09
1.495576e-09
1.4392463e-09
2.2581074e-09
2.4338106e-09
2.2661913e-09
2.009126e-09
1.5976995e-09
1.5849771e-09
1.9850326e-09
2.3905324e-09
4.1140456e-09
4.6651582e-09
4.8489138e-09
5.0656546e-09
5.2691439e-09
5.6869316e-09
6.0819301e-09
6.741181e-09
7.5648891e-09
8.2307486e-09
9.2920544e-09
1.0196639e-08
1.099762e-08
1.2225487e-08
1.3033134e-08
1.3477245e-08
1.4273887e-08
1.4939909e-08
1.5470669e-08
1.5613488e-08
1.5848157e-08
1.573397e-08
1.6842119e-08
5.1942869e-05
0.0043502804
1.5032599e-09
1.5017243e-09
1.5029237e-09
1.5059966e-09
1.5096517e-09
1.50936e-09
1.503876e-09
1.48975e-09
1.4728543e-09
1.4610893e-09
1.4566596e-09
1.4558193e-09
1.4496408e-09
1.4602669e-09
1.4770129e-09
1.4783914e-09
1.4491112e-09
1.4368877e-09
1.5449222e-09
1.6329431e-09
1.7820978e-09
1.6987364e-09
1.7186562e-09
1.763176e-09
1.8270876e-09
1.8795902e-09
1.945706e-09
1.9915464e-09
2.0134316e-09
1.7923512e-09
1.699558e-09
2.262919e-09
2.6374892e-09
2.7739901e-09
3.2840974e-09
3.8205769e-09
4.2224257e-09
4.1026747e-09
4.3283539e-09
1.9528935e-09
3.9110356e-09
4.8459141e-09
5.1182408e-09
5.3767742e-09
5.6192573e-09
6.1362897e-09
6.5937772e-09
7.2027584e-09
8.2693688e-09
8.6153165e-09
9.653749e-09
1.070856e-08
1.2094051e-08
1.3273016e-08
1.4164093e-08
1.4352561e-08
1.5002508e-08
1.531536e-08
1.6389429e-08
1.6794971e-08
1.6474595e-08
1.6115134e-08
1.0259027e-05
1.5046397e-09
1.5027972e-09
1.5038334e-09
1.5067787e-09
1.5106712e-09
1.5106802e-09
1.5060326e-09
1.4929035e-09
1.4759921e-09
1.4636115e-09
1.4582043e-09
1.4567587e-09
1.4492138e-09
1.4616674e-09
1.4791363e-09
1.4836281e-09
1.4647081e-09
1.4307719e-09
1.5297572e-09
1.6264386e-09
1.7859868e-09
1.7119083e-09
1.7257469e-09
1.7662195e-09
1.826879e-09
1.8798198e-09
1.9492996e-09
2.0140443e-09
2.0665763e-09
1.9639782e-09
1.606058e-09
1.6748356e-09
2.4844688e-09
2.8781501e-09
3.5364614e-09
4.5773666e-09
5.4655049e-09
5.524504e-09
4.6971188e-09
4.7664901e-09
2.108303e-09
3.4830885e-09
4.6784646e-09
5.281523e-09
5.8569863e-09
6.389467e-09
6.7236997e-09
7.293399e-09
8.1407133e-09
8.7278565e-09
9.1306372e-09
9.2381987e-09
1.1285093e-08
1.3610862e-08
1.4659009e-08
1.4964582e-08
1.5111915e-08
1.5521e-08
1.5990558e-08
1.7095284e-08
1.7139486e-08
1.5265125e-08
1.1912367e-06
1.5146231e-09
1.5096948e-09
1.5060471e-09
1.5039091e-09
1.5047776e-09
1.507579e-09
1.5116594e-09
1.5119753e-09
1.5080899e-09
1.4960086e-09
1.4792122e-09
1.46622e-09
1.4581388e-09
1.4454074e-09
1.4406059e-09
1.4602799e-09
1.4792313e-09
1.4875223e-09
1.4779417e-09
1.4348956e-09
1.5124859e-09
1.6207477e-09
1.7716187e-09
1.7346271e-09
1.7270477e-09
1.7702359e-09
1.8265826e-09
1.8797244e-09
1.9509416e-09
2.0325472e-09
2.0989112e-09
2.0580643e-09
1.6948953e-09
1.6673011e-09
2.3485677e-09
2.5380054e-09
3.3911075e-09
4.3841846e-09
5.2292563e-09
6.0796562e-09
5.0330421e-09
4.5401582e-09
4.6639645e-09
2.3464888e-09
2.6859842e-09
4.136366e-09
5.3607081e-09
6.1381708e-09
6.6615593e-09
7.4299666e-09
8.0251786e-09
8.1530407e-09
8.7940787e-09
9.5584227e-09
1.0919728e-08
1.1155621e-08
1.3670945e-08
1.5123838e-08
1.5372841e-08
1.5493611e-08
1.5845993e-08
1.6694995e-08
1.7059411e-08
1.4625152e-08
1.5162837e-09
1.5112589e-09
1.5074849e-09
1.5050588e-09
1.5057635e-09
1.5084045e-09
1.5126179e-09
1.5132617e-09
1.5100573e-09
1.499051e-09
1.4825073e-09
1.46886e-09
1.4564838e-09
1.4309304e-09
1.4473199e-09
1.4690095e-09
1.4788672e-09
1.4888537e-09
1.487345e-09
1.4379861e-09
1.4985576e-09
1.6155306e-09
1.7475191e-09
1.7624356e-09
1.7309505e-09
1.7723003e-09
1.8278068e-09
1.8767509e-09
1.9516926e-09
2.044702e-09
2.1211086e-09
2.1226377e-09
1.8618813e-09
1.8479506e-09
2.4460914e-09
2.5833517e-09
3.4283552e-09
4.6305034e-09
5.1770272e-09
5.1022652e-09
5.5429292e-09
4.852825e-09
4.6249065e-09
4.1639961e-09
3.3817361e-09
2.0690947e-09
3.036496e-09
4.6396998e-09
5.9728545e-09
7.2993773e-09
7.8804876e-09
8.4781355e-09
8.7306776e-09
9.1248988e-09
1.0291269e-08
1.1835936e-08
1.290674e-08
1.1592022e-08
1.39092e-08
1.5349449e-08
1.5239309e-08
1.5818534e-08
1.6923053e-08
1.5179503e-09
1.5128511e-09
1.5089555e-09
1.5062498e-09
1.5067979e-09
1.5092605e-09
1.5135466e-09
1.5145328e-09
1.5119305e-09
1.5020319e-09
1.4859131e-09
1.471705e-09
1.4575128e-09
1.4297837e-09
1.4561426e-09
1.4825448e-09
1.4780082e-09
1.4872113e-09
1.4911484e-09
1.4492231e-09
1.4821676e-09
1.6110898e-09
1.7235622e-09
1.7879924e-09
1.7325641e-09
1.7736872e-09
1.8302964e-09
1.8777715e-09
1.948534e-09
2.0534486e-09
2.1425982e-09
2.1778841e-09
2.0458999e-09
1.930834e-09
2.3341353e-09
2.6425403e-09
3.3717131e-09
4.7422216e-09
5.6172691e-09
5.1916218e-09
4.4497539e-09
5.1398517e-09
5.3435214e-09
5.3057119e-09
4.7442176e-09
4.0237323e-09
3.4435401e-09
2.1476049e-09
2.8697847e-09
4.5806149e-09
6.0232677e-09
7.4637858e-09
8.4686267e-09
9.2506398e-09
9.9748437e-09
1.0940258e-08
1.1987501e-08
1.2366559e-08
1.2724869e-08
1.0810371e-08
1.2866647e-08
1.4832517e-08
1.519624e-09
1.5144748e-09
1.5104655e-09
1.5074884e-09
1.5078885e-09
1.5101472e-09
1.5144239e-09
1.5157968e-09
1.5136682e-09
1.5047724e-09
1.4892833e-09
1.4747058e-09
1.4587232e-09
1.4297507e-09
1.4609423e-09
1.489975e-09
1.4854018e-09
1.4849596e-09
1.4916772e-09
1.4598008e-09
1.4657174e-09
1.6004737e-09
1.7042779e-09
1.8073572e-09
1.7353051e-09
1.7760656e-09
1.830086e-09
1.8793662e-09
1.945874e-09
2.0578777e-09
2.1544874e-09
2.213642e-09
2.1639498e-09
2.0123711e-09
2.1272712e-09
2.4285315e-09
3.1837821e-09
4.6806443e-09
5.8442198e-09
5.7063993e-09
4.415966e-09
4.3186929e-09
5.3212712e-09
6.1354877e-09
6.2735124e-09
5.9226498e-09
4.3719482e-09
3.4894972e-09
3.3098195e-09
2.2937866e-09
2.3487481e-09
3.7754994e-09
5.9479091e-09
7.1543269e-09
9.2237042e-09
1.0252455e-08
1.0981052e-08
1.0834088e-08
1.1353506e-08
1.1789564e-08
1.2931079e-08
1.0822486e-08
1.5213067e-09
1.5161295e-09
1.5120157e-09
1.5087726e-09
1.5090255e-09
1.5109976e-09
1.5150288e-09
1.5159116e-09
1.5136782e-09
1.5062912e-09
1.4926025e-09
1.4779518e-09
1.4595898e-09
1.4304622e-09
1.4647489e-09
1.4934163e-09
1.4932287e-09
1.4886005e-09
1.493674e-09
1.4702879e-09
1.4609139e-09
1.5878046e-09
1.6907701e-09
1.8245177e-09
1.737831e-09
1.7770869e-09
1.8316245e-09
1.8792982e-09
1.9467524e-09
2.060072e-09
2.1649852e-09
2.2537459e-09
2.227896e-09
2.1285427e-09
2.2751249e-09
2.1623543e-09
3.0331083e-09
4.6081689e-09
5.7484091e-09
5.9277711e-09
4.6369174e-09
4.3132959e-09
4.5668702e-09
5.7036778e-09
6.7356364e-09
7.0958508e-09
5.6497319e-09
4.2272266e-09
3.7508786e-09
3.5764702e-09
3.4137043e-09
2.8231459e-09
2.5796403e-09
3.1584296e-09
5.7058555e-09
7.3580143e-09
8.8084207e-09
1.057441e-08
1.527828e-09
1.5229959e-09
1.5178095e-09
1.5136007e-09
1.5100947e-09
1.5100972e-09
1.5109695e-09
1.510984e-09
1.5080408e-09
1.5117665e-09
1.5107971e-09
1.4978815e-09
1.4818249e-09
1.4602434e-09
1.4320948e-09
1.4671329e-09
1.4937176e-09
1.495186e-09
1.4946954e-09
1.4992852e-09
1.4788898e-09
1.4583132e-09
1.5755497e-09
1.6781366e-09
1.8368706e-09
1.7417638e-09
1.7780823e-09
1.8314388e-09
1.8788513e-09
1.9446359e-09
2.0651135e-09
2.1701985e-09
2.2741421e-09
2.2837155e-09
2.2810593e-09
2.3821946e-09
2.1416334e-09
2.8711967e-09
4.511575e-09
5.7348165e-09
6.034501e-09
4.5885285e-09
4.2637721e-09
4.6623493e-09
5.3329348e-09
6.8262151e-09
7.5675527e-09
6.3579831e-09
4.6278037e-09
4.3216527e-09
4.5913716e-09
5.1137987e-09
5.3635924e-09
4.5560731e-09
3.6463616e-09
3.1601028e-09
3.157851e-09
3.7911278e-09
6.5449397e-09
1.5293377e-09
1.5246816e-09
1.5194998e-09
1.515207e-09
1.5113947e-09
1.5098064e-09
1.4974497e-09
1.4913856e-09
1.5177064e-09
1.5289494e-09
1.5181485e-09
1.5027195e-09
1.4854298e-09
1.4604227e-09
1.4369649e-09
1.4695971e-09
1.4916975e-09
1.4933449e-09
1.4923605e-09
1.497722e-09
1.4845549e-09
1.474685e-09
1.5586789e-09
1.6717627e-09
1.8454218e-09
1.746985e-09
1.7784414e-09
1.8313794e-09
1.8781048e-09
1.9425202e-09
2.0661292e-09
2.1810031e-09
2.2955083e-09
2.334687e-09
2.3913609e-09
2.449502e-09
2.0992955e-09
2.676058e-09
4.4487689e-09
5.7534326e-09
6.2166232e-09
4.6475399e-09
4.2383674e-09
4.5020549e-09
5.5424754e-09
7.1330074e-09
8.188641e-09
7.5881046e-09
5.3527361e-09
4.4091311e-09
4.7108602e-09
6.0655473e-09
7.4433755e-09
8.210196e-09
6.5306122e-09
5.1873367e-09
4.6163035e-09
4.2034053e-09
3.7433356e-09
1.5308285e-09
1.5263582e-09
1.5211904e-09
1.5168249e-09
1.5118837e-09
1.4976858e-09
1.47805e-09
1.5197095e-09
1.5478264e-09
1.5340697e-09
1.5212548e-09
1.5069771e-09
1.4887699e-09
1.4611405e-09
1.440942e-09
1.4728479e-09
1.4913388e-09
1.4953649e-09
1.4896505e-09
1.4956424e-09
1.4979919e-09
1.4853764e-09
1.5322806e-09
1.6678392e-09
1.8490707e-09
1.7546187e-09
1.7783783e-09
1.8307814e-09
1.877275e-09
1.9411093e-09
2.0695242e-09
2.1886824e-09
2.3094952e-09
2.3746384e-09
2.4689955e-09
2.4597237e-09
2.0551795e-09
2.4545109e-09
4.1976818e-09
5.6936834e-09
6.2550031e-09
4.7742178e-09
4.4620524e-09
4.7025218e-09
5.2096551e-09
6.8701883e-09
8.3168801e-09
8.3987956e-09
7.2490738e-09
5.0498773e-09
4.3255136e-09
5.9416558e-09
8.2224412e-09
9.4712651e-09
8.9016588e-09
7.7806039e-09
7.542603e-09
1.5322982e-09
1.5280242e-09
1.5228756e-09
1.5184333e-09
1.511154e-09
1.4848667e-09
1.5043092e-09
1.5382947e-09
1.5508508e-09
1.5334689e-09
1.5238619e-09
1.5104517e-09
1.4916436e-09
1.4605534e-09
1.447157e-09
1.4769579e-09
1.4958298e-09
1.4980996e-09
1.500497e-09
1.5082652e-09
1.5158241e-09
1.4897661e-09
1.5196159e-09
1.6633183e-09
1.8434925e-09
1.7650793e-09
1.7780693e-09
1.8305057e-09
1.8756718e-09
1.9389222e-09
2.0721545e-09
2.1943748e-09
2.3246221e-09
2.3945662e-09
2.5289632e-09
2.5365568e-09
2.23593e-09
2.3123322e-09
3.9660304e-09
5.6168123e-09
6.237218e-09
4.7100515e-09
4.5000552e-09
4.9880517e-09
5.6628048e-09
6.4742073e-09
7.9264438e-09
8.5692789e-09
8.3477073e-09
7.0276883e-09
4.7436512e-09
4.2548416e-09
6.2711025e-09
8.352385e-09
9.1293212e-09
1.5337671e-09
1.5296825e-09
1.5245558e-09
1.5200708e-09
1.5122805e-09
1.4859636e-09
1.509329e-09
1.5397385e-09
1.5470393e-09
1.5334018e-09
1.5260452e-09
1.5142037e-09
1.494337e-09
1.4602411e-09
1.4488629e-09
1.4789848e-09
1.5003665e-09
1.5082035e-09
1.5085174e-09
1.5180705e-09
1.5280305e-09
1.4966583e-09
1.5120646e-09
1.6578396e-09
1.8345203e-09
1.776048e-09
1.7775189e-09
1.8305246e-09
1.872967e-09
1.9360805e-09
2.0729721e-09
2.1991755e-09
2.3379599e-09
2.4164444e-09
2.5696063e-09
2.6608877e-09
2.3038832e-09
2.2219055e-09
3.7594071e-09
5.4619323e-09
6.1255934e-09
4.6688723e-09
4.505472e-09
5.1027425e-09
5.7564154e-09
6.5170218e-09
7.8753633e-09
8.5638205e-09
8.5605373e-09
8.3148783e-09
5.9743382e-09
4.3816877e-09
4.7284369e-09
7.9305824e-09
9.8662131e-09
1.5352302e-09
1.5313273e-09
1.5262284e-09
1.5217582e-09
1.5146666e-09
1.4928119e-09
1.50872e-09
1.5366472e-09
1.5464956e-09
1.5344152e-09
1.5278457e-09
1.5165504e-09
1.4960782e-09
1.4571408e-09
1.450839e-09
1.4814638e-09
1.5070155e-09
1.5103111e-09
1.5122854e-09
1.5223958e-09
1.5308739e-09
1.5008291e-09
1.502562e-09
1.6539872e-09
1.8243233e-09
1.7864724e-09
1.7766026e-09
1.8303921e-09
1.8685304e-09
1.9291288e-09
2.0848028e-09
2.2137089e-09
2.3572826e-09
2.4712275e-09
2.6107244e-09
2.7556261e-09
2.3040929e-09
2.1525923e-09
3.5779784e-09
5.3437788e-09
6.0753972e-09
4.6325349e-09
4.4719393e-09
5.3515287e-09
6.058666e-09
6.3489023e-09
7.5398041e-09
8.669206e-09
8.6875975e-09
8.2753185e-09
7.047215e-09
4.9515287e-09
4.4886456e-09
1.5366844e-09
1.5329551e-09
1.527894e-09
1.5234501e-09
1.5181536e-09
1.5044852e-09
1.5039297e-09
1.5291192e-09
1.549372e-09
1.5380328e-09
1.5298385e-09
1.5190037e-09
1.4965879e-09
1.450126e-09
1.4579361e-09
1.4931289e-09
1.5154801e-09
1.5057878e-09
1.5104457e-09
1.5213762e-09
1.5311593e-09
1.5082545e-09
1.4987378e-09
1.6516388e-09
1.8153651e-09
1.7953847e-09
1.7748993e-09
1.8291206e-09
1.8636457e-09
1.9134801e-09
2.0802062e-09
2.2169746e-09
2.367951e-09
2.5174795e-09
2.6278796e-09
2.7467837e-09
2.2965433e-09
2.2479715e-09
3.341842e-09
5.2706324e-09
6.031889e-09
4.6493774e-09
4.4805442e-09
5.4998278e-09
6.4389603e-09
6.6778162e-09
7.2477501e-09
8.3492745e-09
8.7426531e-09
8.8427007e-09
7.7249379e-09
5.6409374e-09
4.3615917e-09
1.538125e-09
1.5345612e-09
1.5295539e-09
1.5251388e-09
1.5206274e-09
1.5142034e-09
1.4953401e-09
1.5215946e-09
1.5487602e-09
1.5425532e-09
1.5327103e-09
1.5213624e-09
1.4923956e-09
1.439241e-09
1.4752575e-09
1.5110731e-09
1.5132717e-09
1.5037518e-09
1.5102703e-09
1.5229959e-09
1.5355499e-09
1.5205545e-09
1.4880632e-09
1.6501695e-09
1.8069676e-09
1.8024058e-09
1.7720984e-09
1.8278705e-09
1.8560112e-09
1.8913317e-09
2.0782172e-09
2.2181767e-09
2.3794606e-09
2.5540347e-09
2.6297593e-09
2.7542604e-09
2.4067682e-09
2.3391374e-09
2.8700915e-09
4.9664944e-09
5.9671409e-09
4.6438542e-09
4.4889321e-09
5.6197421e-09
6.4979467e-09
6.7452229e-09
7.250607e-09
7.7961759e-09
8.2185005e-09
8.8352158e-09
8.6187186e-09
7.2570301e-09
5.4044207e-09
1.5395489e-09
1.5361457e-09
1.5312138e-09
1.5268409e-09
1.5224939e-09
1.5183502e-09
1.5013452e-09
1.5128847e-09
1.5436489e-09
1.5499088e-09
1.5357743e-09
1.5194848e-09
1.4765239e-09
1.4421092e-09
1.4961513e-09
1.5273446e-09
1.5026716e-09
1.5033438e-09
1.5167529e-09
1.5282993e-09
1.5390849e-09
1.5230201e-09
1.4816507e-09
1.6478814e-09
1.7984044e-09
1.8077755e-09
1.7692261e-09
1.827733e-09
1.851037e-09
1.8560873e-09
2.0570591e-09
2.2449284e-09
2.4215105e-09
2.5819415e-09
2.6173908e-09
2.7939414e-09
2.4808049e-09
2.2885532e-09
2.598584e-09
4.7651385e-09
5.9583262e-09
4.6302853e-09
4.4713795e-09
5.6716838e-09
6.6211173e-09
6.9198854e-09
7.2072541e-09
7.3093466e-09
7.997055e-09
8.8894509e-09
8.8644921e-09
7.6521616e-09
6.3217124e-09
1.5409496e-09
1.5377063e-09
1.5328762e-09
1.5285571e-09
1.5242832e-09
1.5210438e-09
1.5111954e-09
1.5046154e-09
1.5365151e-09
1.5516627e-09
1.522225e-09
1.4888248e-09
1.4356764e-09
1.4722532e-09
1.5180221e-09
1.5115605e-09
1.4998112e-09
1.5048993e-09
1.5185566e-09
1.5309922e-09
1.5394695e-09
1.5248905e-09
1.4849132e-09
1.6402969e-09
1.7930461e-09
1.8100243e-09
1.7674296e-09
1.8258171e-09
1.8546476e-09
1.8356201e-09
1.981264e-09
2.2111282e-09
2.4315929e-09
2.5771642e-09
2.6076482e-09
2.8167731e-09
2.4701998e-09
2.2179972e-09
2.5806407e-09
4.7136173e-09
6.0466226e-09
4.6677101e-09
4.4709494e-09
5.6701502e-09
6.690937e-09
7.0424127e-09
7.1310244e-09
7.02611e-09
1.5392434e-09
1.5345466e-09
1.5302907e-09
1.5260805e-09
1.5229617e-09
1.5179439e-09
1.5006129e-09
1.5244966e-09
1.5241723e-09
1.472418e-09
1.4177473e-09
1.3379516e-09
1.3996199e-09
1.4988135e-09
1.5068634e-09
1.4994875e-09
1.5087496e-09
1.5207376e-09
1.5325966e-09
1.5405864e-09
1.5288517e-09
1.4793635e-09
1.6391456e-09
1.7909844e-09
1.807508e-09
1.7626589e-09
1.8271425e-09
1.870724e-09
1.8697882e-09
1.8499907e-09
2.1082045e-09
2.3603227e-09
2.5254613e-09
2.6056922e-09
2.8262621e-09
2.5312836e-09
2.2779257e-09
2.6476264e-09
4.755578e-09
6.135014e-09
4.8508833e-09
4.6899261e-09
5.7612799e-09
6.8442469e-09
1.5362238e-09
1.5320365e-09
1.5278647e-09
1.5245081e-09
1.5220963e-09
1.5023802e-09
1.5019069e-09
1.4823618e-09
1.4189878e-09
1.1976053e-09
9.9862925e-10
1.0818133e-09
1.3470383e-09
1.5265726e-09
1.5107788e-09
1.5158933e-09
1.5271475e-09
1.535384e-09
1.5419664e-09
1.5311382e-09
1.4959386e-09
1.673023e-09
1.8281072e-09
1.8166822e-09
1.7560726e-09
1.8213416e-09
1.8809332e-09
1.9302217e-09
1.9552326e-09
2.0241718e-09
2.201916e-09
2.4047899e-09
2.6188308e-09
2.855463e-09
2.594931e-09
2.3325341e-09
2.7959582e-09
5.185581e-09
6.7969326e-09
5.470159e-09
5.3686965e-09
6.5416192e-09
7.8809452e-09
1.5337885e-09
1.5296242e-09
1.5259384e-09
1.5249317e-09
1.5094281e-09
1.4779223e-09
1.4444572e-09
1.2979672e-09
9.030769e-10
1.1038023e-09
1.3778802e-09
1.8720727e-09
1.6147189e-09
1.5411853e-09
1.520786e-09
1.5281778e-09
1.5427068e-09
1.5652245e-09
1.5906904e-09
1.616015e-09
1.8342358e-09
2.0123537e-09
1.8829424e-09
1.7627208e-09
1.8169786e-09
1.8819675e-09
1.950076e-09
2.0384418e-09
2.1360078e-09
2.2606991e-09
2.4208648e-09
2.6445556e-09
2.9337705e-09
2.7915012e-09
2.5934276e-09
3.2068377e-09
6.0920606e-09
8.2636927e-09
6.6642419e-09
6.4932039e-09
7.9237883e-09
9.4658106e-09
1.5313487e-09
1.5273553e-09
1.5269615e-09
1.5193417e-09
1.4756789e-09
1.4499172e-09
1.2452051e-09
9.9257894e-10
1.395731e-09
1.5328137e-09
1.8082134e-09
1.7706679e-09
1.5486638e-09
1.5343093e-09
1.5267081e-09
1.5411003e-09
1.5604825e-09
1.5797107e-09
1.6143632e-09
1.8528659e-09
2.0379822e-09
1.91678e-09
1.7737943e-09
1.827243e-09
1.8877988e-09
1.9643246e-09
2.0635656e-09
2.1706136e-09
2.2897092e-09
2.4242444e-09
2.6236468e-09
2.9033545e-09
2.7887232e-09
2.5980826e-09
3.2011566e-09
6.0990993e-09
8.6587777e-09
6.9211764e-09
6.6914407e-09
1.5287729e-09
1.5285351e-09
1.5251142e-09
1.4895531e-09
1.4831104e-09
1.2923383e-09
1.1173174e-09
1.4603258e-09
1.5272167e-09
1.5445411e-09
1.8850096e-09
1.5646904e-09
1.5595158e-09
1.5354166e-09
1.5304496e-09
1.5367804e-09
1.511821e-09
1.4885997e-09
1.6710904e-09
1.8328795e-09
1.8191011e-09
1.7660357e-09
1.8307325e-09
1.8955182e-09
1.9597663e-09
2.05198e-09
2.1605861e-09
2.2763658e-09
2.3912806e-09
2.5514116e-09
2.774746e-09
2.5469241e-09
2.2450527e-09
2.6675779e-09
4.8830849e-09
6.7813622e-09
5.425056e-09
1.3109954e-09
1.6059805e-09
1.5161318e-09
1.5084949e-09
1.5730394e-09
2.0435529e-09
1.4880985e-09
1.57117e-09
1.5339975e-09
1.5342379e-09
1.5087359e-09
1.4733173e-09
1.6503223e-09
1.8104047e-09
1.8062734e-09
1.7613822e-09
1.824167e-09
1.8827397e-09
1.9442247e-09
2.0334491e-09
2.1380273e-09
2.2482684e-09
2.3636522e-09
2.5166301e-09
2.7462969e-09
2.5316161e-09
2.1828265e-09
2.4099887e-09
4.4713807e-09
6.1284401e-09
4.7415957e-09
1.4609287e-09
1.3333707e-09
1.5981209e-09
1.4643805e-09
1.5075507e-09
1.6750347e-09
2.1685524e-09
1.4703965e-09
1.5589277e-09
1.5309014e-09
1.5004754e-09
1.4959461e-09
1.6464976e-09
1.812996e-09
1.7966605e-09
1.7576291e-09
1.8238481e-09
1.8807315e-09
1.9412917e-09
2.0282461e-09
2.1304277e-09
2.2373415e-09
2.3487216e-09
2.4965142e-09
2.6786297e-09
2.4721134e-09
2.2034567e-09
2.3915008e-09
4.4593873e-09
1.4601374e-09
1.5301189e-09
1.8379354e-09
1.9539547e-09
1.4938841e-09
1.5433571e-09
1.4874842e-09
1.5330554e-09
1.6510851e-09
1.7704214e-09
1.6764275e-09
1.7501474e-09
1.8328938e-09
1.871868e-09
1.9366029e-09
2.0249017e-09
2.124193e-09
2.2237263e-09
2.3297371e-09
2.4696143e-09
2.6421698e-09
2.3890725e-09
2.1795541e-09
2.5430683e-09
1.5721705e-09
2.011343e-09
1.7661613e-09
1.4518909e-09
1.4659603e-09
1.5002691e-09
1.5710864e-09
1.3336211e-09
1.5836314e-09
1.9043255e-09
1.8118173e-09
1.8653307e-09
1.9352547e-09
2.0136265e-09
2.1127663e-09
2.2111972e-09
2.3104633e-09
2.4445801e-09
2.5944998e-09
2.3651857e-09
2.0986614e-09
2.8237012e-09
1.6673989e-09
2.2431308e-09
1.5731144e-09
1.273887e-09
1.2968301e-09
1.0947304e-09
1.5679369e-09
1.9242052e-09
1.9495965e-09
1.8097239e-09
1.8666399e-09
1.9329809e-09
2.0103902e-09
2.1015435e-09
2.1954627e-09
2.2813195e-09
2.3847365e-09
2.4760236e-09
2.2794113e-09
2.1533518e-09
2.297316e-09
1.6597383e-09
1.5893978e-09
1.6789328e-09
1.8190663e-09
1.8646304e-09
2.0351244e-09
1.937484e-09
1.8636266e-09
1.9351388e-09
2.00904e-09
2.0955448e-09
2.1795003e-09
2.2617212e-09
2.354301e-09
2.3762887e-09
2.175473e-09
1.7606045e-09
1.8813554e-09
1.9524866e-09
2.1165673e-09
1.9403917e-09
1.9347047e-09
2.0057458e-09
2.0829677e-09
2.159516e-09
2.2306875e-09
2.2755612e-09
2.1639562e-09
2.0449687e-09
1.7787713e-09
1.8476668e-09
1.9724965e-09
2.0558913e-09
2.116004e-09
1.9557999e-09
2.0034806e-09
2.0719567e-09
2.1322092e-09
2.172327e-09
2.1846764e-09
2.0493107e-09
1.9280077e-09
2.0770128e-09
2.1370998e-09
2.0306672e-09
2.0041173e-09
2.0572013e-09
2.1114628e-09
2.148225e-09
2.0018688e-09
1.9966226e-09
2.1323812e-09
2.1128686e-09
2.005895e-09
2.0464989e-09
2.0817222e-09
2.0698138e-09
1.8102345e-09
)
;

boundaryField
{
    Side
    {
        type            empty;
    }
    Inlet
    {
        type            calculated;
        value           nonuniform List<scalar> 0();
    }
    Airfoil
    {
        type            compressible::alphatWallFunction;
        value           nonuniform List<scalar> 0();
    }
    Outlet
    {
        type            calculated;
        value           nonuniform List<scalar> 0();
    }
    procBoundary20to1
    {
        type            processor;
        value           nonuniform List<scalar> 
51
(
1.5416212e-09
1.5423184e-09
1.5423184e-09
1.5407546e-09
1.5407546e-09
1.5379063e-09
1.5379063e-09
1.5355314e-09
1.5355314e-09
1.533035e-09
1.533035e-09
1.5301931e-09
1.5298126e-09
1.528528e-09
1.5054205e-09
1.4996854e-09
1.4440775e-09
1.4440775e-09
1.5250659e-09
1.5185695e-09
1.3992477e-09
1.2238207e-09
1.5227798e-09
1.5227798e-09
1.5162853e-09
1.5014344e-09
1.5014344e-09
1.5388535e-09
1.5388535e-09
1.6097851e-09
1.8738286e-09
1.8738286e-09
2.2545285e-09
2.1729461e-09
1.8107656e-09
1.7570725e-09
1.7570725e-09
1.8070298e-09
1.8097597e-09
1.8346789e-09
1.8346789e-09
1.9096646e-09
1.9096646e-09
1.9785982e-09
2.0479562e-09
2.1298308e-09
2.0644194e-09
2.0041519e-09
2.0300655e-09
1.9607199e-09
1.6750622e-09
)
;
    }
    procBoundary20to4
    {
        type            processor;
        value           nonuniform List<scalar> 
66
(
1.7646823e-09
1.7948106e-09
1.9137853e-09
2.0336879e-09
2.0336879e-09
2.115168e-09
2.1751702e-09
2.210803e-09
2.2403979e-09
2.2318092e-09
2.3052921e-09
2.3052921e-09
2.5206824e-09
2.7895148e-09
2.967259e-09
3.0376258e-09
3.0376258e-09
3.1262442e-09
3.3503854e-09
3.3503854e-09
3.5379978e-09
3.8169951e-09
3.8711759e-09
3.8711759e-09
4.0982589e-09
4.4010775e-09
4.3788055e-09
4.3788055e-09
4.6866548e-09
4.9758546e-09
5.2891859e-09
5.6464629e-09
5.9913728e-09
6.2073441e-09
6.4984852e-09
6.4984852e-09
6.6165483e-09
6.7258196e-09
6.9931843e-09
6.9931843e-09
8.2740594e-09
4.2600635e-07
0.00018569043
0.0028751442
0.0074035074
0.0074035074
0.012270472
0.016782978
0.020796848
0.02428943
0.027937757
0.028747546
0.028472629
0.028472629
0.031234784
0.033760262
0.036227607
0.037526846
0.037526846
0.038676869
0.038676869
0.040449377
0.040449377
0.043053284
0.043053284
0.046175343
)
;
    }
    procBoundary20to12
    {
        type            processor;
        value           nonuniform List<scalar> 
17
(
1.6682191e-09
1.7223507e-09
1.6143025e-09
1.6143025e-09
1.2746991e-09
1.3267983e-09
1.4637154e-09
1.5047027e-09
1.5341099e-09
1.5695656e-09
1.5695656e-09
1.3757236e-09
1.4688818e-09
1.5255293e-09
1.5929084e-09
1.4494483e-09
1.4494483e-09
)
;
    }
    procBoundary20to44
    {
        type            processor;
        value           nonuniform List<scalar> 
69
(
1.3103624e-09
1.3267403e-09
1.3512591e-09
1.3716285e-09
1.3849263e-09
1.3849263e-09
1.4132282e-09
1.4164966e-09
1.4217056e-09
1.4204531e-09
1.427296e-09
1.5300056e-09
1.6794745e-09
1.6794745e-09
1.5505693e-09
1.456343e-09
1.4353642e-09
1.4298474e-09
1.4307346e-09
1.4308046e-09
1.4316578e-09
1.4328848e-09
1.4328848e-09
1.4317009e-09
1.4332923e-09
1.4350113e-09
1.4366612e-09
1.4380673e-09
1.4380673e-09
1.4427584e-09
1.4427584e-09
1.4565848e-09
1.4591098e-09
1.4591098e-09
1.4804786e-09
1.5005467e-09
1.4965818e-09
1.4834161e-09
1.4834161e-09
1.5012144e-09
1.5018692e-09
1.5025025e-09
1.5025025e-09
1.4980672e-09
1.4979057e-09
1.4996424e-09
1.4996424e-09
1.5024945e-09
1.5038403e-09
1.5052322e-09
1.5066733e-09
1.5129769e-09
1.5081636e-09
1.5081636e-09
1.5202272e-09
1.5217637e-09
1.5232846e-09
1.5247974e-09
1.5263109e-09
1.5263109e-09
1.5300813e-09
1.5313279e-09
1.5325893e-09
1.5338546e-09
1.5351191e-09
1.5363939e-09
1.53768e-09
1.5389795e-09
1.5402964e-09
)
;
    }
    procBoundary20to52
    {
        type            processor;
        value           nonuniform List<scalar> 
93
(
0.047197794
0.048442591
0.050120307
0.047938594
0.047938594
0.047918034
0.045016984
0.045016984
0.045600301
0.046296091
0.043917881
0.043917881
0.038422341
0.038422341
0.040803569
0.036884081
0.036884081
0.036317765
0.034700601
0.03042102
0.03042102
0.029040365
0.028677792
0.021798177
0.021798177
0.022091233
0.013071705
0.013071705
0.011809491
0.0030940639
0.0030940639
0.0018375116
1.1317551e-07
1.1317551e-07
1.482709e-08
1.482709e-08
1.6688991e-08
1.6688991e-08
1.1028819e-08
1.1208587e-08
1.1605193e-08
1.3381051e-08
1.2317162e-08
1.1028819e-08
8.1249785e-09
7.8840121e-09
3.7109855e-09
6.3569628e-09
8.3683548e-09
7.8840121e-09
8.2616211e-09
8.3683548e-09
6.7718982e-09
7.9995742e-09
1.0968262e-08
6.7718982e-09
4.9159163e-09
5.0880603e-09
7.7439257e-09
8.9987872e-09
9.4281741e-09
8.7485389e-09
5.5269402e-09
6.9286979e-09
7.2192047e-09
7.5265822e-09
7.7439257e-09
7.3479892e-09
7.2192047e-09
8.4507363e-09
8.1515749e-09
1.017046e-08
9.6738166e-09
8.1515749e-09
5.2630777e-09
5.2630777e-09
6.0790674e-09
4.5945888e-09
4.6054267e-09
6.0790674e-09
4.6295871e-09
4.6295871e-09
4.8931774e-09
3.0956584e-09
3.0956584e-09
2.1603279e-09
2.1603279e-09
2.3398631e-09
2.0240948e-09
2.0240948e-09
1.7918581e-09
1.7918581e-09
1.6898014e-09
)
;
    }
}


// ************************************************************************* //
