/*--------------------------------*- C++ -*----------------------------------*\
| =========                 |                                                 |
| \\      /  F ield         | OpenFOAM: The Open Source CFD Toolbox           |
|  \\    /   O peration     | Version:  2506                                  |
|   \\  /    A nd           | Website:  www.openfoam.com                      |
|    \\/     M anipulation  |                                                 |
\*---------------------------------------------------------------------------*/
FoamFile
{
    version     2.0;
    format      ascii;
    arch        "LSB;label=32;scalar=64";
    class       surfaceScalarField;
    location    "2.65";
    object      phi;
}
// * * * * * * * * * * * * * * * * * * * * * * * * * * * * * * * * * * * * * //

dimensions      [1 0 -1 0 0 0 0];

oriented        oriented;

internalField   nonuniform List<scalar> 
2660
(
-0.19703297
2.5991781
-0.29403217
2.7140742
-0.39021369
2.8354964
-0.48538596
2.9622922
-0.57943809
3.0954723
3.2366559
-0.10080497
2.5946685
-0.1988963
2.6972942
-0.29636017
2.8115613
-0.39296356
2.93212
-0.48853685
3.0578832
-0.58296749
3.1899193
-0.67619394
3.3298991
-0.76810415
3.4794253
-0.85859561
3.639942
-0.94758268
3.8127928
-1.03497
3.9992308
-1.1206431
4.2005028
-1.2044909
4.4178757
-1.2863988
4.6527001
-1.3661298
4.9063605
-1.4434611
5.1803999
-1.5182333
5.4763658
-1.590284
5.7960081
6.1411952
-0.1023167
2.6939592
-0.2010299
2.7960146
-0.29906195
2.9096009
-0.39619097
3.0292583
-0.49226752
3.1539752
-0.58719303
3.2848688
-0.68089939
3.4236375
-0.77327215
3.5718348
-0.86423349
3.7309416
-0.95367963
3.9022742
-1.0415141
4.0870887
-1.1276335
4.2866276
-1.211889
4.5021406
-1.2941155
4.7349466
-1.3741706
4.9864475
-1.4518517
5.258099
-1.5269815
5.5515006
-1.5993104
5.8683545
-1.6685688
6.2105017
-1.7346178
6.5799824
-1.7973293
6.9789667
-1.8565042
7.4098429
-1.9115676
7.8750397
-1.9619491
8.3772142
-2.0075407
8.9197606
-2.0480999
9.505737
10.138584
-0.10286942
2.7939361
-0.20230458
2.8954419
-0.30104179
3.0083332
-0.39884581
3.1270592
-0.49556971
3.2506983
-0.59112638
3.3804277
-0.68543431
3.5179503
-0.77842178
3.6648298
-0.86997687
3.8225099
-0.95998324
3.9922992
-1.0483284
4.1754493
-1.1348845
4.3731947
-1.2195388
4.5868023
-1.3021457
4.8175861
-1.3825869
5.0669084
-1.4606588
5.3361813
-1.5361172
5.627025
-1.6087809
5.9410826
-1.6784552
6.2802072
-1.7448183
6.646382
-1.807639
7.0417954
-1.8665699
7.4687715
-1.9214641
7.9299237
-1.9721603
8.4279497
-2.0180454
8.9656935
-2.0586294
9.5463631
-2.0935179
10.173474
-2.1224115
10.850841
-2.1449962
11.58246
-2.1607519
12.372467
-2.1689475
13.225666
-2.1691582
14.147426
-2.1605184
15.142956
16.218536
-0.10295087
2.8945871
-0.20312861
2.9956126
-0.30262143
3.1078185
-0.40116151
3.2255879
-0.49858802
3.3481074
-0.59480324
3.4766197
-0.68972094
3.6128419
-0.78329439
3.7583777
-0.87543814
3.9146297
-0.96604931
4.082893
-1.0550019
4.2644048
-1.1421493
4.4603686
-1.2273537
4.6720412
-1.3104716
4.9007348
-1.3913313
5.1478143
-1.4697725
5.4146792
-1.5456441
5.7029102
-1.6187302
6.0141735
-1.688795
6.3502876
-1.755573
6.7131844
-1.8187752
7.105031
-1.8781495
7.5281663
-1.933336
7.9851042
-1.9840103
8.4786339
-2.0298685
9.011575
-2.0705158
9.5870843
-2.105495
10.208526
-2.1343639
10.879712
-2.1565871
11.60475
-2.1720599
12.388054
-2.1802419
13.233871
-2.1801913
14.147398
-2.1713531
15.134202
-2.1529665
16.200197
-2.1242904
17.351127
-2.0845246
18.593832
-2.0327488
19.935748
21.384654
-0.10249277
2.9958374
-0.2033658
3.0964872
-0.30360532
3.2080583
-0.40290973
3.3248889
-0.50110025
3.4462895
-0.59806724
3.5735738
-0.69371363
3.7084725
-0.78794425
3.8525917
-0.88068814
4.0073585
-0.97185933
4.1740517
-1.0613426
4.3538776
-1.1490266
4.5480399
-1.2347899
4.7577887
-1.3184664
4.9844
-1.399878
5.2292254
-1.4788526
5.4936609
-1.5551877
5.7792543
-1.6286652
6.0876656
-1.6990545
6.4206934
-1.7661781
6.7803088
-1.8297598
7.1686017
-1.8894438
7.5878743
-1.9448605
8.0405693
-1.9957007
8.5294899
-2.041592
9.0574833
-2.082329
9.6278505
-2.1178407
10.244064
-2.14731
10.909273
-2.1700347
11.627554
-2.1853863
12.403397
-2.1930898
13.241557
-2.1927588
14.147141
-2.1835722
15.125102
-2.1646797
16.181318
-2.1353467
17.321818
-2.0949174
18.553423
-2.0425277
19.883383
-1.9772402
21.319378
-1.8975646
22.869909
-1.8022985
24.545096
26.353726
-0.102133
3.097584
-0.20359127
3.1979447
-0.30448037
3.3089461
-0.40446869
3.4248768
-0.50334606
3.5451669
-0.60099529
3.6712232
-0.69733004
3.8048073
-0.79226927
3.9475306
-0.88571665
4.100805
-0.97757895
4.2659131
-1.0677618
4.4440604
-1.1561247
4.6364039
-1.2425164
4.8441795
-1.3267997
5.0686757
-1.4087987
5.3112124
-1.4883357
5.57319
-1.5651835
5.8561027
-1.6391083
6.161599
-1.7098817
6.491481
-1.7772589
6.8477019
-1.8410195
7.2323767
-1.9009506
7.6478143
-1.9568615
8.0964843
-2.0082472
8.5808918
-2.0547942
9.104055
-2.0959414
9.6689994
-2.1309836
10.27912
-2.1601659
10.938456
-2.1829692
11.65035
-2.1988137
12.419235
-2.2067904
13.249568
-2.2065146
14.146958
-2.1971559
15.115724
-2.1778892
16.161967
-2.1480166
17.291869
-2.1068567
18.512191
-2.0534074
19.829923
-1.9869086
21.252875
-1.9067507
22.789751
-1.8109249
24.449264
-1.6980529
26.241061
-1.5667875
28.177166
-1.4158968
30.267583
32.526909
-0.10243158
3.1997832
-0.2043121
3.2998318
-0.30563275
3.4102755
-0.4060753
3.5253325
-0.50543066
3.6445396
-0.60358135
3.7693936
-0.70045065
3.9016964
-0.79596546
4.0430628
-0.89005119
4.1949041
-0.98258623
4.3584566
-1.0734346
4.5349134
-1.1624842
4.7254552
-1.2496083
4.9313027
-1.3346217
5.1536852
-1.4173198
5.3939068
-1.4974915
5.6533638
-1.5749475
5.9335653
-1.6494928
6.2361492
-1.720922
6.5629161
-1.7890024
6.9157976
-1.8534878
7.2968774
-1.913977
7.7083168
-1.9700454
8.1525558
-2.0214784
8.6323069
-2.0680898
9.1506501
-2.1092443
9.7101652
-2.1451199
10.315031
-2.1745367
10.967905
-2.1972839
11.673027
-2.2128002
12.434764
-2.2206319
13.257427
-2.2197724
14.146026
-2.2097509
15.105659
-2.1900646
16.142248
-2.1599268
17.261625
-2.1183478
18.470481
-2.0644866
19.77602
-1.9975816
21.18595
-1.9163475
22.70847
-1.8199178
24.352872
-1.7065999
26.127957
-1.5747253
28.04553
-1.4231132
30.116134
-1.2509108
32.354565
-1.0556242
34.770582
37.382825
-0.10253427
3.3024066
-0.20479539
3.402094
-0.30650072
3.5119815
-0.40734374
3.6261789
-0.50712288
3.7443236
-0.60571689
3.8679918
-0.70304429
3.999026
-0.79901748
4.1390344
-0.89355455
4.2894346
-0.98659896
4.4514919
-1.0780404
4.6263446
-1.1677144
4.8151169
-1.2554066
5.0189849
-1.3409668
5.2392422
-1.4242429
5.4771873
-1.5050487
5.7341674
-1.5831708
6.0116618
-1.6583533
6.3112976
-1.7303028
6.6348442
-1.798755
6.984188
-1.8633869
7.3614884
-1.9241311
7.7690925
-1.9807779
8.2092054
-2.0329945
8.6845578
-2.0801811
9.1978518
-2.1220696
9.7520395
-2.1578889
10.350828
-2.1874942
10.997525
-2.2103919
11.695972
-2.2259716
12.450324
-2.2335705
13.26503
-2.2325742
14.145105
-2.2224856
15.095606
-2.2025503
16.122283
-2.1721652
17.231143
-2.1303584
18.428599
-2.0761133
19.721685
-2.0086113
21.118408
-1.9266975
22.626613
-1.8294822
24.255703
-1.7155758
26.014207
-1.5830224
27.913205
-1.430628
29.963896
-1.2575593
32.181423
-1.0614328
34.574269
-0.8397871
37.160956
-0.59112072
39.948547
42.972667
-0.10313238
3.4054073
-0.2056705
3.5046152
-0.30758822
3.6138823
-0.40863371
3.7272089
-0.50863904
3.8443102
-0.60749373
3.9668221
-0.70511171
4.0966171
-0.80145014
4.2353422
-0.89639872
4.384351
-0.98983368
4.5448957
-1.0816564
4.7181358
-1.1717727
4.9052121
-1.2600389
5.1072329
-1.346242
5.3254134
-1.4300673
5.5609644
-1.5112997
5.8153651
-1.5897523
6.0901154
-1.6652619
6.3868202
-1.7376407
6.7072288
-1.806634
7.0532296
-1.8720393
7.426922
-1.9334543
7.8304812
-1.9905676
8.2663232
-2.0430763
8.737054
-2.0906313
9.2454111
-2.1329818
9.7944265
-2.1693545
10.387221
-2.1994145
11.027618
-2.2226584
11.71927
-2.2385666
12.466309
-2.2465876
13.273132
-2.2459883
14.144553
-2.2360122
15.085683
-2.2158895
16.102193
-2.1850784
17.200309
-2.1428468
18.38633
-2.0882495
19.667101
-2.0201186
21.050252
-1.9375001
22.54387
-1.8388935
24.157041
-1.7239438
25.899403
-1.5910328
27.780511
-1.4382619
29.811307
-1.2643404
32.007516
-1.0673072
34.377013
-0.84428601
36.937753
-0.59428907
39.69855
-0.31569986
42.694079
45.928777
-0.10473062
3.5090348
-0.20781156
3.6076742
-0.31021798
3.7162657
-0.41173516
3.8286981
-0.51219285
3.9447407
-0.61147321
4.0660825
-0.70947914
4.1946044
-0.80610647
4.3319538
-0.90128093
4.4795163
-0.99489795
4.6385088
-1.0868538
4.8100826
-1.1770322
4.9953592
-1.2653286
5.1955024
-1.3516361
5.4116873
-1.4358504
5.6451399
-1.5177213
5.897174
-1.5968452
6.1691787
-1.6730237
6.4629707
-1.7459745
6.7801665
-1.8154975
7.1227463
-1.8812887
7.4926988
-1.9430993
7.8922918
-2.0006254
8.3238448
-2.0535333
8.7899638
-2.1014945
9.293373
-2.1440819
9.8370487
-2.1808532
10.424033
-2.2113048
11.058076
-2.2349021
11.742899
-2.2510719
12.482557
-2.2591838
13.281318
-2.2586556
14.144053
-2.2489452
15.075989
-2.2291848
16.082505
-2.198393
17.169613
-2.1558208
18.343747
-2.1008543
19.612022
-2.0322971
20.981623
-1.949296
22.460853
-1.850478
24.058273
-1.7343141
25.783371
-1.5998912
27.646251
-1.446259
29.657852
-1.2712454
31.832563
-1.0731943
34.178667
-0.84907482
36.713462
-0.59752619
39.446998
-0.3175849
42.414092
45.616284
-0.10626751
3.6133466
-0.20994318
3.7113362
-0.31289719
3.8192066
-0.41493383
3.9307224
-0.51590764
4.0457015
-0.61570989
4.1658693
-0.71424977
4.2931308
-0.81142396
4.4291196
-0.90713037
4.5752157
-1.0012523
4.7326196
-1.0936663
4.9024806
-1.1842271
5.0859063
-1.2728048
5.2840348
-1.3591779
5.498023
-1.4432367
5.729192
-1.5249147
5.9788306
-1.6041279
6.2483589
-1.6805465
6.5393564
-1.7539719
6.8535679
-1.8241034
7.1928489
-1.8906581
7.559214
-1.9529607
7.9545584
-2.0108899
8.3817415
-2.0641348
8.8431612
-2.112334
9.3415511
-2.1551222
9.8798286
-2.1921128
10.461044
-2.2227275
11.088715
-2.2465422
11.766746
-2.2630952
12.499191
-2.2717374
13.290019
-2.2715414
14.143909
-2.2618388
15.066339
-2.2419156
16.062664
-2.2111313
17.138913
-2.1686018
18.301258
-2.1133941
19.556823
-2.0445438
20.91272
-1.960952
22.377165
-1.8614596
23.958736
-1.744862
25.666809
-1.6096133
27.511125
-1.4547438
29.503133
-1.2784997
31.656412
-1.0791176
33.978974
-0.85396336
36.487996
-0.60081076
39.193914
-0.31928924
42.132474
45.302213
-0.10795699
3.7184073
-0.21237707
3.8157581
-0.31605324
3.9228874
-0.41876083
4.0334349
-0.52035601
4.1473019
-0.62073081
4.2662507
-0.7197846
4.3921928
-0.81743386
4.5267771
-0.91359776
4.6713829
-1.0081862
4.8272051
-1.1010752
4.9953677
-1.1921376
5.1769679
-1.2812154
5.3731305
-1.3681701
5.5849906
-1.4527683
5.8137525
-1.5347437
6.0607949
-1.6139662
6.3275921
-1.6902252
6.6155996
-1.7633073
6.9266132
-1.8329619
7.2624792
-1.8989564
7.6252104
-1.9615735
8.0171546
-2.0200803
8.4402302
-2.0737806
8.8968538
-2.1223402
9.3901316
-2.1655102
9.9230102
-2.2029399
10.49848
-2.2340702
11.11986
-2.2581162
11.790835
-2.2746437
12.51577
-2.2833088
13.298726
-2.2832866
14.143992
-2.2739496
15.057104
-2.2545041
16.043257
-2.2238079
17.108302
-2.1812234
18.258729
-2.1258234
19.501399
-2.0567103
20.843541
-1.9727345
22.293152
-1.8727096
23.858682
-1.7553257
25.549344
-1.6195252
27.375345
-1.4636242
29.347364
-1.2859238
31.478783
-1.0850309
33.777797
-0.85896578
36.261496
-0.60483595
38.939867
-0.32150746
41.849068
44.986018
-0.10817354
3.8241948
-0.21337156
3.9209617
-0.31780883
4.0273382
-0.42126027
4.136906
-0.52357264
4.2496372
-0.62465792
4.3673588
-0.72442988
4.4919861
-0.82279509
4.6251646
-0.9196555
4.7682706
-1.0149045
4.9224891
-1.1084188
5.0889243
-1.2000569
5.268649
-1.2896664
5.4627753
-1.3771095
5.6724572
-1.462227
5.8989023
-1.5447861
6.143385
-1.624571
6.4073949
-1.7013633
6.6924289
-1.7749467
7.0002375
-1.8451349
7.3326593
-1.9113799
7.6914692
-1.9734568
8.079268
-2.0313357
8.4980972
-2.0851165
8.9506194
-2.1339751
9.4389609
-2.1772118
9.9662547
-2.2145052
10.53579
-2.2455021
11.150904
-2.2697199
11.8151
-2.2863678
12.532441
-2.2950809
13.307512
-2.2955739
14.144565
-2.2864698
15.048112
-2.2669163
16.023744
-2.2363458
17.077756
-2.193752
18.216199
-2.1382842
19.445957
-2.0688669
20.77413
-1.984455
22.208769
-1.8839036
23.758116
-1.765877
25.431219
-1.6293527
27.238756
-1.4723942
29.190352
-1.2935033
31.299888
-1.0911316
33.575273
-0.86376895
36.033717
-0.60847999
38.684513
-0.32354645
41.564133
44.667888
-0.10868123
3.9307575
-0.21472442
4.0270044
-0.32001635
4.132635
-0.42429653
4.2411997
-0.52737848
4.3527434
-0.62914731
4.4691622
-0.72955247
4.5924332
-0.82849881
4.7241554
-0.92588815
4.8657027
-1.0216211
5.0182604
-1.1155948
5.182932
-1.207729
5.3608156
-1.297891
5.5529709
-1.3858945
5.760495
-1.4715378
5.9845796
-1.5546558
6.2265316
-1.63502
6.4877793
-1.7124295
6.7698523
-1.7866061
7.07444
-1.8572683
7.4033853
-1.9242803
7.7585162
-1.9871419
8.1421575
-2.0453216
8.5563139
-2.0985229
9.0038155
-2.1468658
9.4872998
-2.1900227
10.009426
-2.2274275
10.573219
-2.2584901
11.182015
-2.2827929
11.839435
-2.2994017
12.549118
-2.3075756
13.315772
-2.3071186
14.144179
-2.2978753
15.038965
-2.2788349
16.004774
-2.248546
17.047481
-2.2061045
18.173818
-2.1505157
19.390449
-2.0808965
20.704604
-1.9960429
22.124045
-1.8949924
23.657123
-1.7763955
25.312573
-1.639003
27.101238
-1.481087
29.032277
-1.3010745
31.119804
-1.0974512
33.371515
-0.86843378
35.804547
-0.61199418
38.427875
-0.32566556
41.277841
44.34793
-0.10943722
4.0380921
-0.21632082
4.1338766
-0.3224797
4.2387889
-0.42760275
4.3463257
-0.53152382
4.4566758
-0.6340883
4.5717444
-0.73519064
4.6935579
-0.83484389
4.8238338
-0.93295027
4.9638349
-1.0294235
5.114758
-1.1241204
5.2776507
-1.2168593
5.453576
-1.3074863
5.6436216
-1.3958768
5.8489111
-1.4818923
6.0706215
-1.565349
6.3100129
-1.6460438
6.5684943
-1.7237564
6.8475847
-1.7982809
7.1489847
-1.8693017
7.4744299
-1.9366241
7.8258681
-1.9998822
8.2054638
-2.0588843
8.6153763
-2.1130519
9.0580568
-2.1618498
9.5361753
-2.2049082
10.05254
-2.241954
10.6103
-2.2726332
11.212688
-2.2965152
11.863294
-2.3132742
12.565938
-2.3218544
13.324443
-2.321292
14.143708
-2.3110472
15.028789
-2.2912729
15.985006
-2.2609008
17.017117
-2.2184065
18.131394
-2.1627395
19.334907
-2.0928679
20.634885
-2.0076581
22.039047
-1.9060921
23.555687
-1.7869064
25.193391
-1.6486926
26.962878
-1.4898871
28.873246
-1.3087576
30.938453
-1.1037777
33.166445
-0.87308084
35.573891
-0.61509359
38.169707
-0.32726495
40.990151
44.02629
-0.10749608
4.145894
-0.21494304
4.2413004
-0.32175849
4.3455838
-0.42765666
4.4522088
-0.53245923
4.5614694
-0.63607783
4.6753572
-0.73835644
4.7958297
-0.83913525
4.924604
-0.93834407
5.0630363
-1.0358344
5.2122484
-1.131494
5.3733241
-1.2251966
5.5473059
-1.3167801
5.7352395
-1.4060544
5.938219
-1.4928404
6.1574395
-1.5769668
6.3941728
-1.6582145
6.649778
-1.7363489
6.9257544
-1.8112067
7.223872
-1.8825432
7.5457915
-1.950069
7.8934166
-2.013435
8.2688629
-2.0723817
8.674355
-2.1266082
9.1123319
-2.1757915
9.5854038
-2.2194714
10.09625
-2.2570323
10.647891
-2.2879531
11.24367
-2.3116039
11.887038
-2.3277461
12.58215
-2.3361823
13.332941
-2.3359824
14.14362
-2.3259158
15.018805
-2.3053401
15.964454
-2.2739459
16.98575
-2.2309125
18.088427
-2.1749042
19.27902
-2.1048437
20.564994
-2.0192843
21.953702
-1.9171811
23.453744
-1.7974035
25.073674
-1.6584248
26.8238
-1.4987815
28.713366
-1.3165577
30.755936
-1.1103443
32.960038
-0.8782639
35.341698
-0.61826796
37.909903
-0.32871636
40.700818
43.702868
-0.10676766
4.2541094
-0.21461782
4.3491248
-0.32180955
4.4527462
-0.42811077
4.558481
-0.53333241
4.6666656
-0.6373774
4.7793823
-0.74017054
4.8986079
-0.84155174
5.0259749
-0.94140246
5.1628831
-1.0396303
5.3104807
-1.1360731
5.4697777
-1.2305691
5.6418133
-1.322952
5.8276342
-1.4130268
6.0283116
-1.5005893
6.2450301
-1.5854491
6.4790677
-1.6674419
6.731804
-1.7464092
7.0047581
-1.8220024
7.2995158
-1.8940075
7.6178579
-1.9621747
7.9616502
-2.0261815
8.332938
-2.0856888
8.7339368
-2.1403135
9.1670315
-2.1896466
9.6348166
-2.233371
10.140053
-2.2711249
10.685707
-2.3023835
11.275007
-2.3265958
11.911387
-2.3429806
12.598645
-2.3509713
13.340984
-2.350178
14.142844
-2.3401873
15.008872
-2.3196579
15.944015
-2.2879152
16.954058
-2.2442969
18.044836
-2.187743
19.222531
-2.116999
20.49437
-2.0310555
21.867925
-1.9284973
23.351361
-1.80807
24.953374
-1.6683004
26.684041
-1.5077653
28.55268
-1.3245177
30.572301
-1.1171125
32.752284
-0.88366476
35.108045
-0.62135238
37.647884
-0.329167
40.408953
43.378194
-0.10847671
4.3627324
-0.21657167
4.4572029
-0.32395142
4.5601028
-0.4304069
4.6649094
-0.53578863
4.7720182
-0.63998215
4.8835459
-0.74294764
5.0015438
-0.84462633
5.1276249
-0.94489614
5.263127
-1.0436097
5.4091758
-1.140639
5.5668013
-1.2357862
5.7369669
-1.3288535
5.9207166
-1.4196676
6.1191482
-1.5080211
6.3334154
-1.5936993
6.5647884
-1.676489
6.8146433
-1.7561304
7.0844566
-1.832397
7.3758496
-1.9050366
7.690572
-1.9737931
8.0304855
-2.0383635
8.3975894
-2.0983901
8.794055
-2.1535331
9.2222728
-2.2033702
9.6847687
-2.2475049
10.184309
-2.285487
10.723792
-2.3168397
11.306462
-2.3411501
11.935784
-2.3578462
12.615416
-2.366163
13.349398
-2.3653189
14.142058
-2.35484
14.998434
-2.3341334
15.923364
-2.3021664
16.922091
-2.2579818
18.000625
-2.200905
19.165433
-2.1296093
20.423133
-2.0430313
21.781474
-1.9399073
23.248414
-1.8188574
24.83251
-1.6783868
26.543681
-1.5169445
28.391211
-1.3327341
30.387749
-1.1240687
32.543175
-0.88922998
34.872906
-0.62494272
37.383934
-0.33022066
40.114938
43.052167
-0.11072051
4.4721471
-0.21955284
4.5660126
-0.32760042
4.6681257
-0.43464742
4.7719292
-0.54057157
4.8779136
-0.64526741
4.9882124
-0.74864759
5.1048942
-0.85065642
5.2296023
-0.95120165
5.3636379
-1.0501485
5.5080865
-1.1473574
5.6639779
-1.2427153
5.8323009
-1.3360689
6.0140547
-1.4272374
6.2103091
-1.5160177
6.4221976
-1.6021817
6.6509658
-1.6854861
6.8979804
-1.765685
7.1647043
-1.8425229
7.4527469
-1.915694
7.7638209
-1.9849291
8.0998094
-2.049969
8.4627265
-2.1105146
8.8547046
-2.166165
9.2780324
-2.2165034
9.735228
-2.261097
10.229032
-2.2995343
10.762354
-2.3312937
11.338347
-2.35581
11.96041
-2.3725675
12.632264
-2.3810038
13.35792
-2.3804537
14.141582
-2.370029
14.988045
-2.3489973
15.902313
-2.3167545
16.889784
-2.2722662
17.95608
-2.2146389
19.107761
-2.1428332
20.351378
-2.055557
21.694313
-1.9516172
23.144644
-1.8298141
24.710916
-1.6885266
26.4026
-1.5262904
28.229035
-1.3410751
30.202391
-1.1311557
32.332829
-0.89512593
34.636698
-0.629478
37.118342
-0.33190363
39.818012
42.724108
-0.1119081
4.5822498
-0.22141878
4.6754943
-0.33014818
4.7768281
-0.43788762
4.8796417
-0.54449988
4.984498
-0.64988972
5.0935735
-0.75395257
5.2089279
-0.85657346
5.3321944
-0.95766272
5.4646997
-1.0571476
5.6075458
-1.1548837
5.761691
-1.250712
5.9281102
-1.3444669
6.1077955
-1.4359649
6.3017989
-1.5250197
6.5112523
-1.6114385
6.7373951
-1.6950101
6.9815757
-1.7755016
7.2452314
-1.8526849
7.5299809
-1.9263472
7.8375509
-1.9961708
8.1697131
-2.0617332
8.5283805
-2.1226791
8.9157548
-2.1787353
9.3342031
-2.2294862
9.786106
-2.2744845
10.27417
-2.3132619
10.801276
-2.3453658
11.37059
-2.3702682
11.985447
-2.3873172
12.649432
-2.3958868
13.366575
-2.3953546
14.141102
-2.3850258
14.97772
-2.3640398
15.881287
-2.3315499
16.857252
-2.2867963
17.911298
-2.2286706
19.049653
-2.1562088
20.278985
-2.0683518
21.606567
-1.9638254
23.04028
-1.8412604
24.588561
-1.699015
26.260588
-1.5357151
28.065861
-1.3495775
30.016232
-1.1384495
32.121544
-0.90088864
34.399084
-0.63437806
36.851651
-0.33452148
39.518566
42.393251
-0.1135544
4.692858
-0.22360769
4.7855095
-0.33287429
4.8860592
-0.44111957
4.9878521
-0.54822093
5.0915641
-0.65410609
5.1994222
-0.75870441
5.3134886
-0.86192195
5.4353746
-0.96360207
5.5663343
-1.0636308
5.7075385
-1.1619008
5.8599329
-1.2582681
6.0244602
-1.3525672
6.2020895
-1.4446149
6.3938526
-1.5342217
6.6008739
-1.6211803
6.824376
-1.7052725
7.0656953
-1.7862979
7.3262901
-1.863968
7.6076946
-1.9379607
7.9115975
-2.0079839
8.2398013
-2.0737861
8.5942592
-2.1350645
8.9771236
-2.1914113
9.3906507
-2.2424666
9.837274
-2.2877991
10.319633
-2.3269238
10.840543
-2.3593054
11.403112
-2.3844123
12.010684
-2.4016913
12.666827
-2.4105185
13.375484
-2.4101938
14.140813
-2.3999393
14.967453
-2.3789786
15.860295
-2.3464388
16.824703
-2.3014473
17.86632
-2.242962
18.99126
-2.17
20.20614
-2.0814496
21.518153
-1.9761343
22.935112
-1.8527369
24.465338
-1.709682
26.117725
-1.5453921
27.90173
-1.3582993
29.829249
-1.1459438
31.909357
-0.906759
34.159835
-0.63881801
36.583424
-0.33798981
39.217834
42.059561
-0.11720456
4.8042142
-0.22793835
4.8961967
-0.33781994
4.9958932
-0.44661368
5.0965979
-0.55419576
5.1990982
-0.66047888
5.3056575
-0.76538688
5.4183451
-0.86890822
5.5388003
-0.97089237
5.6682727
-1.0711953
5.8078363
-1.169807
5.958488
-1.2665507
6.121148
-1.3612617
6.296757
-1.4537529
6.4863154
-1.5438139
6.6909219
-1.6312325
6.9117964
-1.7157912
7.1502691
-1.7972728
7.4077989
-1.8754049
7.6858639
-1.9498912
7.9861281
-2.0204432
8.3104035
-2.086738
8.6606075
-2.1484329
9.0388778
-2.2051554
9.4474372
-2.2564777
9.8886639
-2.3019483
10.365183
-2.3411488
10.879839
-2.3736602
11.435726
-2.3989535
12.036071
-2.416392
12.684348
-2.4253201
13.384469
-2.4250587
14.140568
-2.4148258
14.957203
-2.3938521
15.839303
-2.3612054
16.792067
-2.3159997
17.821164
-2.2572488
18.932639
-2.1838757
20.13293
-2.0947332
21.429179
-1.9885811
22.829085
-1.8642009
24.34107
-1.7203086
25.973957
-1.5550474
27.736622
-1.366939
29.64135
-1.1535594
31.696244
-0.91291397
33.919066
-0.6431713
36.313477
-0.34099649
38.915733
41.722978
-0.11771427
4.9169544
-0.2298115
5.0082552
-0.3409729
5.1070121
-0.45095698
5.2065364
-0.55965377
5.3077461
-0.66698808
5.4129397
-0.77287192
5.5241807
-0.87715332
5.6430811
-0.97984265
5.7709327
-1.0808346
5.9087479
-1.1799029
6.0575186
-1.2769689
6.2181698
-1.371894
6.3916288
-1.46453
6.5788952
-1.5547242
6.781064
-1.6423059
6.9993365
-1.7270525
7.2349886
-1.8087084
7.4894435
-1.8870134
7.7641716
-1.9616998
8.0608241
-2.0324881
8.381207
-2.0991141
8.7272497
-2.1611657
9.100944
-2.2182525
9.5045386
-2.2699992
9.9404241
-2.3159853
10.411189
-2.3556981
10.919584
-2.3885255
11.468603
-2.4139421
12.061537
-2.4314713
12.701917
-2.4404757
13.393496
-2.44026
14.140347
-2.4300494
14.946971
-2.4089524
15.818198
-2.3761483
16.759292
-2.3306638
17.775756
-2.2714834
18.87359
-2.1977108
20.059312
-2.1081724
21.339784
-2.0015045
22.722524
-1.8762812
24.21593
-1.7312649
25.829034
-1.5648087
27.570297
-1.3756043
29.452332
-1.1613787
31.4821
-0.91930695
33.676918
-0.64789927
36.042176
-0.34416759
38.61206
41.383701
-0.11497835
-0.22808775
-0.34037634
-0.45156053
-0.56144442
5.4176113
-0.66990954
5.5213876
-0.77689302
5.6311448
-0.88233549
5.7485002
-0.98612909
5.8746884
-1.0881696
6.0107511
-1.1883221
6.1576323
-1.2864298
6.3162376
-1.382329
6.4874861
-1.4758338
6.6723575
-1.5667493
6.8719374
-1.6548677
7.0874121
-1.7400102
7.3200873
-1.8219773
7.5713672
-1.900594
7.8427487
-1.9755977
8.1357895
-2.0466454
8.4522167
-2.1134195
8.793985
-2.1756224
9.1631088
-2.2328326
9.5617172
-2.2846391
9.9922019
-2.3305967
10.457117
-2.3702793
10.959239
-2.4032478
11.501557
-2.4289552
12.087236
-2.4467291
12.719676
-2.4558957
13.402642
-2.4557231
14.140143
-2.4454353
14.936657
-2.424197
15.796963
-2.3911287
16.726262
-2.3453901
17.730099
-2.2859851
18.814293
-2.2116903
19.98512
-2.1214849
21.249665
-2.014187
22.615311
-1.8882339
24.090072
-1.7423027
25.683193
-1.5746646
27.402742
-1.3838655
29.261603
-1.1682973
31.266504
-0.92484097
33.433614
-0.65249607
35.770018
-0.34803771
38.30785
41.041832
-0.56288292
-0.67223206
-0.78015909
-0.88655202
-0.99130649
-1.0942985
6.1137177
-1.1953889
6.2586941
-1.2944262
6.4152406
-1.3912445
6.5842615
-1.4856761
6.7667383
-1.5775419
6.9637485
-1.666636
7.1764513
-1.7527174
7.4061152
-1.835524
7.6541216
-1.914807
7.9219814
-1.9903346
8.211267
-2.0618377
8.5236681
-2.1289066
8.8609984
-2.1912884
9.2254312
-2.2486465
9.6190179
-2.300595
10.044095
-2.3466801
10.503144
-2.3864044
10.998904
-2.419261
11.534361
-2.4447077
12.112629
-2.4622948
12.737199
-2.471444
13.411728
-2.4713817
14.140029
-2.4611351
14.926388
-2.4398204
15.775663
-2.4066627
16.693145
-2.360557
17.684061
-2.3006373
18.754438
-2.2259968
19.910525
-2.1352952
21.159005
-2.0272028
22.507287
-1.9003274
23.96328
-1.753478
25.536433
-1.5848841
27.234253
-1.3922541
29.069137
-1.1749348
31.049203
-0.92997588
33.188771
-0.65578947
35.4959
-0.35029131
38.002674
40.69866
-1.0997627
-1.2015611
-1.3013624
-1.3989874
-1.4942504
-1.586952
-1.67689
7.2663427
-1.7638309
7.4930058
-1.8475134
7.7377531
-1.9276115
8.0020306
-2.003837
8.2874441
-2.0759689
8.5957574
-2.1437294
8.9287207
-2.20665
9.2883097
-2.26442
9.6767455
-2.3166696
10.096303
-2.3630163
10.549447
-2.403012
11.038849
-2.4361207
11.567422
-2.4617442
12.138214
-2.4791333
12.754538
-2.4877509
13.42028
-2.4871636
14.139379
-2.4767573
14.915949
-2.4554337
15.754358
-2.4220548
16.659809
-2.3757682
17.637839
-2.3156208
18.694339
-2.2404859
19.835401
-2.149289
21.067805
-2.0406496
22.398684
-1.9131089
23.835786
-1.7651062
25.388518
-1.5951628
27.064471
-1.4013985
28.875635
-1.1821229
30.830007
-0.93590409
32.942506
-0.65993699
35.220028
-0.35247895
37.695515
40.354002
-1.6865258
-1.773939
-1.8582276
-1.9391726
-2.016288
8.3645284
-2.0892678
8.6687115
-2.157848
8.9972781
-2.2216465
9.3520872
-2.2802145
9.7352953
-2.3330898
10.149167
-2.3798336
10.596183
-2.4200281
11.079033
-2.4531572
11.600534
-2.4787824
12.163819
-2.4964387
12.77217
-2.50528
13.429111
-2.5044766
14.138559
-2.4934487
14.904891
-2.4716291
15.732558
-2.4380287
16.62627
-2.3914154
17.591313
-2.330743
18.633728
-2.2551127
19.759778
-2.1632762
20.975932
-2.0540027
22.289395
-1.9257087
23.707514
-1.7768717
25.239767
-1.6057492
26.893557
-1.4106466
28.680849
-1.1897809
30.609294
-0.94175516
32.694419
-0.6636513
34.941996
-0.35426785
37.386375
40.007909
-2.0291181
-2.1023737
-2.1710511
-2.2350547
-2.294043
9.7943014
-2.3475376
10.202695
-2.3950214
10.643707
-2.4358889
11.119941
-2.4696141
11.634296
-2.4956431
12.189877
-2.5134122
12.789943
-2.5223331
13.43803
-2.5217099
14.137953
-2.5106129
14.893845
-2.4883435
15.710363
-2.4541882
16.592206
-2.4073107
17.544538
-2.3464191
18.572914
-2.2703044
19.683683
-2.1778424
20.88345
-2.0677391
22.179271
-1.9386733
23.578467
-1.7888446
25.090038
-1.6165657
26.721513
-1.420023
28.484647
-1.1975816
30.387068
-0.94758775
32.444522
-0.66742783
34.661817
-0.35538183
37.074459
39.660327
-2.3097543
-2.3632219
-2.4106856
-2.451801
-2.4858734
11.668461
-2.5122211
12.216304
-2.530239
12.808019
-2.5393127
13.447151
-2.5388036
14.137503
-2.5279489
14.883078
-2.5056755
15.688201
-2.4711128
16.557763
-2.4235829
17.497093
-2.3622202
18.511599
-2.2856607
19.607135
-2.1926998
20.79049
-2.0820741
22.068654
-1.9521798
23.448594
-1.8011714
24.939158
-1.6277893
26.54841
-1.4299779
28.28717
-1.2059449
30.163298
-0.95396101
32.192802
-0.67193422
34.379806
-0.35718054
36.759688
39.310209
-2.5026408
-2.5290763
-2.5473191
-2.5565385
13.456475
-2.5559705
14.137043
-2.5449506
14.872174
-2.5227474
15.666108
-2.4883962
16.523508
-2.4406147
17.449351
-2.3785839
18.449548
-2.3014197
19.529943
-2.2075114
20.696558
-2.0957434
21.956859
-1.9650545
23.317929
-1.8134597
24.787738
-1.6388933
26.374169
-1.4397738
28.088374
-1.2143056
29.938069
-0.9606486
31.939438
-0.6764116
34.095696
-0.35967402
36.442622
38.957269
-2.574082
-2.5736585
-2.5626295
-2.5401105
15.643666
-2.505389
16.488812
-2.4576029
17.40155
-2.3953812
18.387264
-2.317624
19.45209
-2.2235278
20.602353
-2.1111421
21.844389
-1.9788912
23.185716
-1.8258159
24.634877
-1.6505288
26.199211
-1.4504362
27.88861
-1.2233886
29.711185
-0.96755338
31.683763
-0.68124454
33.809642
-0.36229382
36.123428
38.601528
-2.5580698
-2.5231644
-2.4748757
17.353206
-2.4123856
18.324677
-2.334076
19.373647
-2.2387806
20.506901
-2.1258399
21.731351
-1.9932877
23.053206
-1.8390435
24.480764
-1.6617331
26.022211
-1.4603147
27.687526
-1.2326117
29.48359
-0.97498982
31.42619
-0.68635647
33.521231
-0.36483464
35.801897
38.24321
-2.4926668
-2.4294724
-2.3509233
-2.2552647
20.411114
-2.1408771
21.61683
-2.0071103
22.919274
-1.8521076
24.325703
-1.6737793
25.844071
-1.470568
27.484561
-1.2411544
29.25425
-0.9823198
31.167504
-0.69156957
33.230562
-0.36765921
35.478008
37.88218
-2.2714748
-2.1567238
-2.0216617
22.78397
-1.8651613
24.16924
-1.6857517
25.664797
-1.4810771
27.280056
-1.2500944
29.023468
-0.98966459
30.90734
-0.6968906
32.937933
-0.37051583
35.151595
37.518567
-2.0365733
-1.8789693
-1.6981671
25.483995
-1.4921062
27.074123
-1.2592098
28.790897
-0.99698746
30.645392
-0.70263694
32.643836
-0.37324196
34.822175
37.152681
-1.7106756
-1.5030757
26.866676
-1.2679844
28.556109
-1.0039657
30.381677
-0.70808056
32.348383
-0.37610151
34.490278
36.784462
-1.5141236
-1.2770774
-1.0110607
30.116181
-0.7131232
32.051153
-0.3794135
34.156971
36.413599
-1.0188023
-0.718171
31.75123
-0.38250696
33.822122
36.040383
-0.72336087
-0.38533359
33.485012
35.664762
-0.38847626
)
;

boundaryField
{
    Side
    {
        type            empty;
    }
    Inlet
    {
        type            calculated;
        value           nonuniform List<scalar> 
32
(
-0.0047771526
-0.0049586841
-0.0050602524
-0.0051697736
-0.0052824377
-0.0055208441
-0.0054729649
-0.0052809864
-0.0042480081
-0.0036717947
-0.0033264685
-0.0029915779
-0.0036825242
-0.0042841171
-0.0048134772
-0.006178462
-0.007209859
-0.0075682797
-0.0076673617
-0.0072965035
-0.0066221588
-0.0065671626
-0.006623766
-0.0068002487
-0.0070752812
-0.0074558156
-0.0078301034
-0.0080475477
-0.0083546461
-0.0087861344
-0.009014764
-0.0092408509
)
;
    }
    Airfoil
    {
        type            calculated;
        value           nonuniform List<scalar> 0();
    }
    Outlet
    {
        type            calculated;
        value           nonuniform List<scalar> 0();
    }
    procBoundary4to3
    {
        type            processor;
        value           nonuniform List<scalar> 
57
(
-2.5015955
-2.6170553
-2.7392979
-2.8671058
-3.0014087
-3.1437808
-0.6723039
-3.3874951
-3.5494281
-3.7237843
-3.9118213
-4.1147987
-4.3339946
-4.5707837
-4.8266217
-5.1030401
-5.401572
-5.7239655
-6.0720126
-1.659497
-6.5139056
-6.9162336
-7.3506483
-7.8199437
-8.3267966
-8.8741425
-9.4651683
-10.103445
-2.0832529
-10.821944
-11.559869
-12.356635
-13.217354
-14.147143
-15.151552
-16.236399
-2.1426155
-17.379742
-18.633522
-19.987488
-21.449657
-1.9677221
-22.949539
-24.640254
-26.465868
-1.6899628
-28.308263
-30.418395
-32.698546
-1.2442937
-34.966088
-37.603269
-0.83533088
-40.197237
-43.249915
-0.31380933
-46.239557
)
;
    }
    procBoundary4to5
    {
        type            processor;
        value           nonuniform List<scalar> 
64
(
5.1213385
5.2192773
5.3176993
0.45224275
5.5282173
5.6307084
5.7390466
5.8548683
5.9794181
0.99613401
6.2173066
6.3604555
6.515006
6.6818507
6.8619643
7.0564096
1.5961916
7.3566344
7.5803756
7.8220015
8.0829415
1.9517491
8.4418599
8.7419414
9.0659411
9.4160866
2.2506002
9.8535
10.256222
10.691239
11.161137
2.4686952
11.70252
12.24285
12.826367
2.5647584
13.465953
14.136756
14.861263
2.5805929
15.621198
16.453915
2.541331
17.304487
18.261375
19.29498
2.3676551
20.314777
21.501783
2.1721197
22.648317
24.011596
1.8927908
25.301866
1.723387
26.657593
28.319523
1.2871863
29.848396
1.0265303
31.449004
0.72868584
33.145625
35.286292
)
;
    }
    procBoundary4to11
    {
        type            processor;
        value           nonuniform List<scalar> 
26
(
0.0021767
0.0030320984
0.0028801155
0.0022911459
0.0012440387
0.00038841407
0.00024058822
-8.4699532e-05
0.00011636907
0.0010768775
0.0019403761
0.0028907615
0.0023833991
0.0021159657
0.0020875531
-0.00032575474
-0.0014644173
-0.00015929931
0.0012827476
0.0017725484
0.00290439
0.0058018759
0.0049365951
0.0013061449
0.09947058
-2.4960158
)
;
    }
    procBoundary4to12
    {
        type            processor;
        value           uniform 5.0305932;
    }
}


// ************************************************************************* //
