/*--------------------------------*- C++ -*----------------------------------*\
| =========                 |                                                 |
| \\      /  F ield         | OpenFOAM: The Open Source CFD Toolbox           |
|  \\    /   O peration     | Version:  2506                                  |
|   \\  /    A nd           | Website:  www.openfoam.com                      |
|    \\/     M anipulation  |                                                 |
\*---------------------------------------------------------------------------*/
FoamFile
{
    version     2.0;
    format      ascii;
    arch        "LSB;label=32;scalar=64";
    class       volVectorField;
    location    "2.991";
    object      U;
}
// * * * * * * * * * * * * * * * * * * * * * * * * * * * * * * * * * * * * * //

dimensions      [0 1 -1 0 0 0 0];

internalField   nonuniform List<vector> 
1375
(
(94.386502 0.0052147295 -5.5091185e-17)
(94.422349 0.048784776 4.8017325e-17)
(94.381173 0.013218675 7.5333205e-17)
(94.39276 0.045557175 3.286336e-17)
(94.386477 0.0059322652 5.7368119e-17)
(94.422786 0.049424843 -4.9996724e-17)
(94.397333 0.041206123 4.4530257e-17)
(94.380806 0.014643034 -3.9027016e-17)
(94.392725 0.047036443 -3.4298345e-17)
(94.386312 0.0065763724 -5.9577257e-17)
(94.423147 0.049988478 0)
(94.413706 0.042953552 0)
(94.394442 0.02606452 -5.3041565e-17)
(94.396922 0.04312602 1.4275767e-23)
(94.380386 0.015957557 8.1306678e-17)
(94.392617 0.048184354 -7.112744e-17)
(94.38604 0.0071957149 6.2093902e-17)
(94.42344 0.050487941 -5.409751e-17)
(94.417016 0.041222277 0)
(94.412713 0.04553168 0)
(94.393545 0.027723999 5.5200025e-17)
(94.396433 0.045156701 -4.8353021e-17)
(94.379903 0.017166088 -8.2605278e-20)
(94.392439 0.049238574 7.4017144e-17)
(94.385689 0.0078174071 6.4552198e-17)
(94.423669 0.050928969 1.1258596e-16)
(94.431805 0.056764549 8.4572271e-17)
(94.415433 0.043517169 0)
(94.411653 0.04793189 6.5351326e-17)
(94.392637 0.029258197 0)
(94.395879 0.047150034 -5.0242244e-17)
(94.379355 0.018270334 -8.794734e-17)
(94.392194 0.050242536 0)
(94.385271 0.0084145456 -6.7107007e-17)
(94.423836 0.051328639 -5.8595572e-17)
(94.460336 0.07763937 -5.6472532e-17)
(94.440781 0.064225851 3.8926765e-19)
(94.429894 0.059555417 -8.814393e-17)
(94.413836 0.045720455 0)
(94.410548 0.050088711 -6.7886304e-17)
(94.39173 0.030685432 0)
(94.395297 0.048845342 1.5666029e-16)
(94.378758 0.019278195 9.1344289e-17)
(94.391895 0.051188483 1.1711931e-19)
(94.384803 0.00894207 3.4793989e-25)
(94.423945 0.05171992 -2.975235e-20)
(94.475933 0.093037264 -6.6024625e-17)
(94.45728 0.080927924 5.9251046e-17)
(94.438265 0.066939834 -4.0522317e-19)
(94.427975 0.062120109 9.1396651e-17)
(94.412232 0.047773047 0)
(94.409411 0.052022085 -7.0520284e-17)
(94.390823 0.032014712 1.289813e-24)
(94.394705 0.050283536 -2.1749145e-16)
(94.378145 0.020201963 3.5530706e-23)
(94.391549 0.052074926 4.0625187e-20)
(94.384303 0.0093862618 7.2614689e-17)
(94.423996 0.0521473 1.5478704e-20)
(94.494432 0.11458361 0)
(94.472151 0.0963191 6.9658355e-17)
(94.454261 0.083923394 1.1280604e-23)
(94.435784 0.069415158 -6.3156861e-19)
(94.426063 0.064474768 -9.4794588e-17)
(94.410642 0.049641267 0)
(94.40824 0.053823879 7.3595303e-17)
(94.389918 0.033256129 -1.2591258e-19)
(94.394092 0.051572724 1.1302331e-16)
(94.377532 0.021054445 9.6673832e-20)
(94.391158 0.052907098 -8.662262e-17)
(94.383784 0.0097700771 -7.5575073e-17)
(94.423992 0.052654555 1.3190627e-16)
(94.511484 0.13865162 3.5752118e-19)
(94.489905 0.11801055 -6.3378314e-19)
(94.468451 0.099287031 2.8046805e-19)
(94.451289 0.086650843 -6.3704948e-17)
(94.433348 0.071672383 2.1875957e-19)
(94.424164 0.066641103 0)
(94.409083 0.051324852 0)
(94.407038 0.055546114 7.6359575e-17)
(94.389017 0.034419394 -1.3418949e-16)
(94.393452 0.052763212 1.1477471e-19)
(94.376928 0.021845214 -1.029142e-16)
(94.390728 0.053693278 9.001017e-17)
(94.383254 0.010126447 0)
(94.423929 0.053275053 -1.3724648e-16)
(94.528874 0.16852137 4.1865187e-19)
(94.506066 0.14202945 0)
(94.485497 0.12108946 0)
(94.464846 0.1019659 0)
(94.448377 0.089129735 6.5981926e-17)
(94.430967 0.073732498 1.1624362e-16)
(94.422284 0.068639129 -3.6870189e-24)
(94.407569 0.052846024 1.7646534e-19)
(94.405818 0.057177357 -7.9417573e-17)
(94.38812 0.035509513 1.3943508e-16)
(94.392787 0.053868162 -1.223685e-16)
(94.376331 0.022581097 2.0908592e-19)
(94.390266 0.054440528 -4.5719981e-20)
(94.382724 0.010483769 1.6359121e-16)
(94.423804 0.054024208 1.4276763e-16)
(94.545181 0.20312239 0)
(94.522492 0.17184343 0)
(94.500833 0.14503061 0)
(94.481226 0.12384816 8.7423761e-17)
(94.461352 0.10437868 3.0344741e-19)
(94.445537 0.091378205 0)
(94.428653 0.075613484 -1.2119437e-16)
(94.420429 0.070474416 -2.0862313e-19)
(94.406097 0.054232502 -9.4011875e-17)
(94.404599 0.058685707 1.6139273e-19)
(94.387232 0.036548168 0)
(94.392102 0.054891153 1.2719337e-16)
(94.375755 0.023267967 -1.1138016e-16)
(94.389777 0.055152698 0)
(94.382207 0.010840404 -1.7021705e-16)
(94.423618 0.054889977 -1.4854671e-16)
(94.537736 0.20622952 5.1054236e-19)
(94.516362 0.17475911 1.1619109e-16)
(94.495798 0.14768896 -1.0313675e-16)
(94.477102 0.12631356 -9.1412478e-17)
(94.457977 0.10654749 0)
(94.442778 0.093413803 -1.4327417e-16)
(94.426412 0.077325137 4.929327e-19)
(94.418606 0.072150992 1.1098927e-16)
(94.404679 0.055504071 9.7867969e-17)
(94.403394 0.060054403 8.6014389e-17)
(94.386358 0.037537825 1.5099932e-16)
(94.391401 0.055835268 0)
(94.375188 0.023910701 1.1584786e-16)
(94.389269 0.055831791 9.8990038e-20)
(94.381715 0.011192935 -2.1618224e-20)
(94.423377 0.055839119 -1.886479e-20)
(94.552436 0.24690084 0)
(94.53063 0.20890862 0)
(94.510495 0.17730775 9.1986724e-22)
(94.490971 0.15003647 1.0753241e-16)
(94.473133 0.12851119 0)
(94.454729 0.10849326 0)
(94.440107 0.09525323 1.4900806e-16)
(94.424251 0.078878742 -2.567875e-19)
(94.416825 0.073674055 2.2649946e-19)
(94.403312 0.056670932 1.0192964e-16)
(94.402214 0.061285767 -8.9743368e-17)
(94.385506 0.038464303 1.3419387e-22)
(94.390689 0.056704298 1.3456703e-19)
(94.374658 0.024513411 0)
(94.388745 0.056479288 0)
(94.381254 0.011540553 0)
(94.423091 0.056840027 0)
(94.565633 0.29373454 9.1122635e-17)
(94.544286 0.24924464 -6.247323e-19)
(94.523868 0.2112057 0)
(94.504896 0.17952644 -1.2647238e-16)
(94.486356 0.15210332 -1.1221401e-16)
(94.469324 0.1304653 9.941438e-17)
(94.451613 0.11023583 8.7945627e-17)
(94.437529 0.096912378 3.0346871e-19)
(94.422173 0.080285691 -2.6768608e-19)
(94.415092 0.075051879 -1.2072992e-16)
(94.401988 0.05774015 -1.0599727e-16)
(94.401062 0.062391922 -1.8223166e-19)
(94.384684 0.039322543 -1.6356827e-16)
(94.389968 0.057503119 -7.005582e-20)
(94.374131 0.025078961 -6.1316559e-20)
(94.38821 0.05709726 5.3605927e-20)
(94.380829 0.011887618 -2.3405351e-20)
(94.422765 0.057869986 -2.0417172e-20)
(94.576698 0.34765836 0)
(94.556393 0.29558377 0)
(94.536571 0.25119861 -8.2946628e-17)
(94.517452 0.21316445 -5.8103187e-19)
(94.499567 0.18145054 0)
(94.481956 0.15391831 1.1673613e-16)
(94.465679 0.13219914 -1.0379198e-16)
(94.448631 0.11179423 -9.1429492e-17)
(94.435046 0.0984066 0)
(94.420181 0.081557627 -2.7920567e-19)
(94.413411 0.076295604 2.4586481e-19)
(94.400716 0.058719123 -2.1621842e-19)
(94.399934 0.063389207 1.8989299e-19)
(94.383897 0.040113557 0)
(94.389243 0.058237505 -1.4934556e-16)
(94.373659 0.025609151 -6.383882e-20)
(94.387667 0.05768801 0)
(94.380441 0.012232724 0)
(94.422406 0.058907052 0)
(94.566367 0.34884644 -1.1040795e-16)
(94.547717 0.29703713 0)
(94.529305 0.2528015 -8.2413804e-22)
(94.511393 0.21481596 0)
(94.494518 0.18310496 1.3884116e-16)
(94.47778 0.15550156 1.2304858e-16)
(94.462206 0.13372903 0)
(94.445789 0.11318174 1.9244373e-16)
(94.432665 0.09974691 1.6980974e-16)
(94.418276 0.082703103 0)
(94.411785 0.077416214 0)
(94.399498 0.059613273 1.1299086e-19)
(94.398834 0.064291232 -2.0308689e-16)
(94.383147 0.040842694 -8.6919239e-20)
(94.388519 0.058912564 7.5976918e-20)
(94.373182 0.026106161 -6.6540145e-20)
(94.387119 0.058254305 2.9060141e-20)
(94.380089 0.012572232 -2.5354632e-20)
(94.422021 0.059930964 -1.8103388e-16)
(94.572951 0.40921834 -2.6186059e-16)
(94.556749 0.34966083 2.3365763e-16)
(94.539614 0.29815085 0)
(94.522496 0.25409872 9.259206e-17)
(94.505699 0.21619683 0)
(94.489757 0.18451914 8.9292131e-22)
(94.473834 0.15687691 -1.2918163e-16)
(94.45891 0.13507417 0)
(94.443092 0.11441401 -2.0171938e-16)
(94.430389 0.10094598 -1.7785767e-16)
(94.416463 0.083732842 0)
(94.410218 0.07842661 0)
(94.398348 0.060430752 1.1808347e-19)
(94.397765 0.06510974 2.119865e-16)
(94.382438 0.041516637 1.8577694e-16)
(94.3878 0.059533097 1.6253101e-16)
(94.372766 0.026580176 -6.9351854e-20)
(94.386568 0.058798052 6.0538108e-20)
(94.379774 0.012903983 0)
(94.421615 0.060926598 1.5716402e-24)
(94.574918 0.47715296 0)
(94.562459 0.40922033 -5.4642945e-19)
(94.547839 0.35014579 -1.2373881e-16)
(94.53208 0.29896158 -4.3175233e-19)
(94.516143 0.25512068 7.6710654e-19)
(94.500369 0.2173323 -6.8044017e-19)
(94.485285 0.18571428 -3.0825897e-16)
(94.470118 0.15806189 0)
(94.455793 0.13624965 2.3533036e-19)
(94.440539 0.11550331 3.4935414e-24)
(94.428221 0.10201504 1.867546e-16)
(94.414741 0.084656627 1.6069117e-19)
(94.408712 0.079338826 1.4450858e-16)
(94.397221 0.061175678 0)
(94.396728 0.065855471 1.0842643e-19)
(94.381755 0.042137806 -9.4737429e-20)
(94.387087 0.060106216 1.6970709e-16)
(94.372343 0.02704522 -1.4814822e-16)
(94.386017 0.059321413 0)
(94.379494 0.013226264 2.2520479e-16)
(94.42119 0.061885502 1.9596475e-16)
(94.563814 0.47631001 6.6962354e-19)
(94.552944 0.40901872 3.0439734e-16)
(94.539719 0.35040893 -1.3545481e-16)
(94.525185 0.29954726 -1.2013542e-16)
(94.510302 0.25592279 -2.1236349e-16)
(94.49545 0.21826121 -3.6748589e-19)
(94.481138 0.18671681 1.6581475e-16)
(94.466664 0.1590746 -1.4620622e-16)
(94.452879 0.1372668 1.2898847e-16)
(94.438151 0.11645764 0)
(94.426177 0.10295783 1.9504233e-19)
(94.413125 0.085474987 -1.7061465e-19)
(94.407278 0.080155614 -1.5303775e-16)
(94.39624 0.061849793 -2.6791944e-16)
(94.395751 0.066509803 -2.3379031e-16)
(94.381156 0.042706494 -2.0438416e-16)
(94.386396 0.060619334 -1.7809236e-16)
(94.371966 0.027487906 -3.7917269e-20)
(94.385477 0.059814437 -2.700646e-16)
(94.379263 0.013532747 -4.2961562e-20)
(94.420793 0.062805434 2.0401764e-16)
(90.315165 0.061447266 0)
(90.228497 0.064878051 0)
(90.140882 0.066457551 0)
(90.053455 0.066551515 -1.3161667e-18)
(89.969063 0.066546293 1.3812903e-18)
(89.891532 0.067812444 2.8993637e-18)
(89.823618 0.070744167 1.1901535e-22)
(89.766025 0.074849319 -6.3860475e-18)
(89.717936 0.079417661 6.7013993e-18)
(89.677973 0.08376051 -3.5159376e-18)
(89.644651 0.087488355 0)
(89.616642 0.090396793 0)
(89.592868 0.092658524 0)
(89.572228 0.094303254 0)
(89.553108 0.095546435 0)
(89.532449 0.096369812 0)
(89.505273 0.096773034 0)
(89.466644 0.096892975 0)
(89.414251 0.096973011 -5.4142858e-18)
(89.346559 0.097205075 5.6776094e-18)
(91.81129 0.062568078 2.1101217e-18)
(91.83578 0.066179068 -2.2145143e-18)
(91.86276 0.067474157 0)
(91.891704 0.067338732 0)
(91.923713 0.067102003 0)
(91.960581 0.068084703 0)
(92.003267 0.070680079 0)
(92.050856 0.074839531 0)
(92.101166 0.080264479 -3.1024767e-18)
(92.1518 0.086592679 3.254827e-18)
(92.20011 0.093652551 0)
(92.243455 0.10160337 0)
(92.279487 0.1109841 0)
(92.305998 0.12239256 0)
(92.320696 0.13634235 0)
(92.320707 0.15351216 4.336936e-18)
(92.302268 0.17476407 -4.5479481e-18)
(92.261131 0.2010534 -4.7704378e-18)
(92.195109 0.23385283 5.0017587e-18)
(92.103753 0.27464094 0)
(91.978961 0.32376034 -5.5012528e-18)
(91.791929 0.38191838 5.7663576e-18)
(92.978499 0.057207967 0)
(93.033411 0.060043536 -2.0516736e-18)
(93.086108 0.061113396 -5.1440277e-23)
(93.134953 0.060477688 2.2589621e-18)
(93.179705 0.059658058 0)
(93.22077 0.059743276 0)
(93.258461 0.060957756 0)
(93.292112 0.063601505 0)
(93.320492 0.067782023 0)
(93.342233 0.072297618 0)
(93.355766 0.077135691 0)
(93.359528 0.082200901 0)
(93.352162 0.087754969 0)
(93.332647 0.094210218 0)
(93.299805 0.10192983 0)
(93.251766 0.11116975 0)
(93.185633 0.12240469 0)
(93.098202 0.13648215 -4.4106101e-18)
(92.988367 0.15504445 4.6239786e-18)
(92.856416 0.18062149 0)
(92.69412 0.21608754 0)
(92.471267 0.26376769 0)
(93.654905 0.051411802 0)
(93.693662 0.054408318 0)
(93.72771 0.055780726 0)
(93.755671 0.055751083 0)
(93.777032 0.05555579 0)
(93.79214 0.05635953 -2.302645e-18)
(93.801551 0.058807442 2.4155239e-18)
(93.805369 0.063031204 0)
(93.803341 0.068853427 0)
(93.794851 0.07599703 -2.7881901e-18)
(93.778995 0.084310862 5.8488131e-18)
(93.754721 0.093924269 -6.1344642e-18)
(93.720942 0.10533815 3.2167622e-18)
(93.676802 0.11912048 -3.3738605e-18)
(93.621238 0.13596025 3.5378074e-18)
(93.552104 0.15660465 0)
(93.466324 0.18181291 0)
(93.361546 0.21270632 4.0795768e-18)
(93.236076 0.25109743 -4.2765883e-18)
(93.090407 0.29932065 0)
(92.917607 0.35847192 0)
(92.692015 0.4256 0)
(92.386782 0.50290448 5.1672164e-18)
(93.984979 0.047665941 -3.1726954e-23)
(94.003289 0.050979602 3.520916e-18)
(94.017398 0.052849378 -1.8469549e-18)
(94.026137 0.053455192 -1.9377083e-18)
(94.028884 0.053934262 2.0327404e-18)
(94.025743 0.055280221 0)
(94.017147 0.058011599 0)
(94.003445 0.062576669 0)
(93.984975 0.068744453 0)
(93.961056 0.076008872 0)
(93.931177 0.084350064 0)
(93.894385 0.093842097 0)
(93.848552 0.10477132 0)
(93.794191 0.11770087 0)
(93.72955 0.13334379 0)
(93.653187 0.15236152 6.8682057e-18)
(93.562448 0.17562422 -1.4402153e-17)
(93.454523 0.20469231 -1.2251878e-21)
(93.328577 0.24245703 -1.4413733e-21)
(93.185493 0.29313794 8.2975123e-18)
(93.018857 0.35953584 -8.7001964e-18)
(92.804416 0.44023334 -3.1539149e-21)
(92.519946 0.54441247 -4.0550612e-21)
(94.133544 0.04586402 -1.5548868e-18)
(94.138137 0.049486427 0)
(94.139487 0.05183658 0)
(94.136397 0.053115092 0)
(94.128469 0.054415001 3.7666922e-18)
(94.116129 0.056709188 -3.9510679e-18)
(94.099227 0.06052759 0)
(94.075766 0.066011165 0)
(94.049692 0.073244954 0)
(94.018781 0.082065044 0)
(93.982574 0.092396515 0)
(93.940163 0.10445242 0)
(93.89048 0.11859913 0)
(93.832606 0.13552853 0)
(93.765481 0.15607672 6.0651217e-18)
(93.687597 0.18096293 -6.3586744e-18)
(93.59639 0.2109936 0)
(93.489188 0.24749124 6.9903708e-18)
(93.365436 0.29309291 -7.3270006e-18)
(93.226256 0.35144488 0)
(93.065668 0.42343127 0)
(92.862239 0.50628955 8.4404325e-18)
(92.600888 0.61332102 -8.8428274e-18)
(94.193911 0.045310953 5.3529245e-23)
(94.190665 0.049266093 -6.0483518e-18)
(94.185621 0.052235117 6.3449663e-18)
(94.176252 0.054263501 -3.3279103e-18)
(94.16162 0.056184335 3.4909704e-18)
(94.143665 0.059115534 -3.6616692e-18)
(94.121378 0.063657914 0)
(94.095191 0.069850291 0)
(94.065319 0.077814356 0)
(94.031237 0.087465936 0)
(93.992383 0.098769278 0)
(93.947908 0.11194207 0)
(93.896825 0.12737992 0)
(93.838201 0.14580806 5.3579441e-18)
(93.771127 0.16815462 5.4324101e-22)
(93.694201 0.1953399 -5.8892608e-18)
(93.605099 0.22845563 0)
(93.501479 0.2693206 0)
(93.383121 0.32139204 -6.7854751e-18)
(93.251118 0.38882617 7.1110461e-18)
(93.099532 0.47196076 0)
(92.910098 0.56852189 0)
(92.67492 0.69418182 8.187177e-18)
(94.212552 0.045757219 0)
(94.204502 0.049951631 2.8040936e-18)
(94.194532 0.053338785 -5.8828612e-18)
(94.181449 0.056063754 6.1708327e-18)
(94.16458 0.058790784 9.2538036e-23)
(94.143913 0.062510195 -3.3944396e-18)
(94.119565 0.067854017 0)
(94.091719 0.074901576 -3.7339857e-18)
(94.06029 0.083802518 -1.7637092e-22)
(94.024998 0.094601379 4.1064159e-18)
(93.985291 0.1073232 0)
(93.940369 0.12222981 0)
(93.889319 0.1397697 -4.7347032e-18)
(93.83128 0.1606902 4.9637862e-18)
(93.765419 0.18591108 -5.2045101e-18)
(93.690456 0.21634028 5.455556e-18)
(93.604316 0.25300641 -5.719572e-18)
(93.505084 0.29776158 1.1989812e-17)
(93.392943 0.35422324 9.6443998e-22)
(93.268903 0.42633868 -6.5848029e-18)
(93.127207 0.51418612 -6.9020017e-18)
(92.95314 0.61752804 7.2308314e-18)
(92.744736 0.75410554 0)
(94.210804 0.04678714 0)
(94.200174 0.05127195 0)
(94.187901 0.055131891 2.7279278e-18)
(94.173002 0.05850355 -5.7225251e-18)
(94.154767 0.061976688 3.0009867e-18)
(94.13301 0.066455492 0)
(94.107892 0.072545999 3.3010116e-18)
(94.079485 0.080396427 -3.4616726e-18)
(94.0477 0.090191247 -3.6302637e-18)
(94.012293 0.10202288 3.8065403e-18)
(93.972758 0.11599532 0)
(93.92837 0.13241263 0)
(93.878312 0.15178428 0)
(93.821826 0.17491513 -4.6001571e-18)
(93.758179 0.20279301 -4.277985e-22)
(93.686229 0.23641191 1.0109659e-17)
(93.604179 0.27689449 -5.2980203e-18)
(93.510575 0.32626704 0)
(93.405962 0.3881778 -5.8202155e-18)
(93.291194 0.4659912 -9.5638288e-22)
(93.161032 0.55954049 6.3900105e-18)
(93.004689 0.67060288 0)
(92.824688 0.81720091 7.0156677e-18)
(94.200661 0.048266919 0)
(94.188736 0.053032591 0)
(94.175349 0.057347568 0)
(94.159617 0.06134034 0)
(94.140869 0.065559479 0)
(94.11889 0.070823388 0)
(94.093776 0.077690039 0)
(94.065561 0.086381445 0)
(94.03416 0.097112575 -6.7319591e-18)
(93.99935 0.11002382 7.0582815e-18)
(93.960678 0.12528495 0)
(93.917505 0.14323364 -7.7589695e-18)
(93.869119 0.16441285 -5.4597069e-22)
(93.814875 0.18964394 1.7052936e-17)
(93.754151 0.21992378 7.5088043e-22)
(93.68596 0.25626259 8.8953138e-22)
(93.60881 0.29985373 1.0595801e-21)
(93.521722 0.35287891 -1.0288424e-17)
(93.42549 0.41887698 0)
(93.320723 0.50057714 0)
(93.202964 0.59790411 0)
(93.065226 0.71426011 -1.2401404e-17)
(92.912795 0.86592449 1.2988035e-17)
(94.17579 0.055090559 0)
(94.161958 0.059853082 0)
(94.145991 0.064460435 -4.924218e-18)
(94.127274 0.06941988 5.1638779e-18)
(94.105584 0.075465855 0)
(94.080964 0.08312158 -5.6784038e-18)
(94.053424 0.092659198 1.190789e-17)
(94.022889 0.10432511 -1.2485254e-17)
(93.989159 0.11831018 6.5447929e-18)
(93.951843 0.13484432 0)
(93.910394 0.15430489 0)
(93.864211 0.1772723 0)
(93.812776 0.20458641 0)
(93.755582 0.23724284 0)
(93.691812 0.2762507 0)
(93.620319 0.32286588 0)
(93.540593 0.37934692 0)
(93.45359 0.44895252 0)
(93.359723 0.53385608 0)
(93.255577 0.63443406 -1.0962964e-17)
(93.137475 0.75517848 1.1481672e-17)
(93.011938 0.90949071 0)
(94.164292 0.05737043 -4.1545035e-18)
(94.150395 0.062577616 0)
(94.134537 0.067794331 -4.5689476e-18)
(94.116164 0.073487051 -1.2446914e-22)
(94.095055 0.080311987 1.0047233e-17)
(94.071211 0.088763893 -1.0534548e-17)
(94.044628 0.099147935 5.5223529e-18)
(94.015241 0.11173843 0)
(93.982879 0.12676975 0)
(93.947214 0.14451843 6.3625306e-18)
(93.907792 0.16539253 -6.6688315e-18)
(93.864131 0.18999624 6.9901739e-18)
(93.815833 0.21916984 -7.3256129e-18)
(93.762507 0.25388341 0)
(93.703512 0.29512846 0)
(93.63805 0.34420176 0)
(93.566022 0.40332046 0)
(93.488449 0.47530405 9.2532891e-18)
(93.405642 0.56185547 1.0927814e-21)
(93.315355 0.66386019 -1.0151833e-17)
(93.21646 0.78612151 0)
(93.115545 0.93874444 0)
(93.023455 1.127382 0)
(94.155858 0.059823332 0)
(94.142101 0.06547422 4.0435307e-18)
(94.126535 0.071294658 -4.2398134e-18)
(94.108669 0.077712121 0)
(94.088289 0.085311997 0)
(94.065368 0.094561702 0)
(94.039895 0.10579172 0)
(94.011816 0.1193012 0)
(93.980997 0.13536235 0)
(93.947174 0.15429067 0)
(93.909991 0.17652087 0)
(93.869089 0.20267241 0)
(93.82419 0.23357224 0)
(93.775026 0.2701507 0)
(93.721145 0.31338101 0)
(93.662095 0.36458301 0)
(93.598115 0.42584209 0)
(93.530235 0.49950079 0)
(93.458798 0.58695131 0)
(93.382709 0.68949936 0)
(93.302591 0.81161059 0)
(93.224442 0.9603462 0)
(93.15603 1.1385839 0)
(94.151549 0.062421168 0)
(94.138052 0.068514542 0)
(94.122884 0.07493051 0)
(94.105616 0.082058141 0)
(94.086048 0.09041837 0)
(94.064136 0.10045242 4.5339081e-18)
(94.039867 0.11250681 -4.7524096e-18)
(94.013203 0.12689803 -9.9629082e-18)
(93.984044 0.14392612 2.0883711e-17)
(93.952196 0.16393382 -2.1886569e-17)
(93.917398 0.18737185 1.1467715e-17)
(93.879409 0.21485851 0)
(93.838069 0.24718478 0)
(93.793226 0.28522021 0)
(93.744623 0.32990201 1.3820612e-17)
(93.692121 0.38251771 -1.4476485e-17)
(93.636209 0.44492295 -1.5164239e-17)
(93.577894 0.51898884 1.5880772e-17)
(93.517655 0.60589864 0)
(93.455371 0.70714716 0)
(93.392689 0.82642069 0)
(93.334745 0.96828908 1.9088407e-17)
(93.287251 1.1340699 -1.9979162e-17)
(94.152251 0.065146059 -3.3232808e-18)
(94.139133 0.07168097 -6.9684258e-18)
(94.124475 0.078683552 -1.5392504e-22)
(94.107914 0.086506347 1.531611e-17)
(94.089265 0.095612748 2.0443586e-22)
(94.06848 0.10642076 -8.4139271e-18)
(94.045549 0.1192836 0)
(94.020453 0.13452927 0)
(93.993132 0.15247811 0)
(93.963459 0.17349201 0)
(93.93127 0.19802987 0)
(93.896436 0.22669695 0)
(93.858905 0.26023524 0)
(93.818645 0.29944728 1.2228405e-17)
(93.775589 0.34522425 -1.2808083e-17)
(93.729867 0.39877169 -1.3415567e-17)
(93.682134 0.46166417 -8.8573456e-22)
(93.633376 0.53536239 1.4711356e-17)
(93.584259 0.62089844 -1.5404516e-17)
(93.535385 0.71972508 -1.0149648e-21)
(93.488866 0.83459247 3.3763725e-17)
(93.448954 0.96823521 -3.5339711e-17)
(93.420011 1.1211221 3.698431e-17)
(94.158539 0.067956437 -6.1719436e-18)
(94.14596 0.074924027 -1.1879818e-22)
(94.131977 0.082491658 6.7818699e-18)
(94.116283 0.09097788 0)
(94.098718 0.10079551 0)
(94.079236 0.11233711 -7.808478e-18)
(94.057835 0.12595217 1.6365771e-17)
(94.034517 0.14197261 -1.7149529e-17)
(94.009262 0.16072885 1.7969529e-17)
(93.982006 0.18258953 3.4455004e-22)
(93.952676 0.20800753 -9.8620782e-18)
(93.921244 0.23755721 0)
(93.887759 0.27191494 0)
(93.852296 0.31180562 1.1335104e-17)
(93.814966 0.35805098 5.913522e-22)
(93.776104 0.41172117 -1.2430819e-17)
(93.736465 0.47408656 1.301684e-17)
(93.69702 0.54625991 -1.3627657e-17)
(93.658613 0.62911706 1.4267001e-17)
(93.622299 0.72388211 -1.4933163e-17)
(93.590276 0.832404 -1.5629878e-17)
(93.566007 0.95614941 3.2712038e-17)
(93.552929 1.0950938 1.0754142e-22)
(94.169991 0.070803936 -5.7321089e-18)
(94.158132 0.078193125 1.2016202e-17)
(94.145011 0.086302123 1.2038219e-22)
(94.130377 0.095418453 -6.5994106e-18)
(94.114098 0.10591176 0)
(94.096137 0.11814684 0)
(94.076504 0.13246348 0)
(94.055226 0.14919161 0)
(94.032321 0.16866369 0)
(94.007789 0.19124487 0)
(93.981637 0.2173711 0)
(93.953929 0.2475732 9.580354e-18)
(93.924799 0.28245348 -1.0033205e-17)
(93.894425 0.32265374 0)
(93.863064 0.36890503 0)
(93.831199 0.422108 -1.1519515e-17)
(93.799628 0.48324029 1.2059249e-17)
(93.769311 0.5531255 1.2623905e-17)
(93.741217 0.6324572 -1.3212482e-17)
(93.716613 0.72213196 0)
(93.697564 0.82324155 0)
(93.686854 0.93641246 -1.5138671e-17)
(93.687224 1.0612962 1.5836872e-17)
(93.700882 1.1969366 0)
(94.184419 0.073604314 5.3245575e-18)
(94.173361 0.081385703 0)
(94.161188 0.089989614 0)
(94.147701 0.099674243 0)
(94.132798 0.11076871 0)
(94.116456 0.12360801 0)
(94.098701 0.13851666 -7.0478695e-18)
(94.079586 0.15581404 7.3829667e-18)
(94.059166 0.17582324 -7.7337817e-18)
(94.037498 0.19889396 1.6200531e-17)
(94.014663 0.22543241 -8.4833735e-18)
(93.990801 0.2559131 8.8842236e-18)
(93.966119 0.2908565 -9.3025555e-18)
(93.940885 0.33081338 0)
(93.915466 0.37640282 -1.0197247e-17)
(93.890433 0.42833849 1.0674177e-17)
(93.866593 0.48733321 1.1172908e-17)
(93.844884 0.55396547 -1.1692911e-17)
(93.826327 0.62872435 1.2236295e-17)
(93.812222 0.71216152 1.8348183e-22)
(93.804385 0.80479124 5.7493405e-23)
(93.805029 0.90670175 -1.2301521e-22)
(93.816319 1.0173259 -1.4653785e-17)
(93.840079 1.1356325 0)
(94.198369 0.076367927 0)
(94.188041 0.084516205 0)
(94.176746 0.093573887 0)
(94.164334 0.10377227 1.1381806e-17)
(94.150733 0.11540215 -1.1923806e-17)
(94.135938 0.12876893 0)
(94.119995 0.14417693 0)
(94.102981 0.16192743 1.3704331e-17)
(94.084987 0.18232469 3.5101773e-22)
(94.066121 0.20569361 -1.5029888e-17)
(94.046525 0.2324002 0)
(94.026401 0.26285391 -1.6478528e-17)
(94.006016 0.29748951 -4.665175e-22)
(93.985703 0.33676051 -4.8167627e-22)
(93.965904 0.38116015 -4.8375939e-22)
(93.947228 0.43121531 -4.6596067e-22)
(93.930459 0.48740853 2.0702119e-17)
(93.916491 0.55010591 2.1661928e-17)
(93.906322 0.61958751 2.2914099e-22)
(93.901164 0.69609549 -2.3707084e-17)
(93.902538 0.7797328 2.4796069e-17)
(93.912172 0.87025113 -5.1923547e-22)
(93.931726 0.96694413 -9.3211156e-22)
(93.962598 1.068737 -5.6696289e-17)
(94.209237 0.079095111 0)
(94.199526 0.08757002 -9.6337649e-18)
(94.188997 0.097019901 2.0184873e-17)
(94.177546 0.10765081 -1.0572144e-17)
(94.16513 0.11971799 1.1074078e-17)
(94.151768 0.13349563 2.1538818e-22)
(94.137525 0.14926174 -1.214698e-17)
(94.122501 0.16729204 0)
(94.106819 0.18786371 -1.3319779e-17)
(94.09063 0.21126797 2.7891587e-17)
(94.074123 0.23782138 3.1991662e-22)
(94.057546 0.267863 3.3322718e-22)
(94.041207 0.30174073 -1.5996935e-17)
(94.025485 0.33980758 0)
(94.010854 0.3824275 1.7520619e-17)
(93.997925 0.42995518 -1.8332448e-17)
(93.98743 0.48267987 0)
(93.980193 0.5407861 0)
(93.977128 0.60436445 2.0986521e-17)
(93.97929 0.67341306 -2.1948295e-17)
(93.9879 0.74776433 0)
(94.004269 0.82697505 0)
(94.029617 0.91027398 0)
(94.064937 0.99660616 0)
(94.111083 1.0847352 0)
(94.217031 0.081856583 8.5477094e-18)
(94.207943 0.090623168 -1.790755e-17)
(94.198193 0.10041013 9.3784041e-18)
(94.187717 0.11139953 -9.8226049e-18)
(94.176503 0.12381461 1.0286696e-17)
(94.16459 0.1378967 0)
(94.152064 0.15389229 1.127933e-17)
(94.139044 0.17204566 -1.1809124e-17)
(94.12568 0.19260033 0)
(94.112153 0.21580629 -1.2941534e-17)
(94.098687 0.24192457 1.3545459e-17)
(94.085557 0.27122182 0)
(94.073096 0.30395994 0)
(94.061697 0.34039188 0)
(94.05184 0.38075772 0)
(94.0441 0.42526182 0)
(94.039139 0.47403512 0)
(94.037686 0.52711183 0)
(94.040529 0.58442752 1.9433577e-17)
(94.048535 0.64580699 -2.0319019e-17)
(94.062645 0.71092016 0)
(94.083812 0.77922788 0)
(94.112885 0.84995694 0)
(94.15051 0.92212891 0)
(94.197182 0.99463886 -2.5329397e-17)
(94.22332 0.084551032 0)
(94.214956 0.093548817 8.3242302e-18)
(94.206087 0.10359055 -8.7172692e-18)
(94.196684 0.11483347 0)
(94.186763 0.12746988 -9.5578244e-18)
(94.176384 0.14170763 -1.413115e-22)
(94.165649 0.15775832 1.047539e-17)
(94.154693 0.17583062 0)
(94.143685 0.19612962 -1.147698e-17)
(94.132827 0.2188595 2.4022284e-17)
(94.122361 0.24422339 -2.5137859e-17)
(94.112574 0.27241697 2.6302368e-17)
(94.103801 0.3036204 1.4527245e-22)
(94.096433 0.33799291 -1.4392869e-17)
(94.090923 0.37566428 0)
(94.087789 0.41671512 -1.5744315e-17)
(94.087608 0.46115259 3.9041483e-23)
(94.090994 0.50889527 1.7213687e-17)
(94.098593 0.55976681 0)
(94.111078 0.6134848 0)
(94.129139 0.66963829 0)
(94.153434 0.72766348 0)
(94.184509 0.78683446 0)
(94.222734 0.84628829 0)
(94.268342 0.90508894 2.3413297e-17)
(94.229407 0.087158088 7.3930927e-18)
(94.221868 0.096324857 -7.7412181e-18)
(94.213976 0.10653983 0)
(94.205734 0.11793469 0)
(94.197181 0.13066944 0)
(94.188393 0.14491745 9.2977487e-18)
(94.179486 0.16085411 -9.731069e-18)
(94.170607 0.17865022 2.0367591e-17)
(94.161935 0.19846959 -2.1312456e-17)
(94.153682 0.22046825 2.2299246e-17)
(94.146094 0.24479163 -2.3328652e-17)
(94.139456 0.27156839 -2.4403227e-17)
(94.134091 0.30090401 2.5523877e-17)
(94.130362 0.33287462 2.6693026e-17)
(94.128678 0.3675178 -5.5824032e-17)
(94.129487 0.40481788 2.9182951e-17)
(94.133268 0.44469087 0)
(94.140517 0.48697463 3.1887625e-17)
(94.151732 0.53142349 -3.3326062e-17)
(94.167408 0.5777024 0)
(94.18802 0.62537843 -3.6382031e-17)
(94.213989 0.67391228 3.8006384e-17)
(94.245628 0.72265862 0)
(94.283103 0.7708898 0)
(94.326467 0.81784719 0)
(94.375754 0.86278488 -4.5176709e-17)
(94.235724 0.089551062 -6.8792068e-18)
(94.229075 0.098805246 1.4403322e-17)
(94.222217 0.10909075 -3.0153731e-17)
(94.21518 0.12051405 -1.5303713e-22)
(94.20802 0.13320307 3.3030677e-17)
(94.200829 0.14729615 -1.728259e-17)
(94.19373 0.16293207 0)
(94.186877 0.18024305 0)
(94.180451 0.19935086 0)
(94.174662 0.22036402 0)
(94.169751 0.24337374 0)
(94.165984 0.26844878 0)
(94.163659 0.29563009 0)
(94.163099 0.32492507 -2.4754612e-17)
(94.164654 0.35629987 5.1754784e-17)
(94.168695 0.38966963 -2.7047487e-17)
(94.175602 0.42488963 -2.8266124e-17)
(94.185752 0.46174986 2.9536058e-17)
(94.199508 0.49997268 3.0857407e-17)
(94.217208 0.53921209 -3.2234255e-17)
(94.239155 0.57905323 3.3665355e-17)
(94.265586 0.61901213 -3.515651e-17)
(94.296643 0.65854134 0)
(94.332352 0.69705154 0)
(94.372654 0.73395141 0)
(94.417464 0.76867809 -4.1730554e-17)
(94.236582 0.10096622 -1.068048e-22)
(94.230788 0.1112187 1.4027607e-17)
(94.22497 0.12254661 0)
(94.219198 0.1350473 0)
(94.213572 0.14882492 -1.6067392e-17)
(94.20822 0.16398193 1.6807448e-17)
(94.203294 0.1806124 0)
(94.198971 0.19879725 0)
(94.19545 0.21860047 0)
(94.192953 0.24006513 0)
(94.191723 0.26320922 0)
(94.192017 0.2880214 0)
(94.194112 0.31445651 -2.2959435e-17)
(94.198293 0.34243014 4.7986135e-17)
(94.204852 0.371813 -2.5069728e-17)
(94.214072 0.4024266 0)
(94.226224 0.43404139 0)
(94.241553 0.46637744 0)
(94.260269 0.4991072 0)
(94.28254 0.53185889 0)
(94.308471 0.56422025 0)
(94.338085 0.59574603 3.3936553e-17)
(94.371319 0.62597674 -3.5414515e-17)
(94.408054 0.65446832 -3.6946536e-17)
(94.448144 0.68081172 7.7080833e-17)
(94.491357 0.70461251 -2.4188475e-21)
(94.244302 0.10270407 -2.4959568e-17)
(94.239582 0.11280998 1.305656e-17)
(94.234974 0.12391133 0)
(94.230559 0.1360762 0)
(94.226438 0.14937625 0)
(94.222737 0.16387947 1.5625992e-17)
(94.219601 0.17964396 -3.2677949e-17)
(94.217197 0.19671315 1.7082411e-17)
(94.215705 0.21511196 -1.7857477e-17)
(94.215321 0.23484341 1.8665245e-17)
(94.216254 0.25588544 0)
(94.21872 0.27818777 0)
(94.222942 0.30166889 -2.1297001e-17)
(94.22914 0.32621311 2.2248137e-17)
(94.23753 0.35166816 -2.3237811e-17)
(94.248311 0.37784412 2.4268411e-17)
(94.261662 0.4045141 0)
(94.277729 0.43141697 -2.645479e-17)
(94.296625 0.45826182 2.7614897e-17)
(94.31842 0.48473291 0)
(94.343127 0.5104946 -3.0071868e-17)
(94.370696 0.53519889 1.2221962e-21)
(94.401013 0.55850054 3.2726056e-17)
(94.433933 0.5800786 -3.4127905e-17)
(94.469289 0.59964758 1.7475455e-21)
(94.506837 0.61693798 3.7097483e-17)
(94.252167 0.10394603 0)
(94.248507 0.11379215 1.2158039e-17)
(94.245077 0.12453941 -1.2714697e-17)
(94.241958 0.13622841 0)
(94.23925 0.14890071 0)
(94.237072 0.16259278 0)
(94.235558 0.17733065 0)
(94.234853 0.19312546 -1.5876126e-17)
(94.235117 0.20997014 3.3181402e-17)
(94.236515 0.22783664 -1.7335095e-17)
(94.239218 0.24667368 -1.8110251e-17)
(94.243399 0.2664049 1.891752e-17)
(94.249226 0.28692751 0)
(94.25686 0.30811138 2.0631927e-17)
(94.266449 0.32979893 -2.1541915e-17)
(94.278121 0.35180599 0)
(94.291979 0.37392399 0)
(94.308097 0.39592369 -2.449442e-17)
(94.326514 0.41756006 2.5557998e-17)
(94.347233 0.4385773 0)
(94.370212 0.45871354 0)
(94.395358 0.47770723 0)
(94.422536 0.4953088 0)
(94.451596 0.51129588 0)
(94.48238 0.52547854 0)
(94.514651 0.53768032 0)
(94.547978 0.5477116 0)
(94.260119 0.10467649 0)
(94.257484 0.11414788 0)
(94.255171 0.12441598 0)
(94.253262 0.1354966 0)
(94.251848 0.14740442 0)
(94.251036 0.1601484 -2.7039846e-17)
(94.250943 0.17372737 5.6508209e-17)
(94.251694 0.18812637 -2.9518892e-17)
(94.253421 0.20331386 0)
(94.256257 0.21923976 0)
(94.260335 0.23583416 0)
(94.265784 0.25300669 0)
(94.272724 0.27064643 0)
(94.281263 0.28862244 0)
(94.291493 0.30678488 -3.9941757e-17)
(94.303484 0.32496697 4.167915e-17)
(94.317284 0.34298779 0)
(94.332911 0.36065618 0)
(94.350358 0.37777533 4.7305228e-17)
(94.369586 0.39414703 -4.932826e-17)
(94.390522 0.40957536 5.1425319e-17)
(94.413053 0.42387161 -5.3604293e-17)
(94.437044 0.43686285 0)
(94.462355 0.44840258 -5.820286e-17)
(94.488845 0.45837213 6.0632492e-17)
(94.516306 0.4666624 0)
(94.544368 0.47315096 0)
(94.26815 0.10471523 -2.0202173e-17)
(94.266477 0.11370514 -4.4023379e-23)
(94.265196 0.12338201 2.2066658e-17)
(94.264382 0.13374021 2.305804e-17)
(94.264115 0.14477161 -4.8181404e-17)
(94.264488 0.15646236 2.5166182e-17)
(94.265596 0.16878961 0)
(94.267542 0.18171872 0)
(94.27043 0.19520124 -2.866465e-17)
(94.274361 0.20917371 1.8335352e-22)
(94.279432 0.22355721 2.4130295e-22)
(94.285732 0.23825749 3.0745074e-22)
(94.29334 0.2531658 3.4024854e-17)
(94.302319 0.2681601 -3.5499798e-17)
(94.312719 0.28310684 3.7033332e-17)
(94.324565 0.29786325 0)
(94.337866 0.31228022 -4.0278921e-17)
(94.352605 0.32620581 4.199663e-17)
(94.368746 0.339489 0)
(94.386227 0.3519829 4.5626295e-17)
(94.404961 0.36354732 -4.7545015e-17)
(94.424836 0.37405206 0)
(94.445725 0.38338318 0)
(94.467505 0.39145037 0)
(94.490061 0.39818617 5.593984e-17)
(94.513218 0.40352849 -5.8231826e-17)
(94.536662 0.40739988 -6.057073e-17)
(94.27629 0.10429214 0)
(94.275494 0.11269789 0)
(94.275136 0.12167971 0)
(94.275281 0.1312146 0)
(94.275995 0.14127626 0)
(94.277354 0.15183324 0)
(94.279433 0.16284686 0)
(94.282311 0.17426926 0)
(94.286064 0.18604217 0)
(94.290764 0.19809632 0)
(94.296476 0.21035155 2.9022979e-17)
(94.303255 0.22271749 -3.027755e-17)
(94.311146 0.23509468 -3.1580347e-17)
(94.32018 0.24737614 4.2746731e-22)
(94.330371 0.25944923 6.8678765e-17)
(94.341718 0.27119782 -7.1596432e-17)
(94.354202 0.28250483 3.7312415e-17)
(94.367786 0.293255 3.8882226e-17)
(94.382419 0.30333775 -8.1022694e-17)
(94.39803 0.31264935 9.1039007e-22)
(94.414534 0.3210944 9.9705839e-22)
(94.431824 0.32858784 4.5763889e-17)
(94.449789 0.33505936 0)
(94.468328 0.34045863 0)
(94.487349 0.34475347 0)
(94.506713 0.34791365 5.367985e-17)
(94.526162 0.34989151 -1.4493945e-21)
(94.284563 0.11065168 -1.8377743e-17)
(94.284998 0.1188638 1.9189876e-17)
(94.285946 0.12750882 0)
(94.28746 0.13654737 0)
(94.289596 0.14593582 -2.182847e-17)
(94.292412 0.15562529 9.8010235e-23)
(94.295962 0.16556056 1.2688748e-22)
(94.300298 0.17567947 2.4795098e-17)
(94.305467 0.18591285 0)
(94.311506 0.19618497 0)
(94.318444 0.20641439 -2.8122228e-17)
(94.3263 0.21651515 2.9317776e-17)
(94.33508 0.22639828 -3.0557909e-17)
(94.344777 0.23597339 3.1845382e-17)
(94.355371 0.24515049 0)
(94.366828 0.25384191 0)
(94.379101 0.26196441 -3.5999066e-17)
(94.392134 0.26944109 7.497269e-17)
(94.405859 0.27620271 -7.3475972e-22)
(94.420196 0.28218831 -4.062235e-17)
(94.435051 0.28734621 -4.2272942e-17)
(94.450332 0.2916371 4.398284e-17)
(94.465958 0.29503799 0)
(94.48186 0.29753989 0)
(94.497932 0.29913289 0)
(94.513959 0.29978745 5.1398725e-17)
(94.2937 0.10844718 -1.7162348e-17)
(94.294789 0.11581699 1.7912213e-17)
(94.296379 0.12351051 0)
(94.298509 0.13148064 1.9502438e-17)
(94.301218 0.13967687 -2.0344942e-17)
(94.304547 0.14804527 0)
(94.30853 0.1565283 0)
(94.313197 0.16506472 -4.6147331e-17)
(94.318574 0.17358981 4.8108348e-17)
(94.324677 0.18203591 0)
(94.331516 0.19033334 0)
(94.339091 0.19841137 0)
(94.347391 0.20619949 0)
(94.356395 0.21362862 0)
(94.366075 0.22063238 0)
(94.376389 0.2271485 0)
(94.387289 0.23312014 0)
(94.398721 0.23849712 6.9369892e-17)
(94.410622 0.24323655 -1.4435374e-16)
(94.422923 0.24730281 1.2522037e-21)
(94.435547 0.25066788 7.8084864e-17)
(94.448418 0.25331346 0)
(94.461472 0.25523405 0)
(94.474663 0.25643487 0)
(94.487909 0.2569187 9.114126e-17)
(94.501042 0.25666826 -1.6417785e-21)
(94.30273 0.10468994 0)
(94.304324 0.11120637 0)
(94.306387 0.1179521 0)
(94.308946 0.12487653 3.6394599e-17)
(94.312028 0.13192665 -3.7945922e-17)
(94.315656 0.1390478 -3.9556155e-17)
(94.319848 0.14618415 4.1227868e-17)
(94.324619 0.15327888 0)
(94.329978 0.1602744 0)
(94.335927 0.16711301 4.6626816e-17)
(94.34246 0.1737376 -4.8561521e-17)
(94.349565 0.18009248 0)
(94.357223 0.18612428 5.2642862e-17)
(94.365407 0.1917827 -5.4794887e-17)
(94.374082 0.19702139 0)
(94.383208 0.20179864 0)
(94.39274 0.20607827 0)
(94.402628 0.20983018 0)
(94.412819 0.21303057 0)
(94.423256 0.21566151 0)
(94.433876 0.21771084 -7.2100419e-17)
(94.444618 0.21917371 7.4918341e-17)
(94.455438 0.22005524 0)
(94.466303 0.22036881 0)
(94.477156 0.22012382 0)
(94.487857 0.21930846 0)
(94.313382 0.10750199 3.1281728e-17)
(94.315767 0.11327136 -1.1486632e-22)
(94.318592 0.11913873 -3.3982157e-17)
(94.321872 0.12505372 -3.5408914e-17)
(94.325618 0.13096515 1.9782362e-22)
(94.329837 0.13682167 2.3034421e-22)
(94.334531 0.14257324 4.0015298e-17)
(94.339699 0.1481709 0)
(94.345332 0.15356749 0)
(94.351415 0.15871811 4.514238e-17)
(94.357931 0.16358075 -4.697524e-17)
(94.364856 0.1681168 0)
(94.372159 0.17229154 5.0834463e-17)
(94.379808 0.17607449 -5.2865511e-17)
(94.387764 0.17943976 0)
(94.395989 0.18236639 5.7135551e-17)
(94.404439 0.18483862 -5.9379617e-17)
(94.413073 0.18684578 -6.1696589e-17)
(94.421842 0.18838169 6.4090881e-17)
(94.4307 0.18944426 -6.6561188e-17)
(94.439597 0.19003656 6.9112189e-17)
(94.448501 0.19016908 0)
(94.457393 0.18985871 7.4455481e-17)
(94.466234 0.18911884 -7.7253434e-17)
(94.474917 0.18794333 0)
(94.321248 0.10098659 -2.9267936e-17)
(94.323795 0.1058686 6.0976059e-17)
(94.32672 0.11078895 -3.1753143e-17)
(94.33003 0.11570422 0)
(94.333724 0.1205683 3.4423252e-17)
(94.337803 0.12532987 -3.5831286e-17)
(94.342262 0.12994927 3.7289148e-17)
(94.347091 0.13438669 -2.5983157e-22)
(94.352277 0.13860542 -8.072303e-17)
(94.357802 0.14257144 4.1978551e-17)
(94.363644 0.14625422 0)
(94.369779 0.14962705 0)
(94.376178 0.15266719 -4.7168185e-17)
(94.38281 0.15535599 4.9016296e-17)
(94.389644 0.15767893 5.0924658e-17)
(94.396644 0.15962564 -5.2896447e-17)
(94.403778 0.16118998 0)
(94.41101 0.16236974 0)
(94.418305 0.16316589 0)
(94.425625 0.16358208 0)
(94.432934 0.16362561 0)
(94.440208 0.16330965 0)
(94.447442 0.16265262 0)
(94.454609 0.1616684 0)
(94.461615 0.16035007 7.3645417e-17)
(94.32785 0.097836275 -5.4819864e-17)
(94.330454 0.10181689 2.8532216e-17)
(94.333376 0.1057972 0)
(94.336616 0.10973595 0)
(94.340152 0.11357979 0)
(94.343981 0.11729125 0)
(94.348109 0.12084469 3.476825e-17)
(94.35252 0.12420817 -3.6148451e-17)
(94.357199 0.1273548 0)
(94.362124 0.13025982 0)
(94.367276 0.13290221 4.0573892e-17)
(94.372629 0.13526448 -3.0310711e-22)
(94.37816 0.13733282 -4.3774056e-17)
(94.383842 0.13909693 -4.5451862e-17)
(94.389647 0.14054999 4.7183998e-17)
(94.395548 0.14168856 -4.8970165e-17)
(94.401517 0.14251249 1.0162553e-16)
(94.407529 0.14302459 -5.2712355e-17)
(94.413557 0.14322994 5.4669373e-17)
(94.419572 0.14313525 -5.6686397e-17)
(94.425546 0.14274944 0)
(94.431463 0.1420855 0)
(94.437319 0.14116072 0)
(94.443103 0.13998967 0)
(94.44875 0.13857011 -6.767106e-17)
(94.335011 0.092206758 5.3455731e-17)
(94.337806 0.095396781 -2.179306e-22)
(94.340824 0.09843497 -5.779636e-17)
(94.344054 0.10166226 0)
(94.347518 0.1045554 0)
(94.351214 0.10730537 0)
(94.35512 0.10987573 0)
(94.359223 0.11225086 6.999481e-17)
(94.363503 0.11441101 -4.1742321e-22)
(94.367939 0.11634101 -7.5452684e-17)
(94.372512 0.11802838 0)
(94.377199 0.11946477 0)
(94.381979 0.12064499 0)
(94.386828 0.12156681 -8.7439266e-17)
(94.391726 0.12223073 1.8134072e-16)
(94.396651 0.1226398 -9.399871e-17)
(94.401584 0.1227993 0)
(94.406505 0.12271593 0)
(94.411392 0.12239721 -1.045832e-16)
(94.416223 0.1218522 1.0831833e-16)
(94.42099 0.12109381 0)
(94.425699 0.12013882 0)
(94.430342 0.11899962 -1.2016261e-16)
(94.434849 0.11766907 1.2429469e-16)
(94.339217 0.090526659 -5.0129794e-17)
(94.341797 0.092942943 -5.2084492e-17)
(94.34455 0.095392744 5.4104305e-17)
(94.347499 0.097732858 -5.6189964e-17)
(94.35064 0.099893813 2.4892042e-22)
(94.353948 0.10186116 1.2113326e-16)
(94.357408 0.10363845 -2.9112114e-22)
(94.361003 0.10524308 -6.5226493e-17)
(94.364713 0.10665591 -6.7665974e-17)
(94.368519 0.10786703 7.018142e-17)
(94.372407 0.10887101 0)
(94.376363 0.10966566 0)
(94.380369 0.1102498 7.8193044e-17)
(94.384408 0.1106243 -8.1024597e-17)
(94.388464 0.11079198 0)
(94.392521 0.11075756 -8.6935834e-17)
(94.396565 0.1105274 9.0019672e-17)
(94.400582 0.1101089 0)
(94.404555 0.10950988 -9.6447987e-17)
(94.40847 0.10873882 9.9796609e-17)
(94.412318 0.10780637 0)
(94.416102 0.1067261 0)
(94.419824 0.10551011 1.1039117e-16)
(94.423451 0.10415774 -2.2816136e-16)
(94.344415 0.079415548 0)
(94.346839 0.081225129 0)
(94.349413 0.082958019 0)
(94.35212 0.084570602 -5.4563425e-17)
(94.354943 0.086054387 2.1156467e-22)
(94.357867 0.087392068 1.1733929e-16)
(94.360873 0.088575822 -2.3885379e-22)
(94.363947 0.089612781 -6.3027414e-17)
(94.367081 0.09052864 0)
(94.370268 0.091252587 -6.7645908e-17)
(94.373497 0.091799604 7.0056452e-17)
(94.376751 0.092176953 -7.2535231e-17)
(94.380016 0.092387985 1.5016885e-16)
(94.38328 0.092435215 -1.5540917e-16)
(94.386531 0.092322751 3.318051e-22)
(94.38976 0.092056743 8.3162895e-17)
(94.392957 0.091643986 -8.6002742e-17)
(94.396108 0.091090506 8.8918804e-17)
(94.399203 0.090402401 0)
(94.402239 0.089589077 -9.4980644e-17)
(94.405228 0.088664711 3.7052111e-22)
(94.408168 0.087640917 1.0135771e-16)
(94.411007 0.086509504 0)
(94.351855 0.083413167 4.7561644e-17)
(94.354126 0.084553024 4.9292312e-17)
(94.356489 0.08558616 -5.1074652e-17)
(94.358933 0.086499727 0)
(94.361447 0.08728365 0)
(94.36402 0.087937083 -5.6739025e-17)
(94.366645 0.088469977 1.1747294e-16)
(94.369315 0.08884902 -6.0790089e-17)
(94.372019 0.089079973 6.2900492e-17)
(94.374741 0.089172503 -1.3013846e-16)
(94.377467 0.089133618 6.7296913e-17)
(94.380189 0.088967137 0)
(94.382895 0.08867521 7.1932224e-17)
(94.385579 0.08825999 -7.4342223e-17)
(94.388233 0.087724408 0)
(94.39085 0.087072165 7.9349783e-17)
(94.393424 0.086308566 -1.6389934e-16)
(94.395944 0.085442572 1.6922888e-16)
(94.398405 0.084486857 -8.7345167e-17)
(94.400813 0.083452509 0)
(94.403175 0.082351384 -9.3006725e-17)
(94.405481 0.081185825 9.591938e-17)
(94.353715 0.063976359 4.467356e-17)
(94.355566 0.064839093 0)
(94.357472 0.065614406 0)
(94.359427 0.066297551 0)
(94.361424 0.066885294 0)
(94.363456 0.067376676 0)
(94.365516 0.067771883 0)
(94.367594 0.068070027 0)
(94.369682 0.068269732 0)
(94.371773 0.068371081 0)
(94.373862 0.068374928 0)
(94.375943 0.068280675 0)
(94.378005 0.068093189 -1.3317543e-16)
(94.380039 0.067819347 1.374724e-16)
(94.382036 0.067461248 1.4187438e-16)
(94.384 0.067019366 -2.9276772e-16)
(94.385945 0.066498686 3.5823339e-22)
(94.38786 0.065904713 3.6647973e-22)
(94.389652 0.065232412 3.2113388e-16)
(94.391471 0.064477813 -1.6551746e-16)
(94.393193 0.063647763 0)
(94.394869 0.062747783 1.757264e-16)
(94.36091 0.074700973 0)
(94.362612 0.075070083 0)
(94.364338 0.075353372 -9.276973e-17)
(94.366085 0.075547474 1.9166853e-16)
(94.36785 0.075651315 -9.8977496e-17)
(94.369627 0.075665698 1.0220025e-16)
(94.371411 0.075590528 -2.148354e-22)
(94.373194 0.075427678 -2.2143144e-22)
(94.374967 0.075179961 -1.1235962e-16)
(94.376731 0.074851094 -1.1591291e-16)
(94.378498 0.074449463 2.4787944e-22)
(94.380269 0.073989007 2.5929972e-22)
(94.381961 0.073475322 1.2709056e-16)
(94.383647 0.072902049 -1.3099197e-16)
(94.385297 0.072269352 2.654119e-22)
(94.386914 0.071581854 2.7813129e-16)
(94.388499 0.070841351 -2.6842325e-22)
(94.390056 0.070050387 -2.7106787e-22)
(94.391581 0.069216801 -1.5186715e-16)
(94.393067 0.068344441 -1.5632238e-16)
(94.394489 0.067424633 3.2169566e-16)
(94.358796 0.047968727 -8.4323757e-17)
(94.359998 0.048252973 -8.6999122e-17)
(94.361211 0.048479205 8.9739794e-17)
(94.362432 0.048645686 0)
(94.363657 0.048751706 0)
(94.364881 0.048796964 0)
(94.366098 0.048780267 0)
(94.367301 0.048699553 0)
(94.368492 0.048557145 -1.0759924e-16)
(94.369682 0.048359042 2.2164028e-16)
(94.370869 0.048111568 -1.4632591e-22)
(94.371991 0.047813375 -2.3495794e-16)
(94.373135 0.04746416 2.4183739e-16)
(94.374227 0.047065758 -1.2443319e-16)
(94.375313 0.046612209 0)
(94.376368 0.046092801 0)
(94.377411 0.045500849 0)
(94.378432 0.044843209 1.3925475e-16)
(94.379419 0.044139024 -1.4315559e-16)
(94.380352 0.043408188 0)
(94.365694 0.06931505 8.1685257e-17)
(94.366864 0.069233703 0)
(94.36804 0.069095605 0)
(94.369219 0.06890275 0)
(94.370398 0.068656995 0)
(94.371577 0.068359112 0)
(94.37275 0.068010473 0)
(94.373912 0.067614963 0)
(94.375063 0.067177453 0)
(94.37621 0.066702981 1.0562626e-16)
(94.377358 0.066197805 -1.0857884e-16)
(94.378462 0.065665567 0)
(94.379554 0.065104464 1.1466761e-16)
(94.380627 0.064515727 -1.1780565e-16)
(94.381676 0.063904185 1.210067e-16)
(94.382697 0.063273083 -1.2906132e-22)
(94.383689 0.062624406 -2.5520379e-16)
(94.384647 0.061960116 1.309974e-16)
(94.385567 0.06128099 0)
(94.362326 0.032931218 1.6226693e-16)
(94.362923 0.032879798 -8.3368822e-17)
(94.363516 0.032788946 0)
(94.364113 0.032654112 8.7978214e-17)
(94.364732 0.032476156 -9.0353565e-17)
(94.365337 0.032261152 -9.2776677e-17)
(94.365935 0.032012181 9.524836e-17)
(94.366531 0.031730823 0)
(94.36712 0.03141844 -1.0033947e-16)
(94.367702 0.031074082 4.9133606e-23)
(94.368279 0.030697867 1.0563209e-16)
(94.368848 0.030294407 -1.0835545e-16)
(94.369403 0.029872969 2.2226233e-16)
(94.369944 0.029442195 -1.1395983e-16)
(94.370478 0.029001298 -1.1684206e-16)
(94.371014 0.028535497 1.1977866e-16)
(94.371536 0.028025694 1.2275901e-16)
(94.37376 0.068443536 -1.5605668e-16)
(94.374541 0.068084563 0)
(94.375319 0.067687124 0)
(94.376117 0.067252775 0)
(94.376904 0.066790976 0)
(94.377683 0.066306397 1.7663243e-16)
(94.378455 0.065799214 -1.8098546e-16)
(94.379218 0.065269604 0)
(94.379971 0.064717446 0)
(94.380714 0.06414261 0)
(94.381444 0.063545995 -1.9922732e-16)
(94.382161 0.062930432 2.0400144e-16)
(94.382862 0.062301118 -2.0886315e-16)
(94.383545 0.061665333 2.1381418e-16)
(94.384209 0.061031502 0)
(94.384858 0.060406184 2.239727e-16)
(94.375777 0.017635789 0)
(94.375971 0.017404979 0)
(94.376174 0.017166245 0)
(94.376383 0.016918863 0)
(94.376603 0.016659138 0)
(94.376833 0.016384222 0)
(94.377076 0.016096308 0)
(94.377329 0.015800146 0)
(94.377591 0.015499282 0)
(94.377859 0.01519818 -1.8712527e-16)
(94.378133 0.014894206 1.9126439e-16)
(94.37842 0.014577819 1.9547811e-16)
(94.37872 0.014234398 -1.9976783e-16)
(94.379009 0.013866725 -2.0412466e-16)
(94.414902 0.074152328 -1.4884015e-16)
(94.415449 0.073336303 4.1524091e-23)
(94.415993 0.072471822 1.5502971e-16)
(94.416532 0.071557014 0)
(94.417067 0.070596348 0)
(94.417592 0.069603203 0)
(94.418102 0.068598155 0)
(94.41859 0.067600274 1.7152881e-16)
(94.419053 0.066617544 -1.7501263e-16)
(94.419493 0.065646649 0)
(94.419925 0.064683057 1.8217275e-16)
(94.420371 0.063727685 -3.7169172e-16)
)
;

boundaryField
{
    Side
    {
        type            empty;
    }
    Inlet
    {
        type            freestreamVelocity;
        freestreamValue uniform (94.3 0 0);
        value           nonuniform List<vector> 
32
(
(94.361158 0.024386084 2.4002458e-17)
(94.361377 0.024705951 -2.4991817e-17)
(94.361557 0.02498762 0)
(94.361703 0.025237219 -2.7041521e-17)
(94.361818 0.025457614 5.6277793e-17)
(94.361901 0.025657341 -2.928982e-17)
(94.361955 0.025852875 -1.4872099e-20)
(94.361981 0.026066448 7.7372143e-21)
(94.361979 0.026319934 6.5934739e-17)
(94.361947 0.026630009 -6.8603875e-17)
(94.361884 0.027004374 7.1363386e-17)
(94.361791 0.027437009 -7.4251759e-17)
(94.36167 0.027911301 -9.4296052e-21)
(94.361527 0.028411457 0)
(94.361364 0.028926123 -1.0205457e-20)
(94.361184 0.029444335 0)
(94.360991 0.029955969 -9.0488202e-17)
(94.360788 0.030453467 7.8556651e-25)
(94.360575 0.030932608 9.7950253e-17)
(94.360377 0.03139227 1.0197488e-16)
(94.357428 0.037061601 -7.4390847e-17)
(94.357702 0.036653908 2.075398e-23)
(94.357974 0.036222001 7.7485098e-17)
(94.358244 0.035764946 0)
(94.358511 0.035284974 0)
(94.358774 0.034788771 0)
(94.359029 0.034286615 0)
(94.359274 0.033788034 8.5733693e-17)
(94.359505 0.033297018 -8.7475436e-17)
(94.359726 0.032811911 0)
(94.359942 0.032330447 9.1055165e-17)
(94.360165 0.031853086 -1.8578312e-16)
)
;
    }
    Airfoil
    {
        type            noSlip;
    }
    Outlet
    {
        type            inletOutlet;
        inletValue      nonuniform List<vector> 0();
        value           nonuniform List<vector> 0();
    }
    procBoundary2to1
    {
        type            processor;
        value           nonuniform List<vector> 
71
(
(94.386374 0.0044219504 0)
(94.421826 0.04802142 4.6149275e-17)
(94.381494 0.011662064 3.6287247e-17)
(94.392694 0.043827688 0)
(94.392694 0.043827688 0)
(94.39767 0.039083554 8.4062316e-20)
(94.39767 0.039083554 8.4062316e-20)
(94.414618 0.040229519 0)
(94.395302 0.024257543 -1.9941218e-19)
(94.395302 0.024257543 -1.9941218e-19)
(94.418588 0.038715216 -6.8867091e-17)
(94.418588 0.038715216 -6.8867091e-17)
(94.433682 0.053737024 4.0755971e-17)
(94.433682 0.053737024 4.0755971e-17)
(94.463406 0.07403676 0)
(94.443313 0.061255862 0)
(94.443313 0.061255862 0)
(94.479784 0.089409306 -6.3915137e-17)
(94.479784 0.089409306 -6.3915137e-17)
(94.499062 0.11077845 7.5797975e-17)
(94.499062 0.11077845 7.5797975e-17)
(94.517069 0.13486184 8.8133381e-17)
(94.517069 0.13486184 8.8133381e-17)
(94.535494 0.16475109 -5.1954588e-17)
(94.535494 0.16475109 -5.1954588e-17)
(94.552956 0.1995381 4.7153178e-19)
(94.552956 0.1995381 4.7153178e-19)
(94.570039 0.24082561 0)
(94.561021 0.24411344 1.1468887e-18)
(94.561021 0.24411344 1.1468887e-18)
(94.575423 0.29144067 8.5890452e-17)
(94.575423 0.29144067 8.5890452e-17)
(94.587736 0.34602683 2.3120488e-23)
(94.587736 0.34602683 2.3120488e-23)
(94.596574 0.4081103 1.1673375e-16)
(94.58432 0.40886623 -1.2363765e-16)
(94.58432 0.40886623 -1.2363765e-16)
(94.587222 0.47782981 -1.4650856e-16)
(94.587222 0.47782981 -1.4650856e-16)
(94.583942 0.55467955 8.7372508e-17)
(94.571052 0.55297345 0)
(94.571052 0.55297345 0)
(92.037232 0.63045539 1.082932e-17)
(92.20294 0.72040315 -2.0033606e-17)
(92.319762 0.7948315 0)
(92.430776 0.8928402 8.5759044e-18)
(92.53455 0.95894576 -7.9394097e-18)
(92.647805 1.0250442 7.3475073e-18)
(92.766293 1.0699278 0)
(92.894126 1.1076506 0)
(92.894126 1.1076506 0)
(92.941917 1.3467074 1.2206893e-17)
(93.099228 1.3431138 0)
(93.252464 1.3219305 0)
(93.404522 1.2921014 1.9349882e-17)
(93.553499 1.2483003 1.7904348e-17)
(93.553499 1.2483003 1.7904348e-17)
(93.730184 1.3424211 0)
(93.878149 1.2604267 0)
(94.0061 1.174344 -2.9633619e-17)
(94.0061 1.174344 -2.9633619e-17)
(94.169083 1.1732991 2.8629487e-17)
(94.253452 1.0663191 -2.1984122e-21)
(94.321566 0.96228381 2.4450854e-17)
(94.321566 0.96228381 2.4450854e-17)
(94.430924 0.90494173 -4.7154381e-17)
(94.46661 0.80067465 -4.3541161e-17)
(94.46661 0.80067465 -4.3541161e-17)
(94.537159 0.72544681 4.1887683e-17)
(94.546085 0.63166308 0)
(94.546085 0.63166308 0)
)
;
    }
    procBoundary2to3
    {
        type            processor;
        value           nonuniform List<vector> 
65
(
(90.401805 0.056078822 0)
(91.79132 0.057742472 0)
(92.923901 0.05312405 0)
(93.613215 0.047455685 0)
(93.963646 0.04360452 1.5992478e-18)
(94.126671 0.041612056 -1.4820648e-18)
(94.195744 0.040878825 -2.7478003e-18)
(94.219221 0.041258181 0)
(94.220442 0.042094545 -2.3634146e-18)
(94.211789 0.043426365 0)
(94.188283 0.050050327 -2.1342032e-18)
(94.188283 0.050050327 -2.1342032e-18)
(94.176936 0.052051859 0)
(94.168428 0.054220527 -3.6771151e-18)
(94.163914 0.056527425 0)
(94.164291 0.058953084 -5.025654e-23)
(94.170099 0.06146066 -5.8872266e-18)
(94.180905 0.06400475 0)
(94.194615 0.066515747 5.0803695e-18)
(94.207924 0.069000939 4.7209142e-18)
(94.218274 0.071471882 -8.7759922e-18)
(94.225553 0.073995616 0)
(94.231234 0.076493863 7.5884087e-18)
(94.236614 0.078948491 7.059886e-18)
(94.242161 0.08125106 0)
(94.242304 0.091707383 1.2807409e-17)
(94.242304 0.091707383 1.2807409e-17)
(94.249076 0.093535858 -1.1927252e-17)
(94.255991 0.094966431 -1.111293e-17)
(94.263013 0.095988338 2.0719326e-17)
(94.270155 0.096417304 -1.9326161e-17)
(94.277469 0.096482475 0)
(94.284588 0.10290814 0)
(94.284588 0.10290814 0)
(94.29307 0.10144435 0)
(94.301576 0.098449494 -1.5373703e-17)
(94.311419 0.10187976 0)
(94.311419 0.10187976 0)
(94.319068 0.096187713 0)
(94.325551 0.093890268 -2.6326789e-17)
(94.33247 0.08890339 0)
(94.33247 0.08890339 0)
(94.336823 0.088076357 -9.647616e-17)
(94.342142 0.07750964 0)
(94.342142 0.07750964 0)
(94.349679 0.082180573 -4.5881131e-17)
(94.349679 0.082180573 -4.5881131e-17)
(94.351926 0.063032692 8.6294754e-17)
(94.35924 0.07425154 8.4037166e-17)
(94.35924 0.07425154 8.4037166e-17)
(94.357607 0.047629526 -8.1712365e-17)
(94.357607 0.047629526 -8.1712365e-17)
(94.364532 0.069338615 7.9304391e-17)
(94.364532 0.069338615 7.9304391e-17)
(94.361151 0.032922553 5.0268846e-23)
(94.361733 0.032945474 1.5788722e-16)
(94.361733 0.032945474 1.5788722e-16)
(94.372965 0.068770589 -3.0434309e-16)
(94.372965 0.068770589 -3.0434309e-16)
(94.375413 0.018055688 1.4620399e-16)
(94.375589 0.017855457 -1.4959476e-16)
(94.375589 0.017855457 -1.4959476e-16)
(94.413794 0.075660793 0)
(94.414351 0.074925056 1.4582931e-16)
(94.414351 0.074925056 1.4582931e-16)
)
;
    }
    procBoundary2to8
    {
        type            processor;
        value           nonuniform List<vector> 3((91.502621 0.45176052 0) (92.159896 0.32862885 0) (92.159896 0.32862885 0));
    }
    procBoundary2to9
    {
        type            processor;
        value           nonuniform List<vector> 
23
(
(89.059974 0.049046585 -1.2280836e-18)
(88.826261 0.051939344 1.2890134e-18)
(88.578225 0.0527567 0)
(88.316482 0.052317263 0)
(88.04361 0.052900389 -1.4905058e-18)
(87.759094 0.055711164 1.5643094e-18)
(87.462538 0.060620804 0)
(87.153066 0.067138795 0)
(86.829242 0.075181703 -1.8084059e-18)
(86.48964 0.083990117 1.8977496e-18)
(86.133239 0.093475944 -1.9916973e-18)
(85.759313 0.10393412 2.0899772e-18)
(85.367287 0.11589166 2.1933886e-18)
(84.956775 0.12986426 -2.3014673e-18)
(84.527331 0.14628132 2.4152924e-18)
(84.077564 0.16554799 -2.5341096e-18)
(83.604687 0.18796341 2.6594122e-18)
(83.104676 0.213842 -2.7899461e-18)
(82.575439 0.24405157 2.927874e-18)
(82.017019 0.28046738 -3.071266e-18)
(89.25213 0.097823807 0)
(89.25213 0.097823807 0)
(89.102407 0.10371294 6.2471912e-18)
)
;
    }
}


// ************************************************************************* //
