/*--------------------------------*- C++ -*----------------------------------*\
| =========                 |                                                 |
| \\      /  F ield         | OpenFOAM: The Open Source CFD Toolbox           |
|  \\    /   O peration     | Version:  2506                                  |
|   \\  /    A nd           | Website:  www.openfoam.com                      |
|    \\/     M anipulation  |                                                 |
\*---------------------------------------------------------------------------*/
FoamFile
{
    version     2.0;
    format      ascii;
    arch        "LSB;label=32;scalar=64";
    class       volScalarField;
    location    "0.00023";
    object      Co;
}
// * * * * * * * * * * * * * * * * * * * * * * * * * * * * * * * * * * * * * //

dimensions      [0 0 0 0 0 0 0];

internalField   nonuniform List<scalar> 
3426
(
3.7200338e-06
3.5593896e-06
3.4050512e-06
3.2568115e-06
5.2170171e-06
5.0014908e-06
4.7938083e-06
4.5937512e-06
4.4011032e-06
4.2156499e-06
4.0371791e-06
3.865481e-06
3.7003487e-06
3.5415784e-06
3.3889693e-06
3.2423239e-06
3.1014486e-06
2.966153e-06
2.8362509e-06
2.7115597e-06
4.9615025e-06
4.7571664e-06
4.5602189e-06
4.3704577e-06
4.1876823e-06
4.0116935e-06
3.842294e-06
3.6792887e-06
3.5224848e-06
3.3716922e-06
3.2267234e-06
3.0873941e-06
2.9535229e-06
2.8249319e-06
2.7014464e-06
2.5828953e-06
8.5855652e-06
8.2653696e-06
7.9548295e-06
7.6537833e-06
7.3620661e-06
7.0795079e-06
6.8059367e-06
6.541176e-06
6.2850478e-06
6.037371e-06
5.7979625e-06
5.5666377e-06
5.3432103e-06
5.1274933e-06
4.9192987e-06
4.7184386e-06
4.5247247e-06
4.3379695e-06
4.1579859e-06
3.9845877e-06
3.8175902e-06
3.65681e-06
3.5020657e-06
3.3531777e-06
3.2099688e-06
3.0722641e-06
2.9398913e-06
2.8126811e-06
2.6904667e-06
2.5730848e-06
2.4603748e-06
8.1443801e-06
7.8421359e-06
7.5489184e-06
7.2645801e-06
6.9889703e-06
6.7219341e-06
6.4633144e-06
6.2129503e-06
5.9706786e-06
5.7363337e-06
5.5097477e-06
5.2907514e-06
5.0791736e-06
4.8748422e-06
4.6775841e-06
4.4872261e-06
4.3035943e-06
4.1265153e-06
3.9558159e-06
3.7913238e-06
3.6328673e-06
3.4802765e-06
3.3333823e-06
3.1920177e-06
3.0560176e-06
2.9252189e-06
2.7994607e-06
2.6785847e-06
2.562435e-06
2.4508585e-06
2.3437051e-06
7.7257244e-06
7.4404272e-06
7.1635709e-06
6.8950204e-06
6.6346377e-06
6.3822816e-06
6.1378077e-06
5.9010697e-06
5.6719178e-06
5.4502004e-06
5.2357636e-06
5.0284519e-06
4.8281082e-06
4.634574e-06
4.4476902e-06
4.2672967e-06
4.0932335e-06
3.9253399e-06
3.7634558e-06
3.6074215e-06
3.4570781e-06
3.3122673e-06
3.1728324e-06
3.0386178e-06
2.9094698e-06
2.7852362e-06
2.665767e-06
2.5509142e-06
2.4405321e-06
2.3344776e-06
2.2326098e-06
7.3285336e-06
7.0592271e-06
6.7978161e-06
6.5441769e-06
6.2981826e-06
6.0597037e-06
5.8286085e-06
5.6047623e-06
5.3880281e-06
5.1782667e-06
4.9753371e-06
4.7790963e-06
4.5893999e-06
4.4061022e-06
4.2290566e-06
4.0581156e-06
3.8931312e-06
3.7339552e-06
3.5804394e-06
3.4324358e-06
3.2897971e-06
3.1523766e-06
3.0200284e-06
2.8926079e-06
2.769972e-06
2.6519788e-06
2.5384884e-06
2.4293625e-06
2.3244651e-06
2.2236622e-06
2.1268219e-06
7.7598936e-06
7.4828368e-06
7.2134996e-06
6.9517731e-06
6.6975481e-06
6.4507121e-06
6.2111507e-06
5.9787473e-06
5.753383e-06
5.5349362e-06
5.3232833e-06
5.1182987e-06
4.9198545e-06
4.7278212e-06
4.5420671e-06
4.3624597e-06
4.1888647e-06
4.021147e-06
3.8591707e-06
3.702799e-06
3.5518951e-06
3.4063219e-06
3.2659423e-06
3.1306198e-06
3.0002181e-06
2.8746019e-06
2.7536366e-06
2.637189e-06
2.5251269e-06
2.4173199e-06
2.3136388e-06
2.2139566e-06
2.1181478e-06
2.0260892e-06
7.6257212e-06
7.3570089e-06
7.0956256e-06
6.8414707e-06
6.5944417e-06
6.3544363e-06
6.1213496e-06
5.8950756e-06
5.6755063e-06
5.4625319e-06
5.2560401e-06
5.0559173e-06
4.8620476e-06
4.6743136e-06
4.4925959e-06
4.3167733e-06
4.146724e-06
3.9823242e-06
3.8234492e-06
3.6699737e-06
3.5217714e-06
3.3787159e-06
3.2406803e-06
3.1075377e-06
2.9791615e-06
2.8554253e-06
2.7362034e-06
2.6213707e-06
2.5108032e-06
2.4043779e-06
2.3019729e-06
2.203468e-06
2.1087443e-06
2.0176846e-06
1.9301736e-06
7.4893229e-06
7.2288407e-06
6.9753272e-06
6.7286852e-06
6.4888184e-06
6.2556302e-06
6.0290229e-06
5.8088988e-06
5.5951588e-06
5.387702e-06
5.1864266e-06
4.9912289e-06
4.8020034e-06
4.6186435e-06
4.4410406e-06
4.2690846e-06
4.1026641e-06
3.9416665e-06
3.7859775e-06
3.6354824e-06
3.4900652e-06
3.3496095e-06
3.2139982e-06
3.0831139e-06
2.9568392e-06
2.8350566e-06
2.7176489e-06
2.6044994e-06
2.4954917e-06
2.3905105e-06
2.2894412e-06
2.1921702e-06
2.0985853e-06
2.0085756e-06
1.9220314e-06
1.8388449e-06
7.0987736e-06
6.8529959e-06
6.6137638e-06
6.3809829e-06
6.1545598e-06
5.9344021e-06
5.7204165e-06
5.5125107e-06
5.3105914e-06
5.114564e-06
4.9243336e-06
4.7398035e-06
4.5608761e-06
4.3874521e-06
4.2194314e-06
4.056712e-06
3.8991913e-06
3.7467648e-06
3.5993273e-06
3.4567728e-06
3.318994e-06
3.1858832e-06
3.0573323e-06
2.9332325e-06
2.813475e-06
2.697951e-06
2.5865515e-06
2.4791684e-06
2.3756933e-06
2.2760191e-06
2.1800389e-06
2.0876469e-06
1.9987385e-06
1.9132101e-06
1.8309592e-06
1.751885e-06
7.2119599e-06
6.9673738e-06
6.7291408e-06
6.4971619e-06
6.2713415e-06
6.0515864e-06
5.8378055e-06
5.6299089e-06
5.4278077e-06
5.2314132e-06
5.0406367e-06
4.8553897e-06
4.6755822e-06
4.5011242e-06
4.3319245e-06
4.1678907e-06
4.0089299e-06
3.8549475e-06
3.7058483e-06
3.5615357e-06
3.4219123e-06
3.2868801e-06
3.1563397e-06
3.0301916e-06
2.9083355e-06
2.7906708e-06
2.6770966e-06
2.567512e-06
2.4618159e-06
2.3599076e-06
2.2616868e-06
2.1670534e-06
2.0759082e-06
1.9881524e-06
1.9036886e-06
1.8224198e-06
1.7442505e-06
1.6690864e-06
7.0723686e-06
6.8353201e-06
6.6043781e-06
6.379437e-06
6.1603965e-06
5.9471607e-06
5.739637e-06
5.5377355e-06
5.3413679e-06
5.1504487e-06
4.964892e-06
4.7846129e-06
4.6095273e-06
4.4395502e-06
4.2745964e-06
4.1145808e-06
3.9594169e-06
3.8090179e-06
3.6632958e-06
3.522162e-06
3.3855271e-06
3.2533007e-06
3.1253917e-06
3.0017083e-06
2.8821581e-06
2.7666482e-06
2.6550854e-06
2.547376e-06
2.4434263e-06
2.3431426e-06
2.2464313e-06
2.1531991e-06
2.0633528e-06
1.9768001e-06
1.893449e-06
1.8132084e-06
1.7359881e-06
1.6616987e-06
1.5902519e-06
6.9331574e-06
6.7032875e-06
6.4793225e-06
6.2611472e-06
6.0486532e-06
5.8417383e-06
5.6403056e-06
5.444262e-06
5.2535183e-06
5.0679872e-06
4.8875849e-06
4.712228e-06
4.5418347e-06
4.376324e-06
4.215615e-06
4.0596272e-06
3.9082799e-06
3.7614918e-06
3.6191817e-06
3.4812674e-06
3.347666e-06
3.2182944e-06
3.0930685e-06
2.9719036e-06
2.8547146e-06
2.7414156e-06
2.6319204e-06
2.5261425e-06
2.4239949e-06
2.3253907e-06
2.2302427e-06
2.1384639e-06
2.0499676e-06
1.964667e-06
1.8824761e-06
1.8033093e-06
1.7270815e-06
1.6537085e-06
1.5831068e-06
1.515194e-06
6.7951627e-06
6.5720458e-06
6.3546805e-06
6.1429384e-06
5.9367002e-06
5.7358541e-06
5.5402956e-06
5.3499259e-06
5.1646508e-06
4.9843808e-06
4.8090293e-06
4.6385133e-06
4.4727504e-06
4.311662e-06
4.1551692e-06
4.0031944e-06
3.8556607e-06
3.7124914e-06
3.5736097e-06
3.4389388e-06
3.3084017e-06
3.1819207e-06
3.0594182e-06
2.9408156e-06
2.826034e-06
2.7149942e-06
2.6076164e-06
2.5038204e-06
2.4035257e-06
2.3066515e-06
2.213117e-06
2.1228413e-06
2.0357432e-06
1.9517421e-06
1.8707573e-06
1.7927086e-06
1.7175161e-06
1.6451006e-06
1.5753834e-06
1.5082865e-06
1.4437329e-06
7.1105885e-06
6.8819473e-06
6.6592839e-06
6.4424275e-06
6.2312204e-06
6.0255178e-06
5.8251861e-06
5.6301013e-06
5.4401478e-06
5.255218e-06
5.0752106e-06
4.9000301e-06
4.7295859e-06
4.5637911e-06
4.4025628e-06
4.24582e-06
4.0934851e-06
3.9454812e-06
3.8017336e-06
3.6621678e-06
3.5267106e-06
3.3952889e-06
3.2678297e-06
3.1442604e-06
3.024508e-06
2.9084995e-06
2.7961612e-06
2.6874196e-06
2.5822006e-06
2.4804299e-06
2.3820326e-06
2.2869339e-06
2.1950586e-06
2.1063314e-06
2.0206769e-06
1.9380198e-06
1.8582849e-06
1.7813969e-06
1.7072812e-06
1.6358632e-06
1.567069e-06
1.5008251e-06
1.4370588e-06
1.375698e-06
6.7434296e-06
6.5264944e-06
6.3153385e-06
6.1097835e-06
5.9096643e-06
5.7148301e-06
5.5251413e-06
5.3404691e-06
5.1606937e-06
4.9857038e-06
4.8153956e-06
4.6496711e-06
4.4884382e-06
4.3316095e-06
4.1791012e-06
4.0308331e-06
3.8867282e-06
3.7467109e-06
3.6107084e-06
3.4786483e-06
3.3504602e-06
3.2260739e-06
3.1054198e-06
2.9884288e-06
2.8750321e-06
2.7651605e-06
2.658745e-06
2.5557165e-06
2.4560056e-06
2.3595426e-06
2.266258e-06
2.1760818e-06
2.0889438e-06
2.0047739e-06
1.9235017e-06
1.8450571e-06
1.76937e-06
1.6963703e-06
1.6259882e-06
1.5581543e-06
1.4927995e-06
1.4298552e-06
1.3692535e-06
1.3109268e-06
6.3978027e-06
6.1917245e-06
5.991252e-06
5.7961993e-06
5.6063946e-06
5.4216802e-06
5.2419107e-06
5.0669521e-06
4.89668e-06
4.7309794e-06
4.569743e-06
4.4128703e-06
4.2602673e-06
4.1118449e-06
3.9675188e-06
3.8272086e-06
3.6908371e-06
3.5583298e-06
3.4296149e-06
3.3046217e-06
3.1832818e-06
3.0655275e-06
2.951292e-06
2.8405092e-06
2.7331135e-06
2.6290393e-06
2.5282216e-06
2.4305951e-06
2.3360947e-06
2.244655e-06
2.1562107e-06
2.0706966e-06
1.9880469e-06
1.9081962e-06
1.8310788e-06
1.7566293e-06
1.6847821e-06
1.6154719e-06
1.5486337e-06
1.4842025e-06
1.4221138e-06
1.3623036e-06
1.3047083e-06
1.2492648e-06
6.6956091e-06
6.4818709e-06
6.2742826e-06
6.0725952e-06
5.8765757e-06
5.6860117e-06
5.5007097e-06
5.3204905e-06
5.14519e-06
4.974657e-06
4.8087519e-06
4.6473455e-06
4.4903187e-06
4.3375606e-06
4.1889676e-06
4.0444434e-06
3.9038971e-06
3.767243e-06
3.6343999e-06
3.5052905e-06
3.3798404e-06
3.2579784e-06
3.1396351e-06
3.0247435e-06
2.9132375e-06
2.8050529e-06
2.7001259e-06
2.5983937e-06
2.4997939e-06
2.4042645e-06
2.3117439e-06
2.2221706e-06
2.135483e-06
2.0516198e-06
1.9705197e-06
1.8921211e-06
1.8163629e-06
1.7431835e-06
1.6725217e-06
1.6043165e-06
1.5385066e-06
1.4750313e-06
1.41383e-06
1.3548424e-06
1.2980085e-06
1.243269e-06
1.1905648e-06
6.7885739e-06
6.5715262e-06
6.3611119e-06
6.157023e-06
5.9589778e-06
5.7667202e-06
5.5800109e-06
5.3986284e-06
5.222371e-06
5.0510525e-06
4.8845023e-06
4.7225629e-06
4.5650893e-06
4.4119475e-06
4.2630138e-06
4.1181734e-06
3.9773197e-06
3.8403533e-06
3.7071814e-06
3.5777163e-06
3.4518758e-06
3.3295818e-06
3.2107598e-06
3.0953385e-06
2.9832495e-06
2.8744264e-06
2.7688048e-06
2.6663218e-06
2.566916e-06
2.4705266e-06
2.377094e-06
2.2865588e-06
2.1988626e-06
2.1139469e-06
2.0317535e-06
1.9522247e-06
1.8753025e-06
1.8009294e-06
1.7290477e-06
1.6596e-06
1.5925288e-06
1.5277769e-06
1.4652872e-06
1.4050027e-06
1.3468667e-06
1.2908229e-06
1.2368153e-06
1.1847881e-06
1.1346861e-06
6.6715087e-06
6.4565887e-06
6.2485764e-06
6.0471307e-06
5.8519355e-06
5.6626979e-06
5.4791518e-06
5.3010516e-06
5.1281686e-06
4.9602931e-06
4.7972318e-06
4.6388074e-06
4.4848565e-06
4.3352286e-06
4.1897845e-06
4.0483959e-06
3.9109441e-06
3.7773188e-06
3.6474177e-06
3.5211453e-06
3.3984121e-06
3.2791342e-06
3.1632324e-06
3.0506314e-06
2.9412601e-06
2.8350497e-06
2.7319346e-06
2.6318515e-06
2.5347385e-06
2.4405358e-06
2.3491845e-06
2.260627e-06
2.1748064e-06
2.0916667e-06
2.0111522e-06
1.9332077e-06
1.8577784e-06
1.7848097e-06
1.7142471e-06
1.6460366e-06
1.5801241e-06
1.5164556e-06
1.4549775e-06
1.3956363e-06
1.3383786e-06
1.2831513e-06
1.2299016e-06
1.1785771e-06
1.1291256e-06
1.0814953e-06
6.7873094e-06
6.5658448e-06
6.3520291e-06
6.1454545e-06
5.9457431e-06
5.7525455e-06
5.5655378e-06
5.384419e-06
5.2089131e-06
5.0387662e-06
4.8737437e-06
4.7136284e-06
4.5582199e-06
4.4073346e-06
4.2608031e-06
4.1184692e-06
3.9801885e-06
3.8458283e-06
3.7152655e-06
3.5883863e-06
3.4650849e-06
3.345263e-06
3.2288291e-06
3.115697e-06
3.0057864e-06
2.8990208e-06
2.7953285e-06
2.6946405e-06
2.5968915e-06
2.5020183e-06
2.4099603e-06
2.3206585e-06
2.2340557e-06
2.1500957e-06
2.0687237e-06
1.9898857e-06
1.9135286e-06
1.8395994e-06
1.7680461e-06
1.6988171e-06
1.6318606e-06
1.5671256e-06
1.5045612e-06
1.4441166e-06
1.3857414e-06
1.3293853e-06
1.2749982e-06
1.2225303e-06
1.1719321e-06
1.1231545e-06
1.0761484e-06
1.0308656e-06
6.6947398e-06
6.4728822e-06
6.2591055e-06
6.0529623e-06
5.8540362e-06
5.6619416e-06
5.4763204e-06
5.2968412e-06
5.1231963e-06
4.9551011e-06
4.7922932e-06
4.6345316e-06
4.4815925e-06
4.3332686e-06
4.18937e-06
4.0497214e-06
3.9141611e-06
3.7825398e-06
3.6547197e-06
3.5305738e-06
3.409984e-06
3.2928415e-06
3.1790449e-06
3.0685e-06
2.9611186e-06
2.8568185e-06
2.7555221e-06
2.6571565e-06
2.5616524e-06
2.468944e-06
2.3789687e-06
2.2916658e-06
2.2069774e-06
2.1248471e-06
2.0452203e-06
1.9680436e-06
1.8932648e-06
1.8208325e-06
1.7506962e-06
1.6828061e-06
1.6171129e-06
1.5535675e-06
1.4921217e-06
1.4327271e-06
1.3753359e-06
1.3199005e-06
1.2663737e-06
1.2147083e-06
1.1648575e-06
1.1167749e-06
1.0704142e-06
1.0257295e-06
9.8267549e-07
6.3938343e-06
6.1789999e-06
5.9722469e-06
5.7731209e-06
5.5811981e-06
5.3960854e-06
5.2174174e-06
5.044855e-06
4.8780837e-06
4.7168121e-06
4.56077e-06
4.4097093e-06
4.2634002e-06
4.121629e-06
3.9841995e-06
3.8509309e-06
3.7216559e-06
3.59622e-06
3.4744809e-06
3.3563072e-06
3.241577e-06
3.1301778e-06
3.0220051e-06
2.9169618e-06
2.8149577e-06
2.7159084e-06
2.6197347e-06
2.5263624e-06
2.4357216e-06
2.3477458e-06
2.2623721e-06
2.1795402e-06
2.0991923e-06
2.021273e-06
1.9457284e-06
1.8725064e-06
1.8015561e-06
1.732828e-06
1.6662732e-06
1.6018438e-06
1.5394926e-06
1.4791731e-06
1.4208389e-06
1.3644445e-06
1.3099446e-06
1.257294e-06
1.2064482e-06
1.1573627e-06
1.1099936e-06
1.0642971e-06
1.0202297e-06
9.7774828e-07
9.3681019e-07
6.1129155e-06
5.904483e-06
5.7041393e-06
5.5114236e-06
5.3259054e-06
5.1471848e-06
4.97489e-06
4.8086747e-06
4.6482178e-06
4.4932215e-06
4.3434089e-06
4.198525e-06
4.0583341e-06
3.9226165e-06
3.7911701e-06
3.6638083e-06
3.5403588e-06
3.4206621e-06
3.3045711e-06
3.1919501e-06
3.0826733e-06
2.9766246e-06
2.8736962e-06
2.773788e-06
2.6768075e-06
2.5826678e-06
2.4912883e-06
2.4025931e-06
2.3165111e-06
2.2329752e-06
2.1519218e-06
2.0732907e-06
1.997024e-06
1.9230666e-06
1.8513654e-06
1.7818692e-06
1.7145282e-06
1.6492939e-06
1.5861192e-06
1.5249577e-06
1.4657641e-06
1.4084937e-06
1.3531023e-06
1.2995465e-06
1.247783e-06
1.1977694e-06
1.1494633e-06
1.1028227e-06
1.0578061e-06
1.0143723e-06
9.7248034e-07
9.3208958e-07
8.9315986e-07
6.512392e-06
6.2823427e-06
6.0620016e-06
5.8507967e-06
5.6481939e-06
5.4536925e-06
5.266826e-06
5.0871585e-06
4.9142835e-06
4.7478234e-06
4.5874255e-06
4.4327627e-06
4.283531e-06
4.1394475e-06
4.0002508e-06
3.8656993e-06
3.735568e-06
3.609649e-06
3.4877503e-06
3.3696945e-06
3.2553172e-06
3.1444669e-06
3.0370035e-06
2.9327972e-06
2.8317282e-06
2.7336855e-06
2.6385661e-06
2.5462746e-06
2.456722e-06
2.3698254e-06
2.2855076e-06
2.2036959e-06
2.1243222e-06
2.0473224e-06
1.9726353e-06
1.9002034e-06
1.8299715e-06
1.7618869e-06
1.6958988e-06
1.6319582e-06
1.5700178e-06
1.5100316e-06
1.4519545e-06
1.3957428e-06
1.3413533e-06
1.2887438e-06
1.2378726e-06
1.1886985e-06
1.141181e-06
1.09528e-06
1.0509556e-06
1.0081686e-06
9.6687993e-07
9.2705102e-07
8.8864357e-07
8.516197e-07
6.4873423e-06
6.2521674e-06
6.0273449e-06
5.8122604e-06
5.6063378e-06
5.4090388e-06
5.2198578e-06
5.0383236e-06
4.863995e-06
4.6964604e-06
4.5353363e-06
4.3802647e-06
4.2309126e-06
4.0869707e-06
3.9481505e-06
3.8141847e-06
3.6848258e-06
3.5598439e-06
3.4390261e-06
3.3221748e-06
3.2091078e-06
3.0996561e-06
2.9936636e-06
2.8909861e-06
2.7914899e-06
2.6950515e-06
2.6015565e-06
2.510899e-06
2.4229806e-06
2.33771e-06
2.2550023e-06
2.1747781e-06
2.0969636e-06
2.0214891e-06
1.9482897e-06
1.8773036e-06
1.8084728e-06
1.7417419e-06
1.6770583e-06
1.6143714e-06
1.5536331e-06
1.4947966e-06
1.4378166e-06
1.3826495e-06
1.3292525e-06
1.2775841e-06
1.2276033e-06
1.1792701e-06
1.1325453e-06
1.0873899e-06
1.0437657e-06
1.001635e-06
9.6096045e-07
9.2170503e-07
8.8383222e-07
8.4730589e-07
8.1209022e-07
6.4819795e-06
6.2404679e-06
6.0099993e-06
5.7899163e-06
5.5796016e-06
5.3784761e-06
5.1859977e-06
5.001657e-06
4.8249786e-06
4.6555167e-06
4.492855e-06
4.3366052e-06
4.1864043e-06
4.0419143e-06
3.9028206e-06
3.7688297e-06
3.6396693e-06
3.5150862e-06
3.3948456e-06
3.2787298e-06
3.1665364e-06
3.0580784e-06
2.9531825e-06
2.851688e-06
2.7534467e-06
2.6583211e-06
2.5661841e-06
2.476918e-06
2.3904136e-06
2.3065699e-06
2.2252929e-06
2.1464956e-06
2.0700966e-06
1.9960202e-06
1.9241957e-06
1.8545566e-06
1.7870407e-06
1.7215889e-06
1.6581458e-06
1.5966584e-06
1.5370764e-06
1.4793517e-06
1.4234382e-06
1.3692913e-06
1.316868e-06
1.2661267e-06
1.2170269e-06
1.1695291e-06
1.1235945e-06
1.0791853e-06
1.0362644e-06
9.94795e-07
9.5474121e-07
9.1606743e-07
8.7873856e-07
8.4271993e-07
8.0797728e-07
7.7447676e-07
7.0337909e-06
6.7588919e-06
6.4973085e-06
6.2482487e-06
6.0109658e-06
5.7847596e-06
5.5689715e-06
5.3629819e-06
5.1662091e-06
4.9781082e-06
4.7981667e-06
4.6259053e-06
4.4608747e-06
4.3026544e-06
4.1508518e-06
4.0050999e-06
3.8650555e-06
3.7303997e-06
3.6008345e-06
3.4760827e-06
3.3558865e-06
3.2400059e-06
3.1282189e-06
3.0203188e-06
2.9161138e-06
2.8154264e-06
2.7180919e-06
2.623958e-06
2.5328834e-06
2.4447376e-06
2.3593994e-06
2.2767567e-06
2.1967056e-06
2.1191496e-06
2.0439992e-06
1.971171e-06
1.9005876e-06
1.8321765e-06
1.7658702e-06
1.7016052e-06
1.6393218e-06
1.5789638e-06
1.520478e-06
1.4638139e-06
1.4089235e-06
1.355761e-06
1.3042821e-06
1.2544446e-06
1.2062075e-06
1.1595313e-06
1.1143775e-06
1.0707086e-06
1.0284879e-06
9.8767964e-07
9.4824868e-07
9.1016051e-07
8.7338113e-07
8.3787711e-07
8.0361547e-07
7.7056364e-07
7.3868953e-07
6.8054193e-06
6.5342541e-06
6.276436e-06
6.0311725e-06
5.797718e-06
5.5753718e-06
5.3634741e-06
5.161404e-06
4.9685782e-06
4.7844492e-06
4.6085022e-06
4.440255e-06
4.279255e-06
4.1250785e-06
3.9773291e-06
3.8356358e-06
3.6996516e-06
3.5690535e-06
3.443539e-06
3.322827e-06
3.2066551e-06
3.0947792e-06
2.9869727e-06
2.8830247e-06
2.7827395e-06
2.6859353e-06
2.5924435e-06
2.5021081e-06
2.4147841e-06
2.3303375e-06
2.2486439e-06
2.1695881e-06
2.0930635e-06
2.0189708e-06
1.9472182e-06
1.8777203e-06
1.8103977e-06
1.7451762e-06
1.6819868e-06
1.6207649e-06
1.5614498e-06
1.5039846e-06
1.4483156e-06
1.3943918e-06
1.3421653e-06
1.2915901e-06
1.2426224e-06
1.1952202e-06
1.1493432e-06
1.1049526e-06
1.0620105e-06
1.0204806e-06
9.8032727e-07
9.4151582e-07
9.0401239e-07
8.677838e-07
8.3279746e-07
7.990214e-07
7.6642411e-07
7.3497461e-07
7.0464235e-07
6.593657e-06
6.3258779e-06
6.0714718e-06
5.8296474e-06
5.59966e-06
5.3808093e-06
5.1724351e-06
4.9739161e-06
4.7846673e-06
4.6041403e-06
4.4318178e-06
4.2672157e-06
4.1098788e-06
3.9593804e-06
3.8153211e-06
3.6773265e-06
3.5450465e-06
3.4181539e-06
3.2963429e-06
3.1793281e-06
3.0668438e-06
2.9586416e-06
2.8544908e-06
2.7541768e-06
2.6574999e-06
2.5642745e-06
2.4743284e-06
2.3875018e-06
2.3036462e-06
2.2226245e-06
2.1443089e-06
2.0685814e-06
1.9953324e-06
1.9244601e-06
1.8558702e-06
1.7894753e-06
1.7251939e-06
1.66295e-06
1.6026733e-06
1.5442976e-06
1.4877613e-06
1.4330065e-06
1.3799788e-06
1.3286268e-06
1.2789022e-06
1.2307589e-06
1.1841532e-06
1.1390433e-06
1.0953894e-06
1.0531528e-06
1.0122967e-06
9.7278535e-07
9.3458401e-07
8.97659e-07
8.6197752e-07
8.2750751e-07
7.9421765e-07
7.6207721e-07
7.3105605e-07
7.0112455e-07
6.7225359e-07
6.3973624e-06
6.1326589e-06
5.8813479e-06
5.6426415e-06
5.4157955e-06
5.2001111e-06
4.9949284e-06
4.7996258e-06
4.613618e-06
4.4363555e-06
4.2673198e-06
4.106025e-06
3.9520141e-06
3.804858e-06
3.6641548e-06
3.5295273e-06
3.4006224e-06
3.2771099e-06
3.1586805e-06
3.0450457e-06
2.9359359e-06
2.8310994e-06
2.7303018e-06
2.6333249e-06
2.5399654e-06
2.4500342e-06
2.3633554e-06
2.279766e-06
2.1991142e-06
2.1212594e-06
2.0460711e-06
1.9734282e-06
1.9032183e-06
1.8353372e-06
1.7696881e-06
1.7061814e-06
1.6447335e-06
1.5852668e-06
1.5277092e-06
1.4719931e-06
1.4180558e-06
1.3658383e-06
1.3152854e-06
1.2663451e-06
1.2189685e-06
1.1731094e-06
1.1287239e-06
1.0857703e-06
1.0442088e-06
1.0040014e-06
9.6511148e-07
9.2750388e-07
8.9114468e-07
8.5600095e-07
8.2204081e-07
7.8923317e-07
7.5754776e-07
7.2695496e-07
6.9742581e-07
6.6893193e-07
6.4144545e-07
6.2154684e-06
5.9535639e-06
5.7050655e-06
5.4691887e-06
5.2451919e-06
5.0323772e-06
4.8300859e-06
4.6376969e-06
4.4546249e-06
4.28032e-06
4.1142631e-06
3.9559671e-06
3.8049736e-06
3.6608517e-06
3.5231977e-06
3.391632e-06
3.2657989e-06
3.1453657e-06
3.0300202e-06
2.9194709e-06
2.8134452e-06
2.711688e-06
2.6139619e-06
2.5200451e-06
2.4297314e-06
2.3428281e-06
2.2591562e-06
2.1785494e-06
2.1008528e-06
2.0259227e-06
1.9536258e-06
1.883838e-06
1.8164443e-06
1.7513382e-06
1.6884202e-06
1.6275986e-06
1.5687878e-06
1.5119084e-06
1.4568865e-06
1.4036532e-06
1.3521443e-06
1.3022998e-06
1.2540635e-06
1.2073828e-06
1.162208e-06
1.1184926e-06
1.0761923e-06
1.0352655e-06
9.9567226e-07
9.573748e-07
9.2033689e-07
8.8452377e-07
8.4990199e-07
8.1643932e-07
7.8410461e-07
7.5286757e-07
7.2269884e-07
6.9356977e-07
6.6545242e-07
6.383195e-07
6.1214424e-07
6.0469468e-06
5.7875959e-06
5.541659e-06
5.3083555e-06
5.0869463e-06
4.8767356e-06
4.6770659e-06
4.4873175e-06
4.3069055e-06
4.1352803e-06
3.9719226e-06
3.8163447e-06
3.6680871e-06
3.526718e-06
3.3918321e-06
3.263048e-06
3.1400081e-06
3.0223773e-06
2.9098411e-06
2.8021054e-06
2.6988949e-06
2.5999518e-06
2.5050356e-06
2.4139218e-06
2.3264009e-06
2.2422773e-06
2.1613692e-06
2.083507e-06
2.008533e-06
1.9363007e-06
1.8666738e-06
1.7995258e-06
1.7347389e-06
1.6722041e-06
1.6118197e-06
1.5534919e-06
1.4971329e-06
1.4426614e-06
1.390002e-06
1.3390842e-06
1.2898423e-06
1.2422152e-06
1.1961457e-06
1.1515802e-06
1.1084684e-06
1.0667632e-06
1.0264201e-06
9.8739698e-07
9.49654e-07
9.1315332e-07
8.7785887e-07
8.4373619e-07
8.1075223e-07
7.7887523e-07
7.4807462e-07
7.1832083e-07
6.8958522e-07
6.6183995e-07
6.35058e-07
6.0921298e-07
5.8427915e-07
5.8908507e-06
5.6338373e-06
5.39024e-06
5.159282e-06
4.9402275e-06
4.732383e-06
4.535093e-06
4.3477395e-06
4.1697387e-06
4.0005417e-06
3.8396294e-06
3.6865143e-06
3.5407363e-06
3.4018631e-06
3.269488e-06
3.1432286e-06
3.0227257e-06
2.9076423e-06
2.7976621e-06
2.6924888e-06
2.5918447e-06
2.4954697e-06
2.4031206e-06
2.3145703e-06
2.2296067e-06
2.1480315e-06
2.0696598e-06
1.9943196e-06
1.9218505e-06
1.8521031e-06
1.7849385e-06
1.7202276e-06
1.6578503e-06
1.597695e-06
1.5396581e-06
1.4836433e-06
1.4295609e-06
1.3773279e-06
1.326867e-06
1.278106e-06
1.2309781e-06
1.1854208e-06
1.1413758e-06
1.0987885e-06
1.0576079e-06
1.0177861e-06
9.792782e-07
9.4204171e-07
9.0603657e-07
8.7122483e-07
8.3757044e-07
8.0503908e-07
7.7359798e-07
7.4321572e-07
7.1386218e-07
6.8550832e-07
6.5812611e-07
6.3168843e-07
6.0616898e-07
5.815422e-07
5.5778321e-07
5.746273e-06
5.4914085e-06
5.2499557e-06
5.0211424e-06
4.804236e-06
4.5985462e-06
4.4034201e-06
4.2182415e-06
4.0424285e-06
3.8754332e-06
3.7167374e-06
3.565854e-06
3.4223229e-06
3.2857115e-06
3.1556128e-06
3.0316434e-06
2.9134429e-06
2.8006732e-06
2.6930162e-06
2.5901738e-06
2.4918666e-06
2.3978323e-06
2.3078255e-06
2.2216167e-06
2.1389916e-06
2.0597493e-06
1.9837026e-06
1.9106768e-06
1.8405089e-06
1.7730472e-06
1.7081503e-06
1.6456866e-06
1.5855338e-06
1.5275779e-06
1.4717131e-06
1.4178411e-06
1.3658702e-06
1.3157157e-06
1.2672982e-06
1.2205444e-06
1.1753857e-06
1.1317584e-06
1.089603e-06
1.0488639e-06
1.0094894e-06
9.7143071e-07
9.3464226e-07
8.9908116e-07
8.6470702e-07
8.3148168e-07
7.9936898e-07
7.6833464e-07
7.3834599e-07
7.0937189e-07
6.813825e-07
6.543492e-07
6.2824446e-07
6.0304172e-07
5.7871532e-07
5.5524037e-07
5.3259273e-07
5.6123683e-06
5.3594892e-06
5.1200109e-06
4.8931661e-06
4.6782257e-06
4.4745036e-06
4.2813495e-06
4.0981496e-06
3.9243244e-06
3.7593274e-06
3.6026418e-06
3.4537812e-06
3.3122863e-06
3.1777246e-06
3.0496888e-06
2.9277953e-06
2.8116828e-06
2.7010123e-06
2.5954646e-06
2.4947404e-06
2.3985584e-06
2.3066548e-06
2.2187823e-06
2.1347094e-06
2.0542197e-06
1.9771101e-06
1.9031912e-06
1.832286e-06
1.7642294e-06
1.6988671e-06
1.6360557e-06
1.5756611e-06
1.5175589e-06
1.461633e-06
1.4077754e-06
1.3558857e-06
1.3058707e-06
1.2576434e-06
1.211123e-06
1.1662346e-06
1.122908e-06
1.0810784e-06
1.0406848e-06
1.0016709e-06
9.6398359e-07
9.2757361e-07
8.9239458e-07
8.5840312e-07
8.2555836e-07
7.9382182e-07
7.6315716e-07
7.3353002e-07
7.0490775e-07
6.7725928e-07
6.5055502e-07
6.2476662e-07
5.9986695e-07
5.7582988e-07
5.5263026e-07
5.3024379e-07
5.0864696e-07
5.4883367e-06
5.2373025e-06
4.9996517e-06
4.7746218e-06
4.5614887e-06
4.3595694e-06
4.1682178e-06
3.9868228e-06
3.8148071e-06
3.6516267e-06
3.4967664e-06
3.3497409e-06
3.2100921e-06
3.0773879e-06
2.9512214e-06
2.8312088e-06
2.7169889e-06
2.6082219e-06
2.5045878e-06
2.4057863e-06
2.311535e-06
2.2215687e-06
2.1356385e-06
2.0535113e-06
1.9749688e-06
1.8998061e-06
1.8278319e-06
1.7588671e-06
1.6927444e-06
1.6293077e-06
1.5684113e-06
1.5099191e-06
1.4537045e-06
1.3996494e-06
1.347644e-06
1.2975859e-06
1.2493799e-06
1.2029374e-06
1.158176e-06
1.115019e-06
1.0733951e-06
1.0332377e-06
9.9448503e-07
9.570793e-07
9.2096669e-07
8.8609688e-07
8.5242284e-07
8.199005e-07
7.8848849e-07
7.5814796e-07
7.2884224e-07
7.0053679e-07
6.7319889e-07
6.4679748e-07
6.2130305e-07
5.9668747e-07
5.7292384e-07
5.4998639e-07
5.2785038e-07
5.0649198e-07
4.8588821e-07
5.1241176e-06
4.8881684e-06
4.6648214e-06
4.4533572e-06
4.2530973e-06
4.0633993e-06
3.8836556e-06
3.7132917e-06
3.5517663e-06
3.398566e-06
3.2532074e-06
3.1152338e-06
2.9842139e-06
2.8597416e-06
2.7414335e-06
2.6289284e-06
2.5218864e-06
2.4199871e-06
2.3229295e-06
2.2304304e-06
2.1422234e-06
2.0580586e-06
1.9777015e-06
1.9009323e-06
1.8275445e-06
1.7573448e-06
1.6901528e-06
1.6257992e-06
1.5641258e-06
1.5049852e-06
1.4482393e-06
1.3937597e-06
1.3414264e-06
1.2911276e-06
1.2427592e-06
1.1962241e-06
1.1514323e-06
1.1082995e-06
1.0667476e-06
1.0267037e-06
9.8810014e-07
9.5087366e-07
9.1496548e-07
8.8032068e-07
8.468881e-07
8.1461983e-07
7.8347112e-07
7.5340005e-07
7.2436724e-07
6.9633571e-07
6.6927058e-07
6.4313897e-07
6.1790976e-07
5.9355342e-07
5.7004193e-07
5.4734856e-07
5.2544777e-07
5.0431514e-07
4.839272e-07
4.6426139e-07
5.0192458e-06
4.7848923e-06
4.5631154e-06
4.3532016e-06
4.1544768e-06
3.9663029e-06
3.788076e-06
3.6192252e-06
3.4592116e-06
3.3075247e-06
3.1636831e-06
3.0272316e-06
2.8977405e-06
2.7748047e-06
2.6580416e-06
2.5470902e-06
2.4416111e-06
2.3412837e-06
2.2458066e-06
2.1548963e-06
2.0682856e-06
1.9857237e-06
1.9069749e-06
1.8318183e-06
1.7600461e-06
1.6914637e-06
1.6258889e-06
1.5631508e-06
1.5030898e-06
1.4455565e-06
1.3904114e-06
1.3375239e-06
1.2867727e-06
1.2380439e-06
1.1912319e-06
1.146238e-06
1.1029704e-06
1.0613433e-06
1.0212772e-06
9.8269774e-07
9.4553588e-07
9.0972722e-07
8.7521176e-07
8.4193357e-07
8.0984051e-07
7.7888386e-07
7.4901812e-07
7.2020071e-07
6.923917e-07
6.6555367e-07
6.3965141e-07
6.1465176e-07
5.9052344e-07
5.6723685e-07
5.4476397e-07
5.2307812e-07
5.0215394e-07
4.8196722e-07
4.6249478e-07
4.4371439e-07
4.6891936e-06
4.4688925e-06
4.2604283e-06
4.0631323e-06
3.8763707e-06
3.6995441e-06
3.5320849e-06
3.3734577e-06
3.2231547e-06
3.0806969e-06
2.9456313e-06
2.81753e-06
2.6959892e-06
2.5806273e-06
2.4710844e-06
2.3670213e-06
2.2681179e-06
2.1740727e-06
2.084602e-06
1.9994382e-06
1.91833e-06
1.8410409e-06
1.767349e-06
1.6970455e-06
1.6299346e-06
1.5658329e-06
1.504568e-06
1.4459789e-06
1.3899147e-06
1.3362343e-06
1.2848057e-06
1.2355057e-06
1.188219e-06
1.1428385e-06
1.0992637e-06
1.0574013e-06
1.0171644e-06
9.7847152e-07
9.4124732e-07
9.0542129e-07
8.7092784e-07
8.3770587e-07
8.0569838e-07
7.7485224e-07
7.4511788e-07
7.16449e-07
6.8880231e-07
6.6213731e-07
6.3641607e-07
6.1160295e-07
5.8766449e-07
5.6456915e-07
5.4228717e-07
5.2079045e-07
5.0005234e-07
4.8004751e-07
4.6075189e-07
4.4214251e-07
4.2419739e-07
4.3815755e-06
4.1744772e-06
3.9785202e-06
3.7930759e-06
3.6175491e-06
3.4513765e-06
3.2940263e-06
3.1449936e-06
3.0038026e-06
2.8700024e-06
2.7431672e-06
2.622895e-06
2.5088057e-06
2.4005404e-06
2.2977609e-06
2.2001475e-06
2.1073993e-06
2.0192324e-06
1.9353793e-06
1.8555884e-06
1.7796226e-06
1.7072596e-06
1.6382895e-06
1.5725157e-06
1.5097537e-06
1.4498302e-06
1.3925826e-06
1.337859e-06
1.2855167e-06
1.2354224e-06
1.1874514e-06
1.1414872e-06
1.0974208e-06
1.0551507e-06
1.0145819e-06
9.7562608e-07
9.3820058e-07
9.0222863e-07
8.6763847e-07
8.3436333e-07
8.0234098e-07
7.7151335e-07
7.4182637e-07
7.1322953e-07
6.8567575e-07
6.5912102e-07
6.3352419e-07
6.0884677e-07
5.8505266e-07
5.6210799e-07
5.3998094e-07
5.1864153e-07
4.9806148e-07
4.7821407e-07
4.5907397e-07
4.4061717e-07
4.2282082e-07
4.0566312e-07
4.3006203e-06
4.0948192e-06
3.900127e-06
3.7159202e-06
3.5416083e-06
3.3766325e-06
3.2204648e-06
3.0726039e-06
2.9325771e-06
2.7999363e-06
2.674258e-06
2.5551423e-06
2.4422108e-06
2.3351062e-06
2.2334913e-06
2.1370472e-06
2.0454739e-06
1.9584877e-06
1.8758214e-06
1.7972234e-06
1.7224564e-06
1.6512975e-06
1.5835365e-06
1.5189761e-06
1.4574308e-06
1.3987266e-06
1.3426998e-06
1.2891974e-06
1.2380755e-06
1.1891997e-06
1.1424438e-06
1.09769e-06
1.0548282e-06
1.0137554e-06
9.7437532e-07
9.3659825e-07
9.003404e-07
8.6552364e-07
8.3207504e-07
7.9992667e-07
7.6901516e-07
7.3928145e-07
7.1067046e-07
6.8313081e-07
6.5661461e-07
6.3107704e-07
6.0647631e-07
5.8277334e-07
5.599315e-07
5.379165e-07
5.1669613e-07
4.9624015e-07
4.7652006e-07
4.5750899e-07
4.3918154e-07
4.2151368e-07
4.0448261e-07
3.8806664e-07
4.0209556e-06
3.827468e-06
3.644433e-06
3.4712653e-06
3.3074105e-06
3.1523449e-06
3.0055711e-06
2.8666198e-06
2.7350459e-06
2.6104287e-06
2.4923706e-06
2.3804953e-06
2.2744471e-06
2.1738903e-06
2.0785074e-06
1.987999e-06
1.9020824e-06
1.8204907e-06
1.7429724e-06
1.6692905e-06
1.5992219e-06
1.5325561e-06
1.4690954e-06
1.4086538e-06
1.3510563e-06
1.2961388e-06
1.243747e-06
1.1937363e-06
1.145971e-06
1.100324e-06
1.0566763e-06
1.0149166e-06
9.7494056e-07
9.3665087e-07
8.9995655e-07
8.6477256e-07
8.3101964e-07
7.9862371e-07
7.6751571e-07
7.376312e-07
7.0891014e-07
6.8129645e-07
6.5473788e-07
6.2918568e-07
6.045943e-07
5.8092123e-07
5.5812677e-07
5.3617374e-07
5.1502735e-07
4.9465502e-07
4.7502615e-07
4.5611196e-07
3.9524165e-06
3.7600868e-06
3.5781713e-06
3.4060897e-06
3.2432933e-06
3.0892622e-06
2.9435037e-06
2.805552e-06
2.6749653e-06
2.5513258e-06
2.4342389e-06
2.3233302e-06
2.2182463e-06
2.1186532e-06
2.0242348e-06
1.934693e-06
1.8497458e-06
1.7691271e-06
1.6925863e-06
1.6198862e-06
1.5508042e-06
1.4851296e-06
1.4226644e-06
1.3632225e-06
1.3066282e-06
1.2527168e-06
1.2013335e-06
1.1523327e-06
1.1055779e-06
1.060941e-06
1.0183021e-06
9.7754875e-07
9.3857561e-07
9.0128423e-07
8.6558252e-07
8.3138436e-07
7.9860933e-07
7.6718233e-07
7.3703324e-07
7.0809658e-07
6.8031131e-07
6.5362047e-07
6.2797087e-07
6.0331295e-07
5.7960039e-07
5.5678999e-07
3.8887577e-06
3.6975515e-06
3.5167151e-06
3.3456744e-06
3.1838856e-06
3.0308339e-06
2.8860307e-06
2.7490144e-06
2.619347e-06
2.4966138e-06
2.3804229e-06
2.2704029e-06
2.1662023e-06
2.0674895e-06
1.9739499e-06
1.8852867e-06
1.8012194e-06
1.7214829e-06
1.645827e-06
1.5740154e-06
1.5058258e-06
1.4410476e-06
1.379483e-06
1.3209455e-06
1.2652594e-06
1.2122594e-06
1.1617902e-06
1.1137058e-06
1.0678687e-06
1.0241504e-06
9.8242977e-07
9.4259362e-07
9.045357e-07
8.6815653e-07
8.3336303e-07
8.0006809e-07
7.6819026e-07
7.3765343e-07
7.0838648e-07
6.80323e-07
6.5340099e-07
6.2756257e-07
6.0275372e-07
5.7892402e-07
3.639455e-06
3.4596689e-06
3.2896348e-06
3.1288141e-06
2.9766977e-06
2.8328014e-06
2.6966676e-06
2.5678624e-06
2.4459746e-06
2.3306157e-06
2.221417e-06
2.1180295e-06
2.0201238e-06
1.9273873e-06
1.8395251e-06
1.7562581e-06
1.6773222e-06
1.6024685e-06
1.5314614e-06
1.4640789e-06
1.4001112e-06
1.3393606e-06
1.2816407e-06
1.2267757e-06
1.1746002e-06
1.1249585e-06
1.0777041e-06
1.0326992e-06
9.8981436e-07
9.4892806e-07
9.0992621e-07
8.7270176e-07
8.3715442e-07
8.0319021e-07
7.707211e-07
7.3966473e-07
7.0994406e-07
6.8148705e-07
6.5422638e-07
6.2809916e-07
6.0304666e-07
3.5854127e-06
3.4066584e-06
3.2376072e-06
3.077726e-06
2.926511e-06
2.7834832e-06
2.6481893e-06
2.5201996e-06
2.3991069e-06
2.2845257e-06
2.1760908e-06
2.073456e-06
1.9762941e-06
1.8842949e-06
1.7971654e-06
1.7146282e-06
1.6364207e-06
1.5622951e-06
1.492017e-06
1.4253652e-06
1.3621304e-06
1.3021154e-06
1.2451341e-06
1.1910108e-06
1.1395803e-06
1.0906865e-06
1.0441828e-06
9.9993097e-07
9.5780124e-07
9.1767144e-07
8.7942693e-07
8.4295999e-07
8.0816956e-07
7.7496095e-07
7.4324529e-07
7.1293942e-07
3.5350619e-06
3.3573311e-06
3.1892487e-06
3.0302879e-06
2.8799501e-06
2.737762e-06
2.6032749e-06
2.4760637e-06
2.3557249e-06
2.2418769e-06
2.1341578e-06
2.0322242e-06
1.9357519e-06
1.8444331e-06
1.7579768e-06
1.6761078e-06
1.5985649e-06
1.525102e-06
1.4554857e-06
1.3894959e-06
1.3269242e-06
1.2675741e-06
1.2112599e-06
1.1578063e-06
1.1070481e-06
1.0588296e-06
1.0130038e-06
9.6943247e-07
9.2798549e-07
8.8854032e-07
8.5098187e-07
8.1520188e-07
7.810987e-07
3.4880595e-06
3.3113529e-06
3.1442344e-06
2.9861836e-06
2.8367084e-06
2.6953402e-06
2.561636e-06
2.4351748e-06
2.3155577e-06
2.202407e-06
2.0953641e-06
1.9940891e-06
1.8982607e-06
1.8075738e-06
1.7217397e-06
1.6404853e-06
1.5635514e-06
1.4906934e-06
1.4216795e-06
1.3562909e-06
1.2943201e-06
1.2355713e-06
1.1798597e-06
1.1270106e-06
1.076859e-06
1.0292494e-06
9.8403501e-07
9.4107763e-07
9.0024693e-07
8.6142015e-07
3.4440825e-06
3.2684088e-06
3.1022576e-06
2.9451153e-06
2.7964958e-06
2.6559364e-06
2.5229992e-06
2.3972681e-06
2.2783487e-06
2.1658675e-06
2.0594696e-06
1.9588187e-06
1.8635965e-06
1.7735007e-06
1.6882455e-06
1.6075598e-06
1.5311868e-06
1.4588836e-06
1.3904201e-06
1.3255787e-06
1.2641534e-06
1.2059494e-06
1.1507827e-06
1.0984792e-06
1.0488747e-06
1.001814e-06
9.5715057e-07
9.1474633e-07
8.74471e-07
8.3620176e-07
3.2282008e-06
3.0630283e-06
2.9068006e-06
2.7590381e-06
2.6192838e-06
2.4871055e-06
2.3620923e-06
2.2438545e-06
2.1320226e-06
2.026246e-06
1.9261921e-06
1.8315458e-06
1.742008e-06
1.6572956e-06
1.5771401e-06
1.501287e-06
1.4294954e-06
1.3615369e-06
1.2971958e-06
1.2362673e-06
1.1785579e-06
1.1238847e-06
1.0720744e-06
1.0229635e-06
9.7639737e-07
9.3223003e-07
3.1904476e-06
3.0262724e-06
2.8709726e-06
2.7240753e-06
2.5851299e-06
2.4537099e-06
2.3294095e-06
2.211844e-06
2.1006485e-06
1.9954767e-06
1.8959997e-06
1.801906e-06
1.7128999e-06
1.6287011e-06
1.549044e-06
1.4736765e-06
1.4023598e-06
1.3348677e-06
1.2709862e-06
1.210512e-06
1.1532532e-06
1.099028e-06
1.0476642e-06
9.9899916e-07
2.9917303e-06
2.8373786e-06
2.6913619e-06
2.5532358e-06
2.4225798e-06
2.2989938e-06
2.1820982e-06
2.071533e-06
1.9669558e-06
1.8680423e-06
1.7744846e-06
1.6859903e-06
1.6022824e-06
1.5230982e-06
1.4481882e-06
1.377316e-06
1.3102577e-06
1.2468011e-06
1.1867448e-06
1.1298984e-06
1.0760814e-06
1.0251229e-06
9.768614e-07
2.8057797e-06
2.6606649e-06
2.5233748e-06
2.3934952e-06
2.2706315e-06
2.1544096e-06
2.0444744e-06
1.9404883e-06
1.842131e-06
1.7490986e-06
1.6611023e-06
1.5778686e-06
1.4991378e-06
1.4246631e-06
1.3542109e-06
1.2875594e-06
1.2244988e-06
1.1648294e-06
1.1083626e-06
1.0549195e-06
1.0043305e-06
9.5643526e-07
2.7762796e-06
2.631764e-06
2.4953325e-06
2.3662471e-06
2.2441195e-06
2.1285809e-06
2.0192815e-06
1.9158885e-06
1.8180857e-06
1.7255738e-06
1.6380675e-06
1.555297e-06
1.4770056e-06
1.4029497e-06
1.3328983e-06
1.2666323e-06
1.2039439e-06
1.1446358e-06
1.088521e-06
1.0354224e-06
9.8517197e-07
9.3761063e-07
2.6158061e-06
2.4754192e-06
2.3424303e-06
2.2192654e-06
2.1044252e-06
1.9957727e-06
1.89298e-06
1.7957358e-06
1.7037448e-06
1.6167258e-06
1.5344126e-06
1.456552e-06
1.3829035e-06
1.3132391e-06
1.2473421e-06
1.1850074e-06
1.1260397e-06
1.0702542e-06
1.0174757e-06
2.4707096e-06
2.3343572e-06
2.2076457e-06
2.0891723e-06
1.9769431e-06
1.8715956e-06
1.7749188e-06
1.6834541e-06
1.5969247e-06
1.515068e-06
1.4376345e-06
1.3643869e-06
1.2951003e-06
1.2295608e-06
1.1675659e-06
1.1089226e-06
1.0534484e-06
2.4725419e-06
2.3373829e-06
2.2091733e-06
2.0875651e-06
1.9722283e-06
1.863736e-06
1.7637305e-06
1.6689963e-06
1.5792622e-06
1.4971226e-06
1.4201171e-06
1.3472686e-06
1.2783552e-06
1.2131662e-06
1.1515017e-06
1.0931713e-06
2.2110424e-06
2.0904995e-06
1.9761412e-06
1.8676585e-06
1.7647578e-06
1.6671605e-06
1.5746015e-06
1.4894733e-06
1.4094851e-06
1.3337191e-06
1.262883e-06
1.1980417e-06
1.1367024e-06
1.0786773e-06
2.2107679e-06
2.0913473e-06
1.9780228e-06
1.8704908e-06
1.7684628e-06
1.6716651e-06
1.5798367e-06
1.4927304e-06
1.4101108e-06
1.3317541e-06
1.2583066e-06
1.1907489e-06
1.1267578e-06
2.2084512e-06
2.0902089e-06
1.9779721e-06
1.8714429e-06
1.7703379e-06
1.6743885e-06
1.5833383e-06
1.4969443e-06
1.4149752e-06
1.3372108e-06
1.2634423e-06
1.193471e-06
2.0871765e-06
1.9760802e-06
1.8706046e-06
1.7704718e-06
1.6754182e-06
1.5851922e-06
1.499555e-06
1.4182796e-06
1.3411497e-06
1.26796e-06
1.8680589e-06
1.7689463e-06
1.6748348e-06
1.5854776e-06
1.5006406e-06
1.4201008e-06
1.3436461e-06
1.2710748e-06
1.765837e-06
1.6727129e-06
1.5842682e-06
1.5002734e-06
1.4205101e-06
1.34477e-06
1.2728552e-06
1.4001385e-06
1.3197154e-06
1.2445264e-06
1.1742973e-06
1.1087666e-06
1.0476854e-06
9.9081758e-07
9.3793744e-07
8.8883078e-07
8.4329384e-07
8.011329e-07
7.621638e-07
7.3962459e-07
7.5297717e-07
7.8569675e-07
8.1594e-07
8.4385146e-07
8.6956841e-07
8.9322136e-07
9.1493437e-07
9.3482512e-07
9.5300568e-07
9.6958221e-07
9.846556e-07
9.9832158e-07
1.0106711e-06
1.0217907e-06
1.0317623e-06
1.0406636e-06
1.0485685e-06
1.0555473e-06
1.0616664e-06
1.0669889e-06
1.071575e-06
1.0754816e-06
1.0787629e-06
1.0814702e-06
1.0836525e-06
1.0853561e-06
1.0866252e-06
1.087502e-06
1.2754958e-06
1.2022672e-06
1.133582e-06
1.0692237e-06
1.0089842e-06
9.5266415e-07
9.0007261e-07
8.5102607e-07
8.0534897e-07
7.6287319e-07
7.2343779e-07
6.8688878e-07
6.8426237e-07
7.1450214e-07
7.4521456e-07
7.7365305e-07
7.9994221e-07
8.242011e-07
8.4654351e-07
8.6707816e-07
8.8590872e-07
9.0313441e-07
9.1884977e-07
9.3314488e-07
9.4610582e-07
9.5781462e-07
9.6834969e-07
9.7778552e-07
9.8619316e-07
9.9364034e-07
1.0001919e-06
1.005909e-06
1.0108503e-06
1.0150717e-06
1.0186264e-06
1.0215651e-06
1.0239359e-06
1.0257849e-06
1.0271559e-06
1.0280908e-06
1.0286293e-06
1.1596007e-06
1.092929e-06
1.0302024e-06
9.7125051e-07
9.1590815e-07
8.6401592e-07
8.1542018e-07
7.6997222e-07
7.2752878e-07
6.8795178e-07
6.5110817e-07
6.3266117e-07
6.4806604e-07
6.7906352e-07
7.0786592e-07
7.3458438e-07
7.5932574e-07
7.8219262e-07
8.0328369e-07
8.2269365e-07
8.4051339e-07
8.5683021e-07
8.7172775e-07
8.8528616e-07
8.9758225e-07
9.0868966e-07
9.1867905e-07
9.2761782e-07
9.3557054e-07
9.4259906e-07
9.487627e-07
9.5411782e-07
9.5871852e-07
9.6261653e-07
9.6586131e-07
9.6850009e-07
9.7057792e-07
9.7213807e-07
9.7322166e-07
9.7386812e-07
9.7411512e-07
1.0520563e-06
9.9135256e-07
9.3407643e-07
8.8009392e-07
8.2927416e-07
7.814901e-07
7.3661848e-07
6.9453922e-07
6.5513587e-07
6.1829553e-07
5.8501405e-07
5.8624103e-07
6.1732824e-07
6.4631764e-07
6.733066e-07
6.9838938e-07
7.2165706e-07
7.4319765e-07
7.6309612e-07
7.814346e-07
7.9829216e-07
8.1374524e-07
8.278674e-07
8.4072945e-07
8.5239961e-07
8.6294358e-07
8.7242465e-07
8.8090349e-07
8.8843847e-07
8.950857e-07
9.0089924e-07
9.0593066e-07
9.1022962e-07
9.1384385e-07
9.1681904e-07
9.1919906e-07
9.2102585e-07
9.2233981e-07
9.2317947e-07
9.2358187e-07
9.2358253e-07
9.5246104e-07
8.9718367e-07
8.4488654e-07
7.9546435e-07
7.4881361e-07
7.0483327e-07
6.6342472e-07
6.2449125e-07
5.879386e-07
5.5367481e-07
5.4107262e-07
5.598702e-07
5.888624e-07
6.1595309e-07
6.4122398e-07
6.6475448e-07
6.8662184e-07
7.0690107e-07
7.2566491e-07
7.4298413e-07
7.5892717e-07
7.7356052e-07
7.8694845e-07
7.9915315e-07
8.1023482e-07
8.2025169e-07
8.2926018e-07
8.3731448e-07
8.4446707e-07
8.5076857e-07
8.5626794e-07
8.6101209e-07
8.6504643e-07
8.6841465e-07
8.7115881e-07
8.7331943e-07
8.7493533e-07
8.7604411e-07
8.7668174e-07
8.7688283e-07
8.7668069e-07
8.6041137e-07
8.1006414e-07
7.6231053e-07
7.170678e-07
6.7425418e-07
6.3378946e-07
5.9559484e-07
5.5959273e-07
5.2570707e-07
5.0032185e-07
5.0656035e-07
5.3537075e-07
5.6239061e-07
5.876896e-07
6.1133582e-07
6.3339594e-07
6.5393502e-07
6.7301658e-07
6.9070263e-07
7.0705367e-07
7.2212857e-07
7.3598478e-07
7.4867816e-07
7.6026293e-07
7.7079186e-07
7.8031622e-07
7.8888594e-07
7.9654917e-07
8.0335274e-07
8.0934207e-07
8.1456123e-07
8.1905257e-07
8.2285733e-07
8.2601534e-07
8.2856506e-07
8.3054372e-07
8.3198708e-07
8.3292991e-07
8.3340558e-07
8.3344634e-07
7.7550458e-07
7.2963431e-07
6.8602352e-07
6.4460716e-07
6.0532068e-07
5.6810042e-07
5.3288357e-07
4.9960798e-07
4.6821243e-07
4.6262302e-07
4.8571992e-07
5.1249894e-07
5.3766528e-07
5.6127649e-07
5.8338909e-07
6.0405867e-07
6.2333977e-07
6.4128584e-07
6.5794938e-07
6.7338182e-07
6.8763344e-07
7.0075358e-07
7.1279038e-07
7.2379084e-07
7.3380087e-07
7.4286534e-07
7.510281e-07
7.5833162e-07
7.6481745e-07
7.7052593e-07
7.7549655e-07
7.7976734e-07
7.833754e-07
7.8635683e-07
7.8874659e-07
7.9057862e-07
7.9188573e-07
7.9269985e-07
7.9305174e-07
7.9297129e-07
6.9734125e-07
6.5553518e-07
6.1569974e-07
5.7778373e-07
5.4173613e-07
5.0750645e-07
4.7504466e-07
4.4430106e-07
4.2775716e-07
4.3978591e-07
4.6616235e-07
4.9104027e-07
5.1446749e-07
5.364913e-07
5.5715844e-07
5.7651492e-07
5.9460625e-07
6.114771e-07
6.2717166e-07
6.4173332e-07
6.5520477e-07
6.6762805e-07
6.7904439e-07
6.8949422e-07
6.990172e-07
7.0765225e-07
7.1543762e-07
7.2241053e-07
7.286075e-07
7.3406417e-07
7.3881557e-07
7.4289561e-07
7.4633745e-07
7.4917359e-07
7.5143554e-07
7.5315405e-07
7.5435895e-07
7.5507941e-07
7.5534363e-07
6.2552761e-07
5.8741067e-07
5.5101455e-07
5.162988e-07
4.8322309e-07
4.517473e-07
4.2183159e-07
3.9552186e-07
3.9743753e-07
4.2326286e-07
4.4770646e-07
4.7080761e-07
4.9260533e-07
5.1313825e-07
5.3244473e-07
5.5056282e-07
5.6753013e-07
5.833839e-07
5.9816093e-07
6.1189775e-07
6.2463017e-07
6.363939e-07
6.4722389e-07
6.5715469e-07
6.6622023e-07
6.7445415e-07
6.8188939e-07
6.8855837e-07
6.9449288e-07
6.9972418e-07
7.0428316e-07
7.081997e-07
7.1150331e-07
7.1422286e-07
7.1638665e-07
7.1802222e-07
7.1915654e-07
7.1981607e-07
5.5967751e-07
5.2490959e-07
4.9164621e-07
4.5985533e-07
4.2950496e-07
4.005632e-07
3.7299832e-07
3.6558694e-07
3.8367521e-07
4.0755273e-07
4.3019685e-07
4.5163937e-07
4.7191199e-07
4.9104619e-07
5.0907337e-07
5.2602475e-07
5.4193124e-07
5.5682361e-07
5.7073247e-07
5.8368819e-07
5.9572081e-07
6.0686018e-07
6.1713579e-07
6.2657701e-07
6.3521253e-07
6.430712e-07
6.5018114e-07
6.5657034e-07
6.6226635e-07
6.672962e-07
6.716868e-07
6.7546438e-07
6.7865492e-07
6.8128388e-07
6.8337643e-07
6.8495707e-07
6.8604985e-07
4.6768752e-07
4.3727769e-07
4.0815952e-07
3.803075e-07
3.5369625e-07
3.3799839e-07
3.472638e-07
3.7046038e-07
3.9253101e-07
4.1350135e-07
4.3339705e-07
4.5224379e-07
4.7006716e-07
4.8689267e-07
5.0274572e-07
5.1765179e-07
5.3163602e-07
5.4472378e-07
5.5693998e-07
5.6830975e-07
5.7885787e-07
5.8860905e-07
5.9758788e-07
6.0581852e-07
6.1332544e-07
6.2013255e-07
6.2626361e-07
6.317422e-07
6.365917e-07
6.4083528e-07
6.4449573e-07
6.4759556e-07
6.5015712e-07
6.5220243e-07
6.5375322e-07
4.1540847e-07
3.8759833e-07
3.6092236e-07
3.3536022e-07
3.1248289e-07
3.1388185e-07
3.3630167e-07
3.5769909e-07
3.7809469e-07
3.9750931e-07
4.1596363e-07
4.3347834e-07
4.5007411e-07
4.6577161e-07
4.8059157e-07
4.9455472e-07
5.0768151e-07
5.199928e-07
5.31509e-07
5.4225078e-07
5.5223871e-07
5.6149315e-07
5.7003458e-07
5.7788332e-07
5.8505963e-07
5.9158379e-07
5.9747578e-07
6.0275563e-07
6.0744323e-07
6.1155825e-07
6.1512035e-07
6.1814891e-07
6.206633e-07
6.2268251e-07
3.6774621e-07
3.4230521e-07
3.1786115e-07
2.9439762e-07
2.887316e-07
3.0493854e-07
3.2558084e-07
3.4531559e-07
3.6415941e-07
3.8212899e-07
3.9924102e-07
4.1551218e-07
4.3095914e-07
4.4559864e-07
4.5944739e-07
4.7252217e-07
4.8483967e-07
4.9641674e-07
5.0727018e-07
5.1741675e-07
5.2687331e-07
5.3565677e-07
5.4378374e-07
5.5127116e-07
5.5813581e-07
5.6439461e-07
5.7006411e-07
5.7516119e-07
5.7970255e-07
5.8370483e-07
5.8718462e-07
5.9015841e-07
5.9264273e-07
5.9465396e-07
3.2438566e-07
3.011045e-07
2.7870058e-07
2.669004e-07
2.7622369e-07
2.9604733e-07
3.1505189e-07
3.3325083e-07
3.5065756e-07
3.6728553e-07
3.8314824e-07
3.9825911e-07
4.1263157e-07
4.2627908e-07
4.3921517e-07
4.5145336e-07
4.6300712e-07
4.7389007e-07
4.841158e-07
4.9369794e-07
5.0265014e-07
5.1098615e-07
5.1871965e-07
5.2586439e-07
5.3243412e-07
5.3844279e-07
5.4390408e-07
5.4883188e-07
5.5324009e-07
5.5714255e-07
5.6055316e-07
5.634858e-07
5.6595427e-07
2.8502369e-07
2.6371247e-07
2.4670972e-07
2.500026e-07
2.6896144e-07
2.8718327e-07
3.04679e-07
3.2145958e-07
3.3753589e-07
3.5291883e-07
3.6761925e-07
3.8164801e-07
3.9501593e-07
4.0773384e-07
4.198126e-07
4.312631e-07
4.4209622e-07
4.5232284e-07
4.6195392e-07
4.7100042e-07
4.7947338e-07
4.8738387e-07
4.9474288e-07
5.0156159e-07
5.0785114e-07
5.1362286e-07
5.1888787e-07
5.2365758e-07
5.2794326e-07
5.3175636e-07
5.3510825e-07
5.3801039e-07
5.4047429e-07
2.4936989e-07
2.2985635e-07
2.2788969e-07
2.4418004e-07
2.6158242e-07
2.7833198e-07
2.9443776e-07
3.0990871e-07
3.2475366e-07
3.389815e-07
3.52601e-07
3.6562095e-07
3.7805007e-07
3.8989715e-07
4.0117087e-07
4.1187996e-07
4.2203313e-07
4.3163911e-07
4.4070666e-07
4.4924459e-07
4.5726165e-07
4.6476671e-07
4.7176863e-07
4.7827624e-07
4.8429853e-07
4.8984459e-07
4.949233e-07
4.9954383e-07
5.037153e-07
5.0744701e-07
5.1074805e-07
5.1362779e-07
5.1609555e-07
2.1062578e-07
2.2155577e-07
2.3811662e-07
2.5409147e-07
2.6948787e-07
2.8431327e-07
2.9857506e-07
3.1228054e-07
3.2543697e-07
3.3805152e-07
3.5013133e-07
3.6168346e-07
3.72715e-07
3.8323293e-07
3.9324426e-07
4.02756e-07
4.1177509e-07
4.2030849e-07
4.2836322e-07
4.3594623e-07
4.4306453e-07
4.4972515e-07
4.5593508e-07
4.6170144e-07
4.6703134e-07
4.7193194e-07
4.7641038e-07
4.8047391e-07
4.8412994e-07
4.8738564e-07
4.9024853e-07
4.9272597e-07
2.0094009e-07
2.166502e-07
2.3183464e-07
2.4649993e-07
2.6065241e-07
2.7429834e-07
2.874439e-07
3.0009512e-07
3.1225798e-07
3.2393847e-07
3.3514237e-07
3.4587545e-07
3.5614349e-07
3.6595211e-07
3.7530697e-07
3.8421366e-07
3.926777e-07
4.0070468e-07
4.0830011e-07
4.1546948e-07
4.222184e-07
4.2855226e-07
4.3447656e-07
4.399969e-07
4.4511881e-07
4.4984784e-07
4.541896e-07
4.5814963e-07
4.6173374e-07
4.6494752e-07
4.6779679e-07
4.7028729e-07
1.970463e-07
2.1143604e-07
2.2535998e-07
2.3882369e-07
2.5183259e-07
2.6439198e-07
2.7650707e-07
2.88183e-07
2.9942473e-07
3.1023723e-07
3.2062532e-07
3.3059376e-07
3.4014723e-07
3.4929033e-07
3.5802768e-07
3.6636373e-07
3.7430293e-07
3.8184975e-07
3.8900848e-07
3.9578352e-07
4.0217914e-07
4.0819969e-07
4.1384935e-07
4.1913245e-07
4.2405327e-07
4.2861602e-07
4.32825e-07
4.3668447e-07
4.4019878e-07
4.4337221e-07
4.462091e-07
4.4871389e-07
1.927697e-07
2.05952e-07
2.1872123e-07
2.3108218e-07
2.4303958e-07
2.54598e-07
2.657619e-07
2.7653567e-07
2.8692352e-07
2.9692967e-07
3.0655814e-07
3.1581293e-07
3.2469788e-07
3.3321683e-07
3.413735e-07
3.4917157e-07
3.5661455e-07
3.6370606e-07
3.7044951e-07
3.7684838e-07
3.82906e-07
3.8862572e-07
3.9401081e-07
3.9906452e-07
4.0379016e-07
4.081909e-07
4.1226993e-07
4.1603044e-07
4.1947566e-07
4.2260875e-07
4.2543284e-07
4.279512e-07
1.8815962e-07
2.0023728e-07
2.1194832e-07
2.2329702e-07
2.3428749e-07
2.4492375e-07
2.552097e-07
2.6514908e-07
2.7474562e-07
2.8400286e-07
2.9292426e-07
3.0151323e-07
3.0977299e-07
3.1770675e-07
3.2531761e-07
3.3260859e-07
3.3958257e-07
3.4624247e-07
3.5259105e-07
3.5863101e-07
3.6436506e-07
3.6979573e-07
3.749256e-07
3.7975711e-07
3.8429274e-07
3.8853492e-07
3.9248592e-07
3.9614812e-07
3.9952381e-07
4.0261529e-07
4.0542476e-07
4.0795449e-07
1.8326412e-07
1.9433084e-07
2.0507196e-07
2.1549131e-07
2.2559256e-07
2.3537924e-07
2.4485485e-07
2.5402267e-07
2.6288597e-07
2.7144787e-07
2.7971136e-07
2.8767937e-07
2.953547e-07
3.0274008e-07
3.0983812e-07
3.1665138e-07
3.2318226e-07
3.2943315e-07
3.3540633e-07
3.4110395e-07
3.4652818e-07
3.5168102e-07
3.5656448e-07
3.6118045e-07
3.6553074e-07
3.6961721e-07
3.7344148e-07
3.7700528e-07
3.8031023e-07
3.8335787e-07
3.8614974e-07
3.8868733e-07
1.7812958e-07
1.882708e-07
1.9812268e-07
2.0768865e-07
2.1697205e-07
2.2597607e-07
2.3470383e-07
2.4315832e-07
2.5134241e-07
2.5925888e-07
2.6691042e-07
2.7429958e-07
2.8142884e-07
2.883006e-07
2.9491711e-07
3.0128055e-07
3.0739302e-07
3.132565e-07
3.1887293e-07
3.242441e-07
3.2937177e-07
3.3425757e-07
3.3890308e-07
3.4330976e-07
3.4747907e-07
3.5141231e-07
3.5511076e-07
3.5857558e-07
3.6180795e-07
3.6480889e-07
3.6757939e-07
3.7012037e-07
1.7280019e-07
1.820939e-07
1.9113032e-07
1.9991262e-07
2.0844382e-07
2.1672685e-07
2.2476454e-07
2.3255961e-07
2.4011469e-07
2.474323e-07
2.5451487e-07
2.6136471e-07
2.6798404e-07
2.7437498e-07
2.8053959e-07
2.8647979e-07
2.9219741e-07
2.9769421e-07
3.0297186e-07
3.080319e-07
3.1287582e-07
3.1750501e-07
3.2192078e-07
3.2612431e-07
3.3011675e-07
3.3389912e-07
3.3747241e-07
3.4083746e-07
3.4399508e-07
3.4694598e-07
3.4969077e-07
3.5223004e-07
)
;

boundaryField
{
    Side
    {
        type            empty;
    }
    Inlet
    {
        type            zeroGradient;
    }
    Airfoil
    {
        type            zeroGradient;
    }
    Outlet
    {
        type            zeroGradient;
    }
    procBoundary38to6
    {
        type            processor;
        value           nonuniform List<scalar> 
95
(
4.378854e-07
4.2032092e-07
4.0339442e-07
3.8708308e-07
3.7136525e-07
5.3484136e-07
5.1371678e-07
4.9338094e-07
4.7380079e-07
4.5494536e-07
4.378854e-07
4.3678555e-07
5.5602642e-07
5.3484136e-07
5.3401698e-07
5.7901399e-07
5.5602642e-07
5.5594997e-07
6.8396546e-07
6.562505e-07
6.2972639e-07
6.0432944e-07
5.7901399e-07
5.8000006e-07
7.4857697e-07
7.1754715e-07
6.8396546e-07
6.8792539e-07
8.244819e-07
7.8932352e-07
7.4857697e-07
7.558429e-07
8.244819e-07
8.9032364e-07
8.5054811e-07
7.9982304e-07
8.1278066e-07
9.52879e-07
8.9032364e-07
9.0915832e-07
9.52879e-07
9.311438e-07
9.1108177e-07
9.6753762e-07
8.9258763e-07
9.2028248e-07
9.6753762e-07
1.0009699e-06
1.0009699e-06
1.0379946e-06
1.0379946e-06
1.0237886e-06
1.0661496e-06
1.0661496e-06
1.1271084e-06
1.1271084e-06
1.1985152e-06
1.1985152e-06
1.202195e-06
1.4985204e-06
1.4195733e-06
1.3445861e-06
1.2045777e-06
1.2733651e-06
1.0880266e-06
1.0288096e-06
9.7399876e-07
9.2321551e-07
8.7610738e-07
8.3308327e-07
8.3308327e-07
7.9248736e-07
7.5517908e-07
7.5517908e-07
7.2002648e-07
7.2002648e-07
6.8667862e-07
6.8667862e-07
6.5483071e-07
6.5483071e-07
6.242256e-07
6.242256e-07
5.9620843e-07
5.6797251e-07
5.6797251e-07
5.4251151e-07
5.181608e-07
4.9482554e-07
4.7242493e-07
4.5089095e-07
4.3016704e-07
4.102067e-07
3.9097209e-07
3.7243273e-07
3.5456423e-07
)
;
    }
    procBoundary38to22
    {
        type            processor;
        value           nonuniform List<scalar> 
60
(
9.0504475e-06
8.7112405e-06
8.3823641e-06
8.9155746e-06
8.4557946e-06
8.0195934e-06
8.185025e-06
7.8913154e-06
7.6058568e-06
7.6058568e-06
8.0447764e-06
8.0447764e-06
7.9018632e-06
7.9018632e-06
7.7568717e-06
7.6103539e-06
7.3511934e-06
7.3511934e-06
7.4630028e-06
7.4630028e-06
7.3156353e-06
7.3156353e-06
7.1690555e-06
7.1690555e-06
7.5004697e-06
7.2592177e-06
7.0241698e-06
7.0241698e-06
7.3453932e-06
6.9663377e-06
7.0518024e-06
6.8276084e-06
6.6096893e-06
6.6096893e-06
7.1426407e-06
6.915767e-06
6.915767e-06
7.012588e-06
7.012588e-06
7.123577e-06
6.8937052e-06
6.8937052e-06
7.0168625e-06
7.0168625e-06
6.9251597e-06
6.6172389e-06
6.7918703e-06
6.5560611e-06
6.3299319e-06
6.3299319e-06
6.7527598e-06
6.7527598e-06
6.733524e-06
6.733524e-06
7.2799939e-06
7.0009732e-06
6.7352327e-06
6.7352327e-06
7.3228662e-06
7.0907894e-06
)
;
    }
    procBoundary38to46
    {
        type            processor;
        value           nonuniform List<scalar> 
54
(
6.8756608e-06
6.6763019e-06
6.4916148e-06
6.3205412e-06
6.1621045e-06
6.015369e-06
5.8794635e-06
5.7535642e-06
5.3734263e-06
5.3734263e-06
5.2669281e-06
4.9220397e-06
4.9220397e-06
4.6004785e-06
4.6004785e-06
4.5181875e-06
4.2255134e-06
4.2255134e-06
4.1557717e-06
4.0909391e-06
3.8295608e-06
3.8295608e-06
3.774431e-06
3.7229953e-06
3.6749021e-06
3.6298194e-06
3.4028249e-06
3.4028249e-06
3.363998e-06
3.1548831e-06
3.1548831e-06
2.959157e-06
2.959157e-06
2.9339054e-06
2.7642955e-06
2.7642955e-06
2.6144804e-06
2.6144804e-06
2.6150166e-06
2.4719973e-06
2.3380944e-06
2.3380944e-06
2.3366031e-06
2.3330115e-06
2.2041857e-06
2.2041857e-06
2.0823351e-06
1.972431e-06
1.972431e-06
1.8638823e-06
1.8638823e-06
1.7612133e-06
1.6691211e-06
1.5816317e-06
)
;
    }
    procBoundary38to54
    {
        type            processor;
        value           nonuniform List<scalar> 
59
(
3.9074875e-06
3.7383932e-06
3.5759655e-06
3.419983e-06
5.4855966e-06
5.2582848e-06
5.0392984e-06
4.8284019e-06
4.625362e-06
4.4299481e-06
4.2419319e-06
4.0610882e-06
3.887195e-06
3.887195e-06
3.1144675e-06
3.1144675e-06
2.9778203e-06
2.8466752e-06
5.4406063e-06
1.4860839e-06
8.0636403e-06
7.7548876e-06
7.4559203e-06
7.1665487e-06
6.8865803e-06
6.6158199e-06
6.3540695e-06
6.1011296e-06
5.8567987e-06
5.6208741e-06
5.3931526e-06
5.1734299e-06
5.1734299e-06
1.4860839e-06
1.3534935e-06
1.2303941e-06
1.1163257e-06
1.0108264e-06
9.1343645e-07
8.2370026e-07
7.4116968e-07
6.6540604e-07
5.9598215e-07
4.9941452e-07
4.9941452e-07
4.4437321e-07
3.9420069e-07
3.4855753e-07
3.071187e-07
2.6957398e-07
2.1714721e-07
2.1714721e-07
1.9466252e-07
1.8218509e-07
1.7916937e-07
1.7571097e-07
1.7186791e-07
1.6769548e-07
1.6324595e-07
)
;
    }
}


// ************************************************************************* //
