/*--------------------------------*- C++ -*----------------------------------*\
| =========                 |                                                 |
| \\      /  F ield         | OpenFOAM: The Open Source CFD Toolbox           |
|  \\    /   O peration     | Version:  2506                                  |
|   \\  /    A nd           | Website:  www.openfoam.com                      |
|    \\/     M anipulation  |                                                 |
\*---------------------------------------------------------------------------*/
FoamFile
{
    version     2.0;
    format      ascii;
    arch        "LSB;label=32;scalar=64";
    class       volScalarField;
    location    "0.00023";
    object      Ma;
}
// * * * * * * * * * * * * * * * * * * * * * * * * * * * * * * * * * * * * * //

dimensions      [0 0 0 0 0 0 0];

internalField   nonuniform List<scalar> 
3424
(
0.25465321
0.32572522
0.3310397
0.33197073
0.25444319
0.32559382
0.33107731
0.33224537
0.33283976
0.33292379
0.25566579
0.32663009
0.33190825
0.33279058
0.33306573
0.33288002
0.33221376
0.33138593
0.25570472
0.32697982
0.33238271
0.3333801
0.33373852
0.33364904
0.33297704
0.33212697
0.3310421
0.3298795
0.32855944
0.32714058
0.32555827
0.32394767
0.2556951
0.32678556
0.3321652
0.33315688
0.33350471
0.33340155
0.3327497
0.3319413
0.33091099
0.32979244
0.3284974
0.3270788
0.32548724
0.32386946
0.25552085
0.326923
0.33229931
0.33327816
0.33355479
0.33339549
0.33273012
0.33193428
0.33090344
0.32976724
0.32845343
0.32704628
0.32548503
0.32394047
0.32216008
0.25505767
0.32664858
0.33204904
0.33297017
0.33325406
0.33307117
0.3323934
0.33159521
0.33062601
0.32957218
0.32831628
0.32693642
0.32543412
0.3239083
0.3220807
0.31982042
0.25500508
0.32643927
0.33179197
0.33273696
0.33299016
0.33280795
0.33220255
0.33148483
0.33059557
0.32957265
0.32832368
0.32691863
0.3254429
0.32387433
0.32195272
0.31974161
0.31729416
0.31473931
0.3121882
0.30969327
0.30725049
0.30500208
0.25596158
0.32720718
0.33246403
0.33331528
0.33341892
0.33313148
0.33244673
0.33166197
0.3306846
0.32957836
0.32829462
0.326902
0.32541866
0.32386087
0.32205926
0.32001043
0.31768302
0.31521895
0.31274001
0.31023891
0.3077335
0.30538674
0.25641189
0.32780899
0.33303593
0.33374483
0.33370724
0.33331236
0.33252605
0.33162949
0.33058302
0.32944328
0.32812777
0.32671648
0.32525208
0.32374271
0.32203727
0.32007556
0.31784136
0.31548312
0.31308484
0.31064021
0.30810229
0.30570631
0.30395861
0.30343412
0.30383811
0.25605592
0.32800847
0.3331988
0.33363247
0.33338475
0.33284885
0.33203098
0.33126795
0.33048106
0.32956468
0.32836536
0.32703456
0.32568109
0.32428067
0.32248821
0.32035539
0.31801659
0.31564367
0.31327656
0.31088358
0.30838028
0.30593777
0.30414071
0.3034682
0.30378978
0.25621067
0.32824681
0.33343616
0.33379849
0.33342482
0.33281468
0.33201624
0.33127023
0.33050578
0.32958894
0.32839132
0.32708062
0.32572605
0.32427862
0.3225054
0.3204437
0.31816125
0.31580949
0.3134682
0.31113635
0.30869808
0.30632197
0.30447942
0.30371752
0.30389369
0.25665547
0.32867145
0.33377897
0.33404999
0.33360874
0.33297436
0.3321903
0.33145538
0.33072119
0.32981081
0.32861057
0.32733592
0.32603741
0.32458239
0.32280739
0.32074012
0.31840743
0.31597773
0.31360764
0.31130221
0.30892429
0.30657986
0.30475926
0.30391866
0.30401425
0.25674509
0.32890784
0.33397283
0.33409676
0.33357719
0.33289753
0.3321361
0.33146874
0.33084553
0.33005475
0.3290071
0.32784765
0.32660682
0.3251545
0.32327093
0.32102474
0.3185223
0.31600501
0.31359679
0.31135712
0.30909806
0.30689447
0.30510153
0.304161
0.30411883
0.25704386
0.32924578
0.33425599
0.33424593
0.333642
0.33293188
0.33220768
0.33159591
0.33100688
0.33025034
0.32930081
0.32826702
0.32714304
0.32572648
0.3237908
0.32140046
0.31875848
0.3161589
0.31376216
0.31155148
0.30934698
0.3071577
0.30538474
0.30435513
0.30426114
0.2575512
0.32972735
0.33465134
0.33454462
0.33386473
0.33313011
0.33241726
0.33181956
0.33125193
0.33050514
0.32956769
0.32855283
0.32743819
0.32600742
0.32406106
0.32167224
0.31903155
0.31643806
0.31403804
0.31183106
0.30962798
0.307457
0.30565794
0.30462542
0.30442714
0.25802158
0.33030884
0.33518996
0.33499639
0.33426321
0.3335183
0.33282878
0.33226098
0.33172299
0.33098869
0.33007417
0.32909784
0.3280308
0.32661059
0.32464678
0.3222213
0.31954582
0.31693239
0.31452546
0.31231718
0.31012579
0.30798368
0.3062072
0.30512824
0.304903
0.25807952
0.3303917
0.33525526
0.33502922
0.33430093
0.33357311
0.33290047
0.33235213
0.33182098
0.3310831
0.33016989
0.32919906
0.32815475
0.32674991
0.32479464
0.32237565
0.31972294
0.31714192
0.31474615
0.31249485
0.31023462
0.30804481
0.30627114
0.30522408
0.3050896
0.2585597
0.33066801
0.33546507
0.33522482
0.33450331
0.33379895
0.33315454
0.33262947
0.33212008
0.33139657
0.33048955
0.3295074
0.32842821
0.32699886
0.32504075
0.32264095
0.31999815
0.31741484
0.31499482
0.31272067
0.3104535
0.30827063
0.30649817
0.30543796
0.30519398
0.25908507
0.33110428
0.33580487
0.33546704
0.33469819
0.33397708
0.33335935
0.33286372
0.33240468
0.33171677
0.33084954
0.32991388
0.32886909
0.32742827
0.325443
0.32299544
0.32029309
0.31764375
0.31518509
0.31294627
0.31076223
0.30869665
0.30691757
0.30575853
0.3053979
0.25946628
0.33149766
0.33609445
0.33560761
0.33480499
0.33408407
0.3335271
0.33310412
0.33274746
0.33214821
0.33138712
0.33052966
0.32955416
0.32810272
0.32602262
0.32341969
0.32056283
0.31776115
0.31523186
0.31301532
0.31099582
0.30908612
0.30737822
0.30602779
0.3055033
0.25995072
0.33192845
0.33653266
0.33607663
0.33531848
0.33463473
0.33410316
0.33369914
0.33335028
0.332763
0.3320183
0.3311564
0.3301475
0.32868301
0.32658958
0.32398411
0.32112355
0.31832948
0.31578444
0.31355236
0.31150694
0.30958732
0.30782459
0.30646328
0.30591806
0.26070524
0.33249837
0.33700972
0.33651931
0.33574113
0.33506394
0.3345685
0.33418027
0.33381806
0.33320516
0.33245208
0.33158176
0.33052768
0.3289905
0.32687677
0.32426012
0.32139041
0.31857238
0.31600277
0.31372719
0.31169224
0.30979159
0.30806216
0.30662804
0.30605564
0.30705484
0.26150724
0.33334962
0.33781267
0.33733505
0.33651157
0.33584565
0.33536349
0.33498001
0.33456786
0.33392305
0.33315035
0.33221986
0.33106311
0.32949149
0.32739995
0.32486629
0.32211875
0.31942969
0.31689607
0.31458405
0.31245565
0.31054582
0.30879752
0.30741255
0.30680919
0.30794663
0.26283395
0.33390473
0.33834483
0.33787025
0.33714528
0.33651447
0.33599782
0.33543724
0.33479852
0.33388036
0.33284327
0.33178751
0.33051643
0.32879709
0.32679981
0.32461472
0.32226542
0.31978861
0.31725821
0.31479018
0.31251056
0.3104803
0.3087231
0.30736973
0.30689801
0.30794048
0.26369271
0.33398169
0.33833763
0.33796895
0.33734431
0.33667926
0.33615505
0.33552042
0.33486221
0.33397696
0.33301625
0.33198044
0.33076874
0.32914699
0.32721857
0.32493353
0.32251151
0.31998636
0.3174687
0.31497669
0.31268805
0.31063311
0.30885459
0.3074689
0.30698398
0.30804498
0.30977763
0.26369133
0.33401552
0.33833
0.33788079
0.33726911
0.33662366
0.33616807
0.33560129
0.33503389
0.33422002
0.33335259
0.33239376
0.33122753
0.32958113
0.32758916
0.32520028
0.32267247
0.32001788
0.3174437
0.31496644
0.31282801
0.31091712
0.30923503
0.30770059
0.30710242
0.30815112
0.30992975
0.26412538
0.33427263
0.33850347
0.33799608
0.33735343
0.33674255
0.33635561
0.33588191
0.33539595
0.33464118
0.33381059
0.33287924
0.33172924
0.33005761
0.32798458
0.3255516
0.32297079
0.320263
0.31762913
0.31521279
0.31320336
0.31143
0.30971004
0.30803437
0.30718114
0.30824286
0.31006288
0.31375029
0.26512677
0.33493284
0.33901769
0.33836815
0.33767139
0.33712928
0.33677504
0.3364086
0.33600075
0.33534064
0.3345956
0.33375706
0.33262841
0.3309232
0.32870996
0.32609714
0.32327112
0.32035525
0.31763465
0.31534235
0.31356477
0.3120159
0.31027511
0.30838864
0.30723898
0.30824984
0.31015842
0.31404724
0.26502042
0.33516792
0.33923864
0.33849517
0.33778419
0.33737751
0.33706286
0.33686821
0.3365925
0.3360866
0.33536734
0.33457901
0.33343883
0.33168462
0.32929934
0.32657594
0.32360981
0.32059591
0.31774468
0.31553284
0.31394337
0.3126776
0.31086597
0.30874247
0.30726793
0.30819667
0.31019474
0.31422582
0.31795126
0.26454278
0.33491878
0.33894278
0.33812289
0.33745296
0.33719324
0.33701032
0.33692699
0.33680762
0.33665458
0.3361744
0.33554155
0.33434283
0.33258329
0.33006696
0.32707567
0.32365442
0.32029886
0.31730389
0.31530213
0.31418868
0.31343353
0.31177914
0.30934967
0.30756718
0.30855271
0.31068394
0.31482771
0.31847542
0.32423581
0.26364213
0.33462581
0.3385785
0.33764771
0.337028
0.3368957
0.33689189
0.33694512
0.3369028
0.33679194
0.33647369
0.33582412
0.33451038
0.33255925
0.33002234
0.32707959
0.32375237
0.32033444
0.3172419
0.31532771
0.3143287
0.31387761
0.31242807
0.30984953
0.3079884
0.30885428
0.31102667
0.31513664
0.31869725
0.32433241
0.26319296
0.33466235
0.33856545
0.33746072
0.33683522
0.33671348
0.33677701
0.33698901
0.33706124
0.33700232
0.33669443
0.33607801
0.33491826
0.33300817
0.33038284
0.32737806
0.32412638
0.32080166
0.31767928
0.31558084
0.31451503
0.31404171
0.31278753
0.31013297
0.30828573
0.3091638
0.31128273
0.31541452
0.31891987
0.32452082
0.32849949
0.26224078
0.33428762
0.33800822
0.33675469
0.33610348
0.33615824
0.33645833
0.336936
0.33713837
0.33716829
0.33713251
0.33694384
0.33604699
0.33432015
0.33150633
0.32813892
0.32448105
0.32084325
0.31752073
0.31548029
0.31458368
0.31423507
0.313282
0.31040084
0.30860878
0.30938504
0.31153953
0.31568592
0.31907373
0.32466236
0.3286195
0.26147624
0.33396262
0.33766333
0.33637747
0.33578632
0.33587674
0.33627715
0.33687616
0.33715843
0.33723839
0.33742097
0.33744015
0.33704875
0.33521767
0.33236814
0.32854071
0.32466908
0.32069453
0.31732941
0.31539752
0.31454803
0.31428578
0.31341953
0.31036493
0.30848868
0.30927455
0.31156979
0.31572238
0.31910085
0.32472251
0.3287265
0.33385495
0.26113441
0.33492013
0.33855542
0.33710801
0.33659967
0.33667205
0.33710892
0.33772141
0.33803621
0.33815771
0.33860848
0.33879813
0.33874588
0.33682701
0.33379119
0.32963602
0.32562691
0.32145901
0.31801398
0.3160451
0.31531935
0.31517222
0.31432012
0.31124508
0.30905171
0.31073709
0.31312035
0.31729056
0.32055432
0.32613095
0.33006688
0.33523333
0.26322677
0.33683467
0.33977479
0.33860289
0.33830168
0.33848461
0.338734
0.33870833
0.33851509
0.33830478
0.33884787
0.33949116
0.33964503
0.33790572
0.33447069
0.33088076
0.32734187
0.32410919
0.32094399
0.31839408
0.31710807
0.31650251
0.31578304
0.31352416
0.31234996
0.31293247
0.31470054
0.31830665
0.32096803
0.32609257
0.32990493
0.33529063
0.33627584
0.26530867
0.33761947
0.34063587
0.33919782
0.33892434
0.3389299
0.33922272
0.33915949
0.33898679
0.33870422
0.33870261
0.33871153
0.33753327
0.3348766
0.33178795
0.32890905
0.32617715
0.3230666
0.31982995
0.31738154
0.31623678
0.31579407
0.31534441
0.31291717
0.31166618
0.31274511
0.31470122
0.31823446
0.32079789
0.32584987
0.32968982
0.33508488
0.33612088
0.25830487
0.33472481
0.33810944
0.33644521
0.3358571
0.33594583
0.3366565
0.33749571
0.33790132
0.33839095
0.33988709
0.34248993
0.34392288
0.34417543
0.33966287
0.33413018
0.32758228
0.32293421
0.31908639
0.31735447
0.31676275
0.31717147
0.31718693
0.31385405
0.31215662
0.31350754
0.31560706
0.3194582
0.32224066
0.32755444
0.3313422
0.33652409
0.33731301
0.33589367
0.25885272
0.33540103
0.33880414
0.33703762
0.33677805
0.33700641
0.33797565
0.33904158
0.33980958
0.34081898
0.34243432
0.34437005
0.34524428
0.34501348
0.33931416
0.33404241
0.32641303
0.32174489
0.31801048
0.31667175
0.31667277
0.31870603
0.31910953
0.3149334
0.31239874
0.31351775
0.31588383
0.31988401
0.32269068
0.32819484
0.33188552
0.33698193
0.33759691
0.33609661
0.2568471
0.33495831
0.33840533
0.33643046
0.33598863
0.33615454
0.33716929
0.33822528
0.338833
0.34000471
0.34245729
0.34606789
0.3480719
0.34847192
0.34293714
0.33567197
0.32714067
0.32115355
0.317494
0.31620589
0.31664641
0.31881789
0.31931583
0.31521193
0.31271183
0.3139108
0.3162434
0.31989497
0.32247707
0.32788664
0.33168396
0.33696699
0.33778786
0.33629295
0.3324586
0.25634271
0.33478224
0.33834721
0.33649517
0.3362514
0.33650726
0.33769191
0.33884084
0.33961154
0.34100601
0.34351821
0.34688663
0.34865337
0.34883408
0.34266094
0.33565743
0.32673969
0.32097848
0.31709348
0.31585748
0.31690777
0.31944779
0.32009937
0.3157279
0.31300224
0.31431825
0.31672317
0.32056624
0.32320712
0.32871435
0.33239436
0.33762934
0.33823852
0.33670022
0.33283432
0.25556716
0.33396687
0.33768242
0.33612073
0.33574886
0.33605717
0.33712825
0.33822194
0.33880226
0.33984779
0.34205401
0.34528156
0.34700997
0.34724626
0.34157829
0.33505215
0.3269812
0.32171033
0.31807582
0.3168132
0.31701025
0.31892964
0.31928117
0.31509194
0.31291899
0.31417435
0.31642125
0.32025276
0.32295481
0.32838506
0.33196421
0.3370585
0.33757468
0.3360959
0.33239188
0.32682897
0.2530707
0.33225448
0.33610836
0.33463662
0.33440583
0.33491826
0.33623289
0.33757069
0.33832608
0.33982843
0.34236008
0.34577568
0.34755747
0.34775059
0.34147679
0.33456055
0.32570776
0.32011983
0.31643658
0.31523216
0.31679276
0.31914873
0.31973983
0.31497756
0.31222328
0.31373551
0.31607233
0.31999552
0.32268345
0.32817617
0.33169986
0.33675829
0.3372082
0.33571831
0.33201906
0.32641498
0.25153148
0.33124364
0.33516454
0.33362444
0.33345643
0.33407882
0.33557705
0.33712176
0.33815838
0.34006796
0.34323456
0.34725305
0.34938142
0.34967401
0.34275835
0.33481959
0.32474854
0.31846744
0.31481945
0.31378056
0.31699042
0.31977286
0.32059193
0.31510817
0.31187623
0.31347597
0.31587452
0.31983146
0.32249184
0.32811288
0.33156517
0.33666698
0.33696802
0.33542222
0.3315137
0.32583
0.25334175
0.33132552
0.33563345
0.33402975
0.33440931
0.33478919
0.33616008
0.3373949
0.33874552
0.34058854
0.34339778
0.34589402
0.34706816
0.34683869
0.33939454
0.33260902
0.32254733
0.31708354
0.31330555
0.31241555
0.31634366
0.31952953
0.32046743
0.31464097
0.31116537
0.31202793
0.31447546
0.31869325
0.3214252
0.32703363
0.33041657
0.33552761
0.33582872
0.33426098
0.33040676
0.32461063
0.32211176
0.25240245
0.32977924
0.33360555
0.33240479
0.33217992
0.33277453
0.33409174
0.33553794
0.33645472
0.33789294
0.34001944
0.34242949
0.34346775
0.3430483
0.33647683
0.33054869
0.322186
0.31725794
0.31372601
0.31262634
0.31458673
0.31691568
0.3174424
0.31220075
0.30944144
0.31095404
0.31342228
0.31776663
0.32101168
0.32668579
0.33009661
0.33491636
0.33497963
0.33344549
0.32976811
0.32421971
0.32193026
0.32263632
0.26083789
0.33508494
0.33953551
0.33905908
0.3392345
0.33948173
0.33976231
0.33977923
0.3397287
0.33974145
0.33971458
0.33928136
0.33753397
0.33519253
0.33229289
0.32956365
0.32663444
0.32346949
0.32031863
0.31858893
0.31794494
0.31771406
0.31627258
0.31323526
0.31034873
0.31234092
0.3146806
0.31915835
0.32331395
0.32896308
0.33265515
0.33656831
0.33652976
0.33503795
0.33156431
0.32654723
0.32431462
0.32506316
0.26068118
0.33598421
0.34113552
0.34129622
0.34105934
0.34110757
0.34095585
0.34025561
0.33986073
0.33929908
0.3390098
0.33828609
0.33753031
0.33626633
0.3349941
0.33351859
0.33211937
0.33026726
0.32798605
0.3253329
0.32271852
0.32046149
0.31831309
0.31701412
0.31625111
0.31562053
0.31691807
0.32036341
0.32467367
0.32990299
0.33372336
0.33680577
0.33658462
0.33514366
0.33175674
0.32727806
0.32470665
0.3252515
0.32660133
0.24985175
0.33006442
0.33646414
0.33682829
0.33607772
0.33572473
0.33549883
0.33585486
0.33618323
0.33626431
0.33673903
0.33740842
0.33812619
0.33820781
0.33619794
0.33413992
0.33179923
0.33024132
0.32810469
0.32571808
0.32204598
0.31852068
0.31578886
0.31507358
0.31490084
0.31535192
0.31653785
0.3194853
0.32345915
0.3286309
0.33259081
0.33577869
0.33561244
0.33438175
0.33137878
0.32728586
0.32457704
0.32506685
0.32633556
0.2446996
0.32844152
0.33531526
0.33563554
0.33490221
0.33461826
0.33450577
0.33578728
0.33652842
0.33742241
0.33885162
0.34061381
0.34218232
0.34258584
0.34012564
0.33630997
0.33266558
0.32999845
0.32819879
0.32649699
0.32425474
0.32144308
0.3189681
0.31722256
0.31695591
0.31676428
0.31824074
0.32114016
0.32474317
0.32959556
0.33341978
0.33653193
0.33628309
0.33498414
0.33193552
0.32760275
0.32508437
0.32558371
0.32682559
0.33039955
0.25761012
0.33372523
0.33867308
0.33862425
0.33843554
0.33890813
0.33899787
0.33891297
0.33843002
0.33820642
0.33830278
0.3382989
0.33815668
0.336779
0.33476028
0.33198675
0.3297191
0.3273525
0.32510539
0.32279103
0.32141825
0.32037176
0.318842
0.31673846
0.31523494
0.31548347
0.31720142
0.32079856
0.32481547
0.32974772
0.33308397
0.33605718
0.33582038
0.33435159
0.33114212
0.32646811
0.32473395
0.32540974
0.32689832
0.33023318
0.33058263
0.32991927
0.25688747
0.33312827
0.33838968
0.33848172
0.338502
0.33868694
0.33861682
0.33807215
0.33781906
0.337633
0.33767431
0.33759788
0.33698078
0.33572283
0.33386982
0.3318858
0.32985763
0.32766673
0.32513922
0.322761
0.32074625
0.31901064
0.31711154
0.31538679
0.31432187
0.31479334
0.31640741
0.32014489
0.32439652
0.32940605
0.33295975
0.33583126
0.33557735
0.3340983
0.33090532
0.32639709
0.32457911
0.32524218
0.32679372
0.33017709
0.330733
0.33011447
0.25595597
0.33329006
0.33870106
0.33881411
0.33886106
0.33901484
0.33891667
0.33833186
0.33805497
0.33786591
0.33808202
0.33813219
0.33799434
0.33651077
0.33484407
0.33256569
0.33080167
0.32848961
0.32620185
0.32357776
0.32164252
0.3196572
0.31796816
0.31611423
0.31511255
0.31533147
0.31703059
0.32066919
0.3250141
0.32996555
0.33347015
0.33619586
0.33595029
0.33455781
0.33140789
0.32711164
0.32531167
0.32595509
0.32736528
0.33073733
0.33113663
0.33050911
0.25806973
0.33481259
0.34028171
0.34046778
0.34036466
0.3404315
0.34019273
0.33954953
0.33901313
0.33861353
0.33828566
0.33776004
0.33697906
0.33575392
0.33436831
0.33297625
0.33157805
0.32975403
0.32738881
0.3248072
0.32239297
0.32032782
0.3185804
0.31732717
0.31655438
0.31648296
0.31820602
0.3216426
0.32579049
0.33051924
0.33397238
0.33664616
0.33635866
0.33490997
0.33183223
0.32750766
0.32584034
0.32647726
0.32788837
0.33117668
0.33155273
0.33093206
0.25937767
0.33541037
0.34089391
0.34112101
0.34096603
0.34089162
0.34048433
0.3399654
0.33933438
0.33870457
0.33789876
0.33694541
0.33576203
0.33454935
0.33338112
0.3323625
0.33116325
0.32949419
0.32723984
0.32478614
0.32241129
0.32035822
0.31862407
0.31730811
0.31645952
0.31656351
0.31825041
0.32180351
0.32610248
0.3308482
0.33434016
0.3368357
0.33652579
0.33506491
0.33196817
0.32770091
0.32609656
0.32677706
0.32813284
0.33143018
0.33171574
0.33108698
0.25964444
0.33605705
0.34158993
0.34181925
0.34166895
0.3414495
0.34111451
0.34053627
0.33999714
0.33927873
0.33845923
0.3374045
0.33623202
0.33499898
0.3339027
0.33291902
0.33178219
0.33011918
0.32791893
0.32545138
0.32307709
0.32097527
0.31930647
0.31801528
0.3172627
0.31716092
0.31897078
0.32239104
0.32667098
0.33126229
0.33471475
0.33712347
0.33678062
0.3353085
0.33220364
0.32803606
0.32644227
0.32707087
0.32846258
0.33167155
0.33186026
0.33121908
0.25910303
0.33577927
0.34136647
0.34160129
0.3414678
0.34119746
0.34087897
0.3403115
0.3397924
0.33907208
0.33826423
0.33720221
0.33603584
0.33479834
0.33371473
0.3327372
0.33159992
0.3299452
0.3277902
0.32538654
0.32307025
0.32099018
0.31933591
0.31803072
0.31720179
0.31739359
0.31914051
0.32255857
0.32678611
0.3313004
0.33472646
0.33703644
0.33667976
0.33514885
0.33214373
0.32799538
0.3265828
0.32725627
0.32864624
0.33182282
0.33197742
0.33136505
0.25843512
0.3358963
0.34157595
0.34178384
0.34157699
0.34133942
0.34110606
0.34073066
0.34025835
0.33955006
0.33862969
0.33747592
0.33624405
0.33502045
0.33394902
0.332924
0.33167677
0.32995456
0.32786117
0.32565817
0.32355005
0.32163565
0.31995231
0.31863943
0.31790046
0.31791547
0.31976419
0.32313354
0.32738353
0.33181913
0.33524792
0.33742367
0.33703776
0.33543444
0.3324601
0.32828102
0.32695202
0.32764669
0.3290283
0.33219952
0.33225707
0.33162939
0.25831637
0.33607412
0.34177356
0.34197673
0.34173432
0.34152163
0.34127629
0.34095185
0.34048599
0.33980147
0.33889872
0.3378025
0.336566
0.33533398
0.33422027
0.33316851
0.3318699
0.33013959
0.32805978
0.32590237
0.32380368
0.32186834
0.32012961
0.31872508
0.31783931
0.31801156
0.31991747
0.32333101
0.32764735
0.33206483
0.3354976
0.33757411
0.33717147
0.33552197
0.33258228
0.32841362
0.32719688
0.32791316
0.32931447
0.3324552
0.33242923
0.3317979
0.25805293
0.33643466
0.34219487
0.34238281
0.34204797
0.34192978
0.34171076
0.34157089
0.3411741
0.34055046
0.33961586
0.33853228
0.33725666
0.33603996
0.33487413
0.33383956
0.33249642
0.33077328
0.32869696
0.32662835
0.32457955
0.32268308
0.32090091
0.3194818
0.31858432
0.31868755
0.32065119
0.3240038
0.32839559
0.33272241
0.33617543
0.33807704
0.33761212
0.33590219
0.33290785
0.32876539
0.32749019
0.32822629
0.32954076
0.33271276
0.33256219
0.33191197
0.25770046
0.33619876
0.34200905
0.34221425
0.34192542
0.34176545
0.34152423
0.34135224
0.34098187
0.3403473
0.33943586
0.33835199
0.33707593
0.33583701
0.33469424
0.33365858
0.33232486
0.33059897
0.32856209
0.32650149
0.32445476
0.32252959
0.32076669
0.31936397
0.31855132
0.31870951
0.32061646
0.32397279
0.32832331
0.33263326
0.33605899
0.3379142
0.33745114
0.33569717
0.33275623
0.3285932
0.32740791
0.32809728
0.32953437
0.33267362
0.33245652
0.3318029
0.25656263
0.33577613
0.3416796
0.34188312
0.34161664
0.3414606
0.34128397
0.34116249
0.34095962
0.34039379
0.33961357
0.33859389
0.3374039
0.3361551
0.33496883
0.33373577
0.33223655
0.33041391
0.32848947
0.32658652
0.32470568
0.32278418
0.32098583
0.31952638
0.31886891
0.31901907
0.3209573
0.32418832
0.32847662
0.33267404
0.33607394
0.33783242
0.33734838
0.33557214
0.33263253
0.32852119
0.3273534
0.32790461
0.32964701
0.33234174
0.33225035
0.33157991
0.25537736
0.33497781
0.34090026
0.34107997
0.34072423
0.34061551
0.34050589
0.34047042
0.34038628
0.33975627
0.33915235
0.33812408
0.33702978
0.33571417
0.3344941
0.33316767
0.33162836
0.32975693
0.32787433
0.32600275
0.32418633
0.32226059
0.32045952
0.31900155
0.31841409
0.31872193
0.32066014
0.32385376
0.3280886
0.33222124
0.33560688
0.33731632
0.33681028
0.33494953
0.33209607
0.3279445
0.32699574
0.32762569
0.32936664
0.3320163
0.3319066
0.3312164
0.32949434
0.2535403
0.33419242
0.34025713
0.34042711
0.34009893
0.33999441
0.33993942
0.34020574
0.34023145
0.33994053
0.3394322
0.33866488
0.3375674
0.33625702
0.33480289
0.33328372
0.33145924
0.32948918
0.3276248
0.32599616
0.32436403
0.32251704
0.3206383
0.31907691
0.31858721
0.31904631
0.32098572
0.32405839
0.32818058
0.33220131
0.33555897
0.33720869
0.33669392
0.33480029
0.33197854
0.3278503
0.32697477
0.32760544
0.3294168
0.33195443
0.33184354
0.33112871
0.32949633
0.25277414
0.33398102
0.34012563
0.34028259
0.33996919
0.33986671
0.33988386
0.34016837
0.34020759
0.33996608
0.33947504
0.33872516
0.33761647
0.33629532
0.33483326
0.33329986
0.3314394
0.32944673
0.32760175
0.32604357
0.324498
0.32270785
0.32082804
0.31931613
0.31884197
0.31941235
0.32132959
0.32432783
0.3283873
0.33227201
0.33557571
0.33711476
0.33657012
0.33458023
0.33182766
0.32769369
0.32700915
0.32767536
0.32955917
0.33201697
0.33190784
0.33117498
0.32961529
0.25328225
0.33457636
0.34073387
0.34091205
0.34067755
0.34056574
0.34041335
0.3405852
0.3405684
0.34014025
0.33946752
0.33849592
0.33727014
0.33598759
0.33474943
0.33345747
0.33183229
0.32994155
0.32809482
0.32643659
0.32482912
0.3230707
0.32130014
0.31979801
0.31912316
0.31966914
0.32158936
0.3245963
0.32863955
0.33243574
0.33566916
0.33713688
0.33660179
0.33459279
0.33196273
0.32794376
0.32747769
0.3281863
0.330098
0.33243237
0.33232331
0.33161011
0.3300863
0.25353177
0.33505018
0.34124777
0.34141601
0.34120361
0.34110314
0.34111385
0.34107962
0.34089407
0.34039837
0.33963309
0.33859966
0.33734468
0.33608931
0.33492215
0.33377877
0.33225494
0.33038475
0.32843286
0.32673992
0.32516691
0.32357231
0.32185193
0.32047794
0.31967322
0.32015147
0.3221948
0.32526979
0.32937233
0.3330545
0.33624897
0.33754943
0.3369977
0.33491284
0.33241066
0.32848371
0.32820188
0.32891853
0.33086232
0.33294212
0.33278998
0.33208875
0.33048052
0.25384076
0.33587756
0.34227696
0.34246713
0.34240909
0.34236961
0.34209999
0.3418343
0.34146993
0.34102503
0.34039038
0.33951721
0.33839908
0.33719351
0.33606812
0.33499826
0.33360614
0.33181941
0.32985004
0.32804726
0.32643317
0.32491613
0.32340162
0.32209501
0.32136771
0.32174402
0.32367813
0.32662867
0.33065948
0.33409733
0.33718291
0.33822943
0.33763103
0.33545451
0.33302811
0.32913774
0.32902174
0.32970519
0.33164376
0.33347024
0.33327072
0.33257284
0.33089938
0.25220672
0.33563426
0.34224679
0.34240001
0.3424363
0.34243262
0.34207238
0.34168045
0.3412775
0.34094715
0.34066495
0.34010661
0.33927573
0.33803762
0.33682652
0.33564099
0.33432835
0.33252062
0.33051924
0.32859392
0.32700038
0.32558471
0.32427896
0.32314958
0.32232416
0.32258088
0.32465044
0.32730261
0.33117459
0.33436575
0.33733857
0.33824833
0.33762873
0.33551866
0.33301989
0.32949769
0.32949685
0.33023493
0.33234732
0.33398936
0.33376379
0.3329904
0.33139822
0.25132686
0.3358634
0.34259358
0.34269186
0.34278343
0.34274722
0.34212416
0.3416273
0.3411728
0.34095364
0.34100985
0.34101645
0.34070371
0.3395054
0.33787071
0.33630318
0.33470644
0.33300563
0.33097022
0.32909932
0.32742404
0.32618238
0.32488156
0.32383464
0.32346549
0.32401564
0.325816
0.32856031
0.33230741
0.33536744
0.33834529
0.33904539
0.3384012
0.3362697
0.3337546
0.33033554
0.33035155
0.33111298
0.33313161
0.33452275
0.3342318
0.3333455
0.3317883
0.24888929
0.33576884
0.34271186
0.34278765
0.34282499
0.34276186
0.34199488
0.34124211
0.34068265
0.34045858
0.34122589
0.34179238
0.34202096
0.34122965
0.33903087
0.33730225
0.33551099
0.33393668
0.33175888
0.32966204
0.32782617
0.32652865
0.3255394
0.32453097
0.32426623
0.32444864
0.32635054
0.32871901
0.33226645
0.33513125
0.33805129
0.3387173
0.33809473
0.33606879
0.33352876
0.33040956
0.33043896
0.33120195
0.33327065
0.33456223
0.33430793
0.33337672
0.33211436
0.25246399
0.33827621
0.34484023
0.34487318
0.34478349
0.344642
0.34378748
0.34294193
0.34206143
0.34162823
0.34142167
0.34131989
0.34120233
0.34011704
0.33891509
0.33760309
0.33667133
0.33509877
0.33313501
0.33079556
0.32914069
0.32791679
0.32717589
0.32630895
0.32589688
0.32638087
0.32809644
0.33025392
0.33357211
0.33621395
0.33903047
0.33958132
0.33892963
0.33698474
0.33440578
0.33163655
0.33176589
0.33257646
0.33473188
0.3358375
0.33555521
0.33450275
0.33349631
0.33316693
0.25410635
0.34043743
0.34695448
0.34694865
0.34680778
0.34647239
0.34579146
0.34482847
0.34392758
0.34332701
0.34299484
0.34272596
0.34256218
0.34163899
0.34046853
0.339338
0.33843548
0.33698872
0.3349959
0.33280967
0.33117718
0.33013085
0.3293517
0.32859972
0.32822664
0.32851976
0.33030826
0.33239953
0.3356898
0.33824045
0.34101861
0.34145734
0.34081401
0.33888718
0.33639431
0.33376821
0.3338946
0.33462019
0.33674138
0.33752038
0.33714542
0.33596505
0.33508346
0.33460505
0.25629475
0.34313729
0.34922669
0.34906615
0.34869638
0.34817441
0.34745243
0.34648526
0.34551415
0.3445906
0.34403123
0.34372073
0.34346143
0.3428058
0.34181864
0.34105305
0.34052699
0.3393007
0.33715407
0.3346694
0.33275446
0.33170424
0.33104571
0.33043654
0.33017459
0.33045358
0.33212268
0.33409061
0.33731912
0.33981199
0.34260338
0.34298631
0.34233134
0.34045494
0.33789574
0.33548886
0.33572076
0.33648256
0.33860696
0.33942889
0.33907797
0.33786679
0.33716364
0.33640613
0.25786893
0.34569634
0.35179044
0.35157659
0.3510946
0.35056614
0.34967076
0.34861541
0.34748952
0.34651611
0.34594764
0.34571257
0.34566884
0.34514474
0.344272
0.34359027
0.34325688
0.34216161
0.33990004
0.33729034
0.33520746
0.3341515
0.33359606
0.33309607
0.3330267
0.33311734
0.33484415
0.33678889
0.34003099
0.34246724
0.3452732
0.34551208
0.34486821
0.34298384
0.34046828
0.33819777
0.3383635
0.33880288
0.34106304
0.34147238
0.34094073
0.33958752
0.33875532
0.3376221
0.25866464
0.34810565
0.35433872
0.35409467
0.3535353
0.3529174
0.35189005
0.35071513
0.34944234
0.3484005
0.34784746
0.34752986
0.34786069
0.34773235
0.34676201
0.34633424
0.34595506
0.34524773
0.34281025
0.34005758
0.33769919
0.33660487
0.33585634
0.33530787
0.33448881
0.33550824
0.33696568
0.33897106
0.34201212
0.34440697
0.34689552
0.34686808
0.3461874
0.34416086
0.34177898
0.33925964
0.3393741
0.33980829
0.34212844
0.34219162
0.341562
0.34023739
0.33935292
0.33813709
0.25743322
0.34831629
0.35470636
0.35444259
0.35384651
0.35315867
0.35203524
0.35075882
0.34937294
0.34823874
0.34766762
0.34766418
0.34819794
0.34818573
0.34738923
0.34704892
0.34689736
0.34623813
0.34379199
0.34083673
0.33851466
0.33724402
0.33659377
0.33592071
0.33556456
0.33646514
0.33761408
0.33949302
0.34233787
0.34476511
0.34697052
0.34683603
0.34609033
0.34408246
0.34156093
0.33934623
0.33954566
0.33990373
0.34209839
0.34203878
0.34133702
0.34012846
0.33903752
0.33743488
0.25856547
0.34859231
0.35479986
0.35448297
0.35377449
0.35299465
0.3516902
0.35020798
0.34859528
0.34728801
0.34666426
0.34684153
0.34760218
0.34773694
0.3472267
0.34699187
0.34718975
0.34711154
0.34430253
0.34141922
0.33855697
0.33789199
0.3372743
0.33642683
0.33597945
0.33618883
0.33718406
0.33907939
0.34190076
0.344415
0.34650538
0.34631436
0.34557184
0.34343977
0.34100025
0.33885473
0.3390549
0.3393876
0.34153778
0.34113474
0.34037332
0.3389945
0.3378467
0.33694182
0.2612158
0.34853105
0.35439012
0.35403932
0.35309237
0.35230177
0.35078333
0.34885068
0.34694406
0.34563069
0.34502223
0.34527521
0.34612171
0.34630096
0.34567872
0.34538813
0.34555052
0.34547583
0.34260787
0.33954112
0.336789
0.33617968
0.3360789
0.3357964
0.33548706
0.33584173
0.33666195
0.33859718
0.3412901
0.34389704
0.3458119
0.34553662
0.34471786
0.34251176
0.33998624
0.33766574
0.33773563
0.33824252
0.34021388
0.34010597
0.33950685
0.3382297
0.33754584
0.33627649
0.32832354
0.26257723
0.34823121
0.35385709
0.35359499
0.35284734
0.35190508
0.34994801
0.34762606
0.34565703
0.34474151
0.3444844
0.3462316
0.34734531
0.34766177
0.34610859
0.34538463
0.34513237
0.34492186
0.34216686
0.33883576
0.33645586
0.33599383
0.33606746
0.33572818
0.33527275
0.33542536
0.3361192
0.3380192
0.34061939
0.34331827
0.34502264
0.34466929
0.34375376
0.34157328
0.33903965
0.33702337
0.33721665
0.33782757
0.33996836
0.33979266
0.33917926
0.33781927
0.33683331
0.33512451
0.32250687
0.26230689
0.34692264
0.35226908
0.35194997
0.35104887
0.35001964
0.34776733
0.34522286
0.34321722
0.34236081
0.3424023
0.34516092
0.34672812
0.34722068
0.34521036
0.34428384
0.34401528
0.34396384
0.34110737
0.33748169
0.33462409
0.33395701
0.33428824
0.33435719
0.33424425
0.33435651
0.33510513
0.33675857
0.33941616
0.3420929
0.34391879
0.34367171
0.34283944
0.34079419
0.33846752
0.33658578
0.33685881
0.33730669
0.33945692
0.3388363
0.3381417
0.33647854
0.33549914
0.26402192
0.347219
0.35219505
0.3518063
0.35059047
0.34940806
0.34666106
0.3437427
0.3415218
0.34060998
0.34134253
0.34508384
0.34733566
0.34804871
0.34574412
0.34471274
0.3444795
0.34465379
0.3416718
0.33719505
0.33415209
0.33363974
0.33451315
0.33514174
0.33527373
0.3352828
0.33566221
0.33697262
0.33940713
0.34210329
0.34384891
0.34355917
0.34268439
0.34050818
0.33823835
0.33606286
0.33614952
0.33663178
0.33838517
0.33790798
0.33729827
0.33594356
0.33511479
0.26256449
0.34626271
0.35124854
0.350863
0.34943069
0.34827425
0.34522982
0.34217894
0.33979857
0.33886255
0.3401424
0.34459913
0.34733566
0.3481882
0.34555497
0.34441816
0.34413129
0.34433444
0.34112978
0.33625095
0.33286872
0.33310263
0.33426712
0.33521923
0.33554294
0.3354709
0.33572162
0.33679083
0.3390255
0.34178153
0.34331413
0.34298049
0.34200454
0.33997382
0.33755114
0.33551465
0.33569779
0.33631875
0.33816011
0.3378511
0.26337128
0.34699417
0.3518851
0.3514583
0.35002637
0.3488202
0.34558971
0.34226228
0.33958364
0.33855274
0.33976258
0.34487517
0.34812704
0.34910181
0.34614852
0.34490231
0.3445912
0.34485255
0.34141012
0.33629619
0.33300491
0.33325023
0.33443284
0.33533759
0.33557335
0.33553992
0.33571599
0.33663279
0.33861792
0.34143829
0.34279626
0.34239706
0.34130735
0.33940296
0.33698977
0.33532237
0.33561461
0.33641419
0.33820893
0.26418121
0.34776278
0.35281093
0.35238995
0.35125121
0.350058
0.34714809
0.34387811
0.34126103
0.3401834
0.34042599
0.34470355
0.34729961
0.34809128
0.34576926
0.34479836
0.34455965
0.34490017
0.34142523
0.33660416
0.33340362
0.33388499
0.33487494
0.33541637
0.33540051
0.33531363
0.33558155
0.33643684
0.33864844
0.34151539
0.3429244
0.34253891
0.34154783
0.33974545
0.33760825
0.33637167
0.33677258
0.33763655
0.26150152
0.34768157
0.3530926
0.35272858
0.3515704
0.35043864
0.3477089
0.34478128
0.34249766
0.34159915
0.34271115
0.3467556
0.34920359
0.34988877
0.34760226
0.34672447
0.34655541
0.34667712
0.34335181
0.33913737
0.33609425
0.33535069
0.33598301
0.33607585
0.3359956
0.33585979
0.33608247
0.33775941
0.34038185
0.34326933
0.34491133
0.34465893
0.3438653
0.34215631
0.33989354
0.3381898
0.33840189
0.25308303
0.34639324
0.35313655
0.35278283
0.35213182
0.3513964
0.35012414
0.34881392
0.34728296
0.34621869
0.34577011
0.34708893
0.34791909
0.34801821
0.34711159
0.34677815
0.34679358
0.34626199
0.34343776
0.34057496
0.33866071
0.33787094
0.3376197
0.33706743
0.33669383
0.33733036
0.33848663
0.34046203
0.34302161
0.34576115
0.34691346
0.34653345
0.34544864
0.34359675
0.3413766
0.34056535
0.24531653
0.34438011
0.35315496
0.35331526
0.35318876
0.35309147
0.35211016
0.35096759
0.35009639
0.3497447
0.35017687
0.35116575
0.35154415
0.3511967
0.34952528
0.34845015
0.34761685
0.34619247
0.34410724
0.34209065
0.3407815
0.34026585
0.33971207
0.33955975
0.3389393
0.33958181
0.34099817
0.34303373
0.3457089
0.34806482
0.34949728
0.34923885
0.34844072
0.34664028
0.34477399
0.2485116
0.34829581
0.35675712
0.35670474
0.35609812
0.35576956
0.35490893
0.3538808
0.35269252
0.35209327
0.35183557
0.35255254
0.35299399
0.35287545
0.35153418
0.3509348
0.35041503
0.34937616
0.34701526
0.34464215
0.3431217
0.3420332
0.3410419
0.34040622
0.34012426
0.34124482
0.34211531
0.3440816
0.34632578
0.34875424
0.34974974
0.34942325
0.34840469
0.34682605
0.2545443
0.35107535
0.35881363
0.35869124
0.35805536
0.35754657
0.35630359
0.35461851
0.35295558
0.35203162
0.35164595
0.35278456
0.35359078
0.35373218
0.35298289
0.35269786
0.35277001
0.35216151
0.34938413
0.34674552
0.3453155
0.34470574
0.34414496
0.34355719
0.34321264
0.34314398
0.3432396
0.34535057
0.34751333
0.35018375
0.35079277
0.35031648
0.34916018
0.24904742
0.35034141
0.35858382
0.35839127
0.3577149
0.35688958
0.35551406
0.35430853
0.35280026
0.35208934
0.35190451
0.35387427
0.35500748
0.35520914
0.3543132
0.35397826
0.35406561
0.35352591
0.35044915
0.34754595
0.34589385
0.34515769
0.34445441
0.34397479
0.34356631
0.34397038
0.34465944
0.34629154
0.34842037
0.35073948
0.35195186
0.35167365
0.24719122
0.35288031
0.3620262
0.36191059
0.36121936
0.36038617
0.35901785
0.35770137
0.35620981
0.35546572
0.35519551
0.35703022
0.35810012
0.3582184
0.35727559
0.3569312
0.35698476
0.35642624
0.35350737
0.35076163
0.34917937
0.34859863
0.34842319
0.34790893
0.34744821
0.34820414
0.3484124
0.35082924
0.35264463
0.35523221
0.35548609
0.23580382
0.35697391
0.36991211
0.37017532
0.36936287
0.36828531
0.36664167
0.3649164
0.36269593
0.36140165
0.36028244
0.3611392
0.362665
0.36280382
0.36226113
0.36220259
0.36259662
0.36238177
0.35887722
0.35632075
0.35440103
0.35408784
0.35387244
0.35350101
0.3532453
0.35302877
0.35329771
0.35446762
0.35601121
0.35830187
0.25044051
0.3695482
0.38154939
0.38188404
0.38158513
0.38086406
0.37978858
0.37837046
0.37705242
0.37624293
0.37629224
0.37791338
0.3782304
0.37720069
0.36801053
0.36285963
0.36505424
0.36559976
0.36224908
0.35865848
0.35788676
0.35728338
0.35701659
0.35676902
0.35634188
0.35626379
0.35632682
0.35730389
0.35912379
0.2484065
0.36489141
0.37613213
0.37624369
0.37549551
0.37450125
0.37287615
0.37124846
0.3693302
0.36813973
0.36858676
0.370766
0.37183219
0.37171739
0.37192576
0.37308594
0.37223403
0.36408808
0.36582059
0.3606683
0.35897729
0.35985042
0.36037244
0.36089512
0.36096649
0.36147517
0.36152661
0.36327087
0.2562184
0.36921572
0.37943093
0.37953746
0.37843904
0.3776431
0.3758664
0.37425774
0.37225553
0.37108425
0.37202268
0.37452428
0.37588679
0.37598165
0.37632935
0.37795531
0.37819864
0.37652822
0.37138499
0.36915753
0.36816876
0.36811209
0.3683106
0.36805311
0.36774299
0.36715978
0.36664037
0.26081889
0.37122101
0.38062928
0.38070304
0.3793737
0.37854164
0.37656413
0.37490509
0.37263894
0.3713932
0.37229122
0.37515577
0.3765465
0.37668709
0.37714233
0.37921063
0.37976571
0.37822382
0.37476622
0.37009042
0.36920381
0.36914014
0.36932093
0.36891059
0.36877649
0.2667273
0.37536162
0.38418436
0.38418059
0.38284679
0.38194059
0.37987439
0.37818759
0.37582144
0.37438082
0.37555865
0.37884081
0.38048098
0.3807763
0.38144882
0.38394705
0.38480124
0.38318293
0.37934056
0.37431304
0.37384585
0.37422371
0.27147984
0.37783734
0.38611062
0.38604956
0.38468614
0.38370394
0.38158048
0.379766
0.3772503
0.37587473
0.3770023
0.38033111
0.38209114
0.38265146
0.38358248
0.38644321
0.38756966
0.38589578
0.38177897
0.27490511
0.38223378
0.39058536
0.39052451
0.38917986
0.38818933
0.38603996
0.38418848
0.38158052
0.38012166
0.38135166
0.38479996
0.38656321
0.38710757
0.38800865
0.39101856
0.39190203
0.27072995
0.38173544
0.39095297
0.39098574
0.38967009
0.38879198
0.38677484
0.38510945
0.38265965
0.38143425
0.38287851
0.3861262
0.38771696
0.38812532
0.38905548
0.39179845
0.39258123
0.26668805
0.38063056
0.39079201
0.39090659
0.39002839
0.38914166
0.3875105
0.38578879
0.38367608
0.38231335
0.38329247
0.38584701
0.38721379
0.26355253
0.38145103
0.39280561
0.39306626
0.39249655
0.39176976
0.39039832
0.38852698
0.38658888
0.38519998
0.38562014
0.3876167
0.25691626
0.37951967
0.39231149
0.39288052
0.39272831
0.39212615
0.39067095
0.3888189
0.3869964
0.38645498
0.3877988
0.31280038
0.46457147
0.48315963
0.48504723
0.48487167
0.48460524
0.48354551
0.48238255
0.48086748
0.48023163
0.87078604
1.6304403
1.8397306
1.8818457
1.8899085
1.8922773
1.8929765
1.8938726
1.8943409
2.0464163
3.8219958
4.1339349
4.177219
4.1813557
4.1816242
4.1814538
4.1812494
2.4890965
4.2064609
4.4523673
4.4746333
4.4766254
4.4768519
4.4764776
2.6481713
4.2290699
4.4422025
4.4661898
4.4667951
4.466181
2.7078019
4.1822706
4.3540835
4.3660519
4.3665872
2.9723992
4.1839224
4.2907681
4.2947741
3.0297741
4.1651725
4.2560435
)
;

boundaryField
{
    Side
    {
        type            empty;
    }
    Inlet
    {
        type            calculated;
        value           nonuniform List<scalar> 0();
    }
    Airfoil
    {
        type            calculated;
        value           uniform 0;
    }
    Outlet
    {
        type            calculated;
        value           nonuniform List<scalar> 0();
    }
    procBoundary24to8
    {
        type            processor;
        value           nonuniform List<scalar> 
59
(
0.3050029
0.30493218
0.30501366
0.3051308
0.30518701
0.30527386
0.30546168
0.30593463
0.30615077
0.30632682
0.30643006
0.30652339
0.30691656
0.30691656
0.30900204
0.3096722
0.3096653
0.3096653
0.3132247
0.3134896
0.3134896
0.31729487
0.31768594
0.31768594
0.32365161
0.32365161
0.32831785
0.32833388
0.32833388
0.33357682
0.33372818
0.33372818
0.3347456
0.33606831
0.33606831
0.33482991
0.33469745
0.33469745
0.33218918
0.33228926
0.33228926
0.32674451
0.32704533
0.32704533
0.32446886
0.32405307
0.32322926
0.32322926
0.32286555
0.32286555
0.32465836
0.32672407
0.32672407
0.33018743
0.32994507
0.32994507
0.33091972
0.33091972
0.33021683
)
;
    }
    procBoundary24to16
    {
        type            processor;
        value           nonuniform List<scalar> 
33
(
0.3278992
0.32819359
0.32858654
0.32900288
0.32915432
0.32933838
0.32953419
0.32977593
0.32995171
0.33006692
0.32998783
0.32978719
0.32978719
0.32861914
0.32867071
0.32883604
0.32926761
0.3297121
0.33034827
0.33098672
0.33137617
0.33185079
0.33185079
0.33161987
0.33244919
0.33395158
0.33520702
0.33551349
0.33494437
0.33282139
0.33282139
0.31223412
0.31085033
)
;
    }
    procBoundary24to36
    {
        type            processor;
        value           nonuniform List<scalar> 
77
(
0.33320435
0.31862667
0.33320435
0.33731291
0.33605635
0.33225836
0.3352845
0.33731291
0.33810727
0.33810727
0.33939664
0.33939664
0.33929541
0.33929541
0.3411344
0.3411344
0.34297782
0.34297782
0.34468892
0.34468892
0.34750813
0.34750813
0.35084454
0.35084454
0.3548618
0.3548618
0.35830918
0.35830918
0.36118608
0.36118608
0.36445141
0.36445141
0.36745135
0.36773492
0.36745135
0.36787575
0.37436573
0.37448237
0.36773492
0.37423709
0.37693704
0.3767967
0.37436573
0.37738596
0.39006592
0.37693704
0.38575554
0.39006592
0.38788228
0.38887472
0.39158316
0.39087483
0.3920221
0.38788228
0.38866595
0.38866595
0.39022251
0.39022251
0.48097376
0.48097376
1.8958972
1.8958972
4.1810612
4.1810612
4.4761153
4.4761153
4.4655674
4.4655674
4.3645217
4.3645217
4.2935217
4.2935217
4.259839
3.054577
4.1273576
4.259839
4.2076998
)
;
    }
    procBoundary24to40
    {
        type            processor;
        value           nonuniform List<scalar> 
34
(
0.25459309
0.32580328
0.33111617
0.3320276
0.33231239
0.33231239
0.33227372
0.33232401
0.33232401
0.33146925
0.33035973
0.33035973
0.32918608
0.32799046
0.32679311
0.32537721
0.32378322
0.32212596
0.32201673
0.32201673
0.31997303
0.31997303
0.31717242
0.31717242
0.31444996
0.31186666
0.30943793
0.30706775
0.3048554
0.30336849
0.30368283
0.30368283
0.30310157
0.30366925
)
;
    }
}


// ************************************************************************* //
