/*--------------------------------*- C++ -*----------------------------------*\
| =========                 |                                                 |
| \\      /  F ield         | OpenFOAM: The Open Source CFD Toolbox           |
|  \\    /   O peration     | Version:  2506                                  |
|   \\  /    A nd           | Website:  www.openfoam.com                      |
|    \\/     M anipulation  |                                                 |
\*---------------------------------------------------------------------------*/
FoamFile
{
    version     2.0;
    format      ascii;
    arch        "LSB;label=32;scalar=64";
    class       volScalarField;
    location    "0.0003";
    object      Ma;
}
// * * * * * * * * * * * * * * * * * * * * * * * * * * * * * * * * * * * * * //

dimensions      [0 0 0 0 0 0 0];

internalField   nonuniform List<scalar> 
3410
(
0.29959231
0.29959231
0.29959231
0.29959231
0.29959231
0.29959231
0.29959231
0.29959231
0.29959231
0.29959231
0.29959231
0.29959231
0.29959231
0.29959231
0.29959231
0.29959231
0.29959231
0.29959231
0.29959231
0.29959231
0.29959231
0.29959231
0.29959231
0.29959231
0.29959231
0.29959231
0.29959231
0.29959231
0.29959231
0.29959231
0.29959231
0.29959231
0.29959231
0.29959231
0.29959231
0.29959231
0.29959231
0.29959231
0.29959231
0.29959231
0.29959231
0.29959231
0.29959231
0.29959231
0.29959231
0.29959231
0.29959231
0.29959231
0.29959231
0.29959231
0.29959231
0.29959231
0.29959231
0.29959231
0.29959231
0.29959231
0.29959231
0.29959231
0.29959231
0.29959231
0.29959231
0.29959231
0.29959231
0.29959231
0.29959231
0.29959231
0.29959231
0.29959232
0.29959291
0.2996461
0.29959231
0.29959231
0.29959231
0.29959231
0.29959231
0.29959231
0.29959231
0.29959231
0.29959231
0.29959231
0.29959231
0.29959231
0.29959231
0.29959231
0.29959231
0.29959231
0.29959231
0.29959231
0.29959231
0.29959231
0.29959231
0.29959231
0.29959231
0.29959231
0.29959231
0.29959231
0.29959231
0.29959231
0.29959231
0.29959231
0.29959231
0.29959231
0.29959231
0.29959231
0.29959231
0.29959231
0.29959231
0.29959231
0.29959231
0.29959231
0.29959231
0.29959231
0.29959231
0.29959231
0.29959231
0.29959231
0.29959231
0.29959231
0.29959231
0.29959231
0.29959231
0.29959231
0.29959231
0.29959231
0.29959231
0.29959231
0.29959231
0.29959231
0.29959231
0.29959231
0.29959231
0.29959231
0.29959231
0.29959231
0.29959231
0.29959231
0.29959231
0.29959232
0.29959291
0.29964662
0.29959231
0.29959231
0.29959231
0.29959231
0.29959231
0.29959231
0.29959231
0.29959231
0.29959231
0.29959231
0.29959231
0.29959231
0.29959231
0.29959231
0.29959231
0.29959231
0.29959231
0.29959231
0.29959231
0.29959231
0.29959231
0.29959231
0.29959231
0.29959231
0.29959231
0.29959231
0.29959231
0.29959231
0.29959231
0.29959231
0.29959231
0.29959231
0.29959231
0.29959231
0.29959231
0.29959231
0.29959231
0.29959231
0.29959231
0.29959231
0.29959231
0.29959231
0.29959231
0.29959231
0.29959231
0.29959231
0.29959231
0.29959231
0.29959231
0.29959231
0.29959231
0.29959231
0.29959231
0.29959231
0.29959231
0.29959231
0.29959231
0.29959231
0.29959231
0.29959231
0.29959231
0.29959231
0.29959231
0.29959231
0.29959231
0.29959231
0.29959231
0.29959231
0.29959232
0.29959292
0.29964716
0.29959231
0.29959231
0.29959231
0.29959231
0.29959231
0.29959231
0.29959231
0.29959231
0.29959231
0.29959231
0.29959231
0.29959231
0.29959231
0.29959231
0.29959231
0.29959231
0.29959231
0.29959231
0.29959231
0.29959231
0.29959231
0.29959231
0.29959231
0.29959231
0.29959231
0.29959231
0.29959231
0.29959231
0.29959231
0.29959231
0.29959231
0.29959231
0.29959231
0.29959231
0.29959231
0.29959231
0.29959231
0.29959231
0.29959231
0.29959231
0.29959231
0.29959231
0.29959231
0.29959231
0.29959231
0.29959231
0.29959231
0.29959231
0.29959231
0.29959231
0.29959231
0.29959231
0.29959231
0.29959231
0.29959231
0.29959231
0.29959231
0.29959231
0.29959231
0.29959231
0.29959231
0.29959231
0.29959231
0.29959231
0.29959231
0.29959231
0.29959231
0.29959231
0.29959232
0.29959293
0.29964769
0.29959231
0.29959231
0.29959231
0.29959231
0.29959231
0.29959231
0.29959231
0.29959231
0.29959231
0.29959231
0.29959231
0.29959231
0.29959231
0.29959231
0.29959231
0.29959231
0.29959231
0.29959231
0.29959231
0.29959231
0.29959231
0.29959231
0.29959231
0.29959231
0.29959231
0.29959231
0.29959231
0.29959231
0.29959231
0.29959231
0.29959231
0.29959231
0.29959231
0.29959231
0.29959231
0.29959231
0.29959231
0.29959231
0.29959231
0.29959231
0.29959231
0.29959231
0.29959231
0.29959231
0.29959231
0.29959231
0.29959231
0.29959231
0.29959231
0.29959231
0.29959231
0.29959231
0.29959231
0.29959231
0.29959231
0.29959231
0.29959231
0.29959231
0.29959231
0.29959231
0.29959231
0.29959231
0.29959231
0.29959231
0.29959231
0.29959231
0.29959231
0.29959231
0.29959231
0.29959232
0.29959294
0.29964826
0.29959231
0.29959231
0.29959231
0.29959231
0.29959231
0.29959231
0.29959231
0.29959231
0.29959231
0.29959231
0.29959231
0.29959231
0.29959231
0.29959231
0.29959231
0.29959231
0.29959231
0.29959231
0.29959231
0.29959231
0.29959231
0.29959231
0.29959231
0.29959231
0.29959231
0.29959231
0.29959231
0.29959231
0.29959231
0.29959231
0.29959231
0.29959231
0.29959231
0.29959231
0.29959231
0.29959231
0.29959231
0.29959231
0.29959231
0.29959231
0.29959231
0.29959231
0.29959231
0.29959231
0.29959231
0.29959231
0.29959231
0.29959231
0.29959231
0.29959231
0.29959231
0.29959231
0.29959231
0.29959231
0.29959231
0.29959231
0.29959231
0.29959231
0.29959231
0.29959231
0.29959231
0.29959231
0.29959231
0.29959231
0.29959231
0.29959231
0.29959231
0.29959231
0.29959231
0.29959232
0.29959295
0.29964891
0.29959231
0.29959231
0.29959231
0.29959231
0.29959231
0.29959231
0.29959231
0.29959231
0.29959231
0.29959231
0.29959231
0.29959231
0.29959231
0.29959231
0.29959231
0.29959231
0.29959231
0.29959231
0.29959231
0.29959231
0.29959231
0.29959231
0.29959231
0.29959231
0.29959231
0.29959231
0.29959231
0.29959231
0.29959231
0.29959231
0.29959231
0.29959231
0.29959231
0.29959231
0.29959231
0.29959231
0.29959231
0.29959231
0.29959231
0.29959231
0.29959231
0.29959231
0.29959231
0.29959231
0.29959231
0.29959231
0.29959231
0.29959231
0.29959231
0.29959231
0.29959231
0.29959231
0.29959231
0.29959231
0.29959231
0.29959231
0.29959231
0.29959231
0.29959231
0.29959231
0.29959231
0.29959231
0.29959231
0.29959231
0.29959231
0.29959231
0.29959231
0.29959231
0.29959231
0.29959232
0.29959296
0.29964961
0.29959231
0.29959231
0.29959231
0.29959231
0.29959231
0.29959231
0.29959231
0.29959231
0.29959231
0.29959231
0.29959231
0.29959231
0.29959231
0.29959231
0.29959231
0.29959231
0.29959231
0.29959231
0.29959231
0.29959231
0.29959231
0.29959231
0.29959231
0.29959231
0.29959231
0.29959231
0.29959231
0.29959231
0.29959231
0.29959231
0.29959231
0.29959231
0.29959231
0.29959231
0.29959231
0.29959231
0.29959231
0.29959231
0.29959231
0.29959231
0.29959231
0.29959231
0.29959231
0.29959231
0.29959231
0.29959231
0.29959231
0.29959231
0.29959231
0.29959231
0.29959231
0.29959231
0.29959231
0.29959231
0.29959231
0.29959231
0.29959231
0.29959231
0.29959231
0.29959231
0.29959231
0.29959231
0.29959231
0.29959231
0.29959231
0.29959231
0.29959231
0.29959231
0.29959231
0.29959231
0.29959232
0.29959297
0.29965039
0.29959231
0.29959231
0.29959231
0.29959231
0.29959231
0.29959231
0.29959231
0.29959231
0.29959231
0.29959231
0.29959231
0.29959231
0.29959231
0.29959231
0.29959231
0.29959231
0.29959231
0.29959231
0.29959231
0.29959231
0.29959231
0.29959231
0.29959231
0.29959231
0.29959231
0.29959231
0.29959231
0.29959231
0.29959231
0.29959231
0.29959231
0.29959231
0.29959231
0.29959231
0.29959231
0.29959231
0.29959231
0.29959231
0.29959231
0.29959231
0.29959231
0.29959231
0.29959231
0.29959231
0.29959231
0.29959231
0.29959231
0.29959231
0.29959231
0.29959231
0.29959231
0.29959231
0.29959231
0.29959231
0.29959231
0.29959231
0.29959231
0.29959231
0.29959231
0.29959231
0.29959231
0.29959231
0.29959231
0.29959231
0.29959231
0.29959231
0.29959231
0.29959231
0.29959231
0.29959231
0.29959232
0.29959299
0.29965126
0.29959231
0.29959231
0.29959231
0.29959231
0.29959231
0.29959231
0.29959231
0.29959231
0.29959231
0.29959231
0.29959231
0.29959231
0.29959231
0.29959231
0.29959231
0.29959231
0.29959231
0.29959231
0.29959231
0.29959231
0.29959231
0.29959231
0.29959231
0.29959231
0.29959231
0.29959231
0.29959231
0.29959231
0.29959231
0.29959231
0.29959231
0.29959231
0.29959231
0.29959231
0.29959231
0.29959231
0.29959231
0.29959231
0.29959231
0.29959231
0.29959231
0.29959231
0.29959231
0.29959231
0.29959231
0.29959231
0.29959231
0.29959231
0.29959231
0.29959231
0.29959231
0.29959231
0.29959231
0.29959231
0.29959231
0.29959231
0.29959231
0.29959231
0.29959231
0.29959231
0.29959231
0.29959231
0.29959231
0.29959231
0.29959231
0.29959231
0.29959231
0.29959231
0.29959231
0.29959231
0.29959232
0.29959301
0.29965223
0.29959231
0.29959231
0.29959231
0.29959231
0.29959231
0.29959231
0.29959231
0.29959231
0.29959231
0.29959231
0.29959231
0.29959231
0.29959231
0.29959231
0.29959231
0.29959231
0.29959231
0.29959231
0.29959231
0.29959231
0.29959231
0.29959231
0.29959231
0.29959231
0.29959231
0.29959231
0.29959231
0.29959231
0.29959231
0.29959231
0.29959231
0.29959231
0.29959231
0.29959231
0.29959231
0.29959231
0.29959231
0.29959231
0.29959231
0.29959231
0.29959231
0.29959231
0.29959231
0.29959231
0.29959231
0.29959231
0.29959231
0.29959231
0.29959231
0.29959231
0.29959231
0.29959231
0.29959231
0.29959231
0.29959231
0.29959231
0.29959231
0.29959231
0.29959231
0.29959231
0.29959231
0.29959231
0.29959231
0.29959231
0.29959231
0.29959231
0.29959231
0.29959231
0.29959231
0.29959231
0.29959231
0.29959232
0.29959303
0.29965333
0.29959231
0.29959231
0.29959231
0.29959231
0.29959231
0.29959231
0.29959231
0.29959231
0.29959231
0.29959231
0.29959231
0.29959231
0.29959231
0.29959231
0.29959231
0.29959231
0.29959231
0.29959231
0.29959231
0.29959231
0.29959231
0.29959231
0.29959231
0.29959231
0.29959231
0.29959231
0.29959231
0.29959231
0.29959231
0.29959231
0.29959231
0.29959231
0.29959231
0.29959231
0.29959231
0.29959231
0.29959231
0.29959231
0.29959231
0.29959231
0.29959231
0.29959231
0.29959231
0.29959231
0.29959231
0.29959231
0.29959231
0.29959231
0.29959231
0.29959231
0.29959231
0.29959231
0.29959231
0.29959231
0.29959231
0.29959231
0.29959231
0.29959231
0.29959231
0.29959231
0.29959231
0.29959231
0.29959231
0.29959231
0.29959231
0.29959231
0.29959231
0.29959231
0.29959231
0.29959231
0.29959231
0.29959232
0.29959305
0.29965457
0.29959231
0.29959231
0.29959231
0.29959231
0.29959231
0.29959231
0.29959231
0.29959231
0.29959231
0.29959231
0.29959231
0.29959231
0.29959231
0.29959231
0.29959231
0.29959231
0.29959231
0.29959231
0.29959231
0.29959231
0.29959231
0.29959231
0.29959231
0.29959231
0.29959231
0.29959231
0.29959231
0.29959231
0.29959231
0.29959231
0.29959231
0.29959231
0.29959231
0.29959231
0.29959231
0.29959231
0.29959231
0.29959231
0.29959231
0.29959231
0.29959231
0.29959231
0.29959231
0.29959231
0.29959231
0.29959231
0.29959231
0.29959231
0.29959231
0.29959231
0.29959231
0.29959231
0.29959231
0.29959231
0.29959231
0.29959231
0.29959231
0.29959231
0.29959231
0.29959231
0.29959231
0.29959231
0.29959231
0.29959231
0.29959231
0.29959231
0.29959231
0.29959231
0.29959231
0.29959231
0.29959231
0.29959232
0.29959308
0.29965599
0.29959231
0.29959231
0.29959231
0.29959231
0.29959231
0.29959231
0.29959231
0.29959231
0.29959231
0.29959231
0.29959231
0.29959231
0.29959231
0.29959231
0.29959231
0.29959231
0.29959231
0.29959231
0.29959231
0.29959231
0.29959231
0.29959231
0.29959231
0.29959231
0.29959231
0.29959231
0.29959231
0.29959231
0.29959231
0.29959231
0.29959231
0.29959231
0.29959231
0.29959231
0.29959231
0.29959231
0.29959231
0.29959231
0.29959231
0.29959231
0.29959231
0.29959231
0.29959231
0.29959231
0.29959231
0.29959231
0.29959231
0.29959231
0.29959231
0.29959231
0.29959231
0.29959231
0.29959231
0.29959231
0.29959231
0.29959231
0.29959231
0.29959231
0.29959231
0.29959231
0.29959231
0.29959231
0.29959231
0.29959231
0.29959231
0.29959231
0.29959231
0.29959231
0.29959231
0.29959231
0.29959231
0.29959231
0.29959232
0.29959312
0.29965761
0.29959231
0.29959231
0.29959231
0.29959231
0.29959231
0.29959231
0.29959231
0.29959231
0.29959231
0.29959231
0.29959231
0.29959231
0.29959231
0.29959231
0.29959231
0.29959231
0.29959231
0.29959231
0.29959231
0.29959231
0.29959231
0.29959231
0.29959231
0.29959231
0.29959231
0.29959231
0.29959231
0.29959231
0.29959231
0.29959231
0.29959231
0.29959231
0.29959231
0.29959231
0.29959231
0.29959231
0.29959231
0.29959231
0.29959231
0.29959231
0.29959231
0.29959231
0.29959231
0.29959231
0.29959231
0.29959231
0.29959231
0.29959231
0.29959231
0.29959231
0.29959231
0.29959231
0.29959231
0.29959231
0.29959231
0.29959231
0.29959231
0.29959231
0.29959231
0.29959231
0.29959231
0.29959231
0.29959231
0.29959231
0.29959231
0.29959231
0.29959231
0.29959231
0.29959231
0.29959231
0.29959231
0.29959231
0.29959232
0.29959316
0.29965949
0.29959231
0.29959231
0.29959231
0.29959231
0.29959231
0.29959231
0.29959231
0.29959231
0.29959231
0.29959231
0.29959231
0.29959231
0.29959231
0.29959231
0.29959231
0.29959231
0.29959231
0.29959231
0.29959231
0.29959231
0.29959231
0.29959231
0.29959231
0.29959231
0.29959231
0.29959231
0.29959231
0.29959231
0.29959231
0.29959231
0.29959231
0.29959231
0.29959231
0.29959231
0.29959231
0.29959231
0.29959231
0.29959231
0.29959231
0.29959231
0.29959231
0.29959231
0.29959231
0.29959231
0.29959231
0.29959231
0.29959231
0.29959231
0.29959231
0.29959231
0.29959231
0.29959231
0.29959231
0.29959231
0.29959231
0.29959231
0.29959231
0.29959231
0.29959231
0.29959231
0.29959231
0.29959231
0.29959231
0.29959231
0.29959231
0.29959231
0.29959231
0.29959231
0.29959231
0.29959231
0.29959231
0.29959231
0.29959231
0.29959232
0.29959322
0.29966167
0.29959231
0.29959231
0.29959231
0.29959231
0.29959231
0.29959231
0.29959231
0.29959231
0.29959231
0.29959231
0.29959231
0.29959231
0.29959231
0.29959231
0.29959231
0.29959231
0.29959231
0.29959231
0.29959231
0.29959231
0.29959231
0.29959231
0.29959231
0.29959231
0.29959231
0.29959231
0.29959231
0.29959231
0.29959231
0.29959231
0.29959231
0.29959231
0.29959231
0.29959231
0.29959231
0.29959231
0.29959231
0.29959231
0.29959231
0.29959231
0.29959231
0.29959231
0.29959231
0.29959231
0.29959231
0.29959231
0.29959231
0.29959231
0.29959231
0.29959231
0.29959231
0.29959231
0.29959231
0.29959231
0.29959231
0.29959231
0.29959231
0.29959231
0.29959231
0.29959231
0.29959231
0.29959231
0.29959231
0.29959231
0.29959231
0.29959231
0.29959231
0.29959231
0.29959231
0.29959231
0.29959231
0.29959231
0.29959231
0.29959231
0.29959232
0.29959328
0.29966424
0.29959231
0.29959231
0.29959231
0.29959231
0.29959231
0.29959231
0.29959231
0.29959231
0.29959231
0.29959231
0.29959231
0.29959231
0.29959231
0.29959231
0.29959231
0.29959231
0.29959231
0.29959231
0.29959231
0.29959231
0.29959231
0.29959231
0.29959231
0.29959231
0.29959231
0.29959231
0.29959231
0.29959231
0.29959231
0.29959231
0.29959231
0.29959231
0.29959231
0.29959231
0.29959231
0.29959231
0.29959231
0.29959231
0.29959231
0.29959231
0.29959231
0.29959231
0.29959231
0.29959231
0.29959231
0.29959231
0.29959231
0.29959231
0.29959231
0.29959231
0.29959231
0.29959231
0.29959231
0.29959231
0.29959231
0.29959231
0.29959231
0.29959231
0.29959231
0.29959231
0.29959231
0.29959231
0.29959231
0.29959231
0.29959231
0.29959231
0.29959231
0.29959231
0.29959231
0.29959231
0.29959231
0.29959231
0.29959231
0.29959231
0.29959232
0.29959335
0.29966728
0.29959231
0.29959231
0.29959231
0.29959231
0.29959231
0.29959231
0.29959231
0.29959231
0.29959231
0.29959231
0.29959231
0.29959231
0.29959231
0.29959231
0.29959231
0.29959231
0.29959231
0.29959231
0.29959231
0.29959231
0.29959231
0.29959231
0.29959231
0.29959231
0.29959231
0.29959231
0.29959231
0.29959231
0.29959231
0.29959231
0.29959231
0.29959231
0.29959231
0.29959231
0.29959231
0.29959231
0.29959231
0.29959231
0.29959231
0.29959231
0.29959231
0.29959231
0.29959231
0.29959231
0.29959231
0.29959231
0.29959231
0.29959231
0.29959231
0.29959231
0.29959231
0.29959231
0.29959231
0.29959231
0.29959231
0.29959231
0.29959231
0.29959231
0.29959231
0.29959231
0.29959231
0.29959231
0.29959231
0.29959231
0.29959231
0.29959231
0.29959231
0.29959231
0.29959231
0.29959231
0.29959231
0.29959231
0.29959231
0.29959231
0.29959231
0.29959232
0.29959346
0.29967095
0.29959231
0.29959231
0.29959231
0.29959231
0.29959231
0.29959231
0.29959231
0.29959231
0.29959231
0.29959231
0.29959231
0.29959231
0.29959231
0.29959231
0.29959231
0.29959231
0.29959231
0.29959231
0.29959231
0.29959231
0.29959231
0.29959231
0.29959231
0.29959231
0.29959231
0.29959231
0.29959231
0.29959231
0.29959231
0.29959231
0.29959231
0.29959231
0.29959231
0.29959231
0.29959231
0.29959231
0.29959231
0.29959231
0.29959231
0.29959231
0.29959231
0.29959231
0.29959231
0.29959231
0.29959231
0.29959231
0.29959231
0.29959231
0.29959231
0.29959231
0.29959231
0.29959231
0.29959231
0.29959231
0.29959231
0.29959231
0.29959231
0.29959231
0.29959231
0.29959231
0.29959231
0.29959231
0.29959231
0.29959231
0.29959231
0.29959231
0.29959231
0.29959231
0.29959231
0.29959231
0.29959231
0.29959231
0.29959231
0.29959231
0.29959231
0.29959231
0.29959232
0.29959358
0.29967543
0.29959231
0.29959231
0.29959231
0.29959231
0.29959231
0.29959231
0.29959231
0.29959231
0.29959231
0.29959231
0.29959231
0.29959231
0.29959231
0.29959231
0.29959231
0.29959231
0.29959231
0.29959231
0.29959231
0.29959231
0.29959231
0.29959231
0.29959231
0.29959231
0.29959231
0.29959231
0.29959231
0.29959231
0.29959231
0.29959231
0.29959231
0.29959231
0.29959231
0.29959231
0.29959231
0.29959231
0.29959231
0.29959231
0.29959231
0.29959231
0.29959231
0.29959231
0.29959231
0.29959231
0.29959231
0.29959231
0.29959231
0.29959231
0.29959231
0.29959231
0.29959231
0.29959231
0.29959231
0.29959231
0.29959231
0.29959231
0.29959231
0.29959231
0.29959231
0.29959231
0.29959231
0.29959231
0.29959231
0.29959231
0.29959231
0.29959231
0.29959231
0.29959231
0.29959231
0.29959231
0.29959231
0.29959231
0.29959231
0.29959231
0.29959231
0.29959231
0.29959232
0.29959376
0.299681
0.29959231
0.29959231
0.29959231
0.29959231
0.29959231
0.29959231
0.29959231
0.29959231
0.29959231
0.29959231
0.29959231
0.29959231
0.29959231
0.29959231
0.29959231
0.29959231
0.29959231
0.29959231
0.29959231
0.29959231
0.29959231
0.29959231
0.29959231
0.29959231
0.29959231
0.29959231
0.29959231
0.29959231
0.29959231
0.29959231
0.29959231
0.29959231
0.29959231
0.29959231
0.29959231
0.29959231
0.29959231
0.29959231
0.29959231
0.29959231
0.29959231
0.29959231
0.29959231
0.29959231
0.29959231
0.29959231
0.29959231
0.29959231
0.29959231
0.29959231
0.29959231
0.29959231
0.29959231
0.29959231
0.29959231
0.29959231
0.29959231
0.29959231
0.29959231
0.29959231
0.29959231
0.29959231
0.29959231
0.29959231
0.29959231
0.29959231
0.29959231
0.29959231
0.29959231
0.29959231
0.29959231
0.29959231
0.29959231
0.29959231
0.29959231
0.29959231
0.29959231
0.29959233
0.29959399
0.29968807
0.29959231
0.29959231
0.29959231
0.29959231
0.29959231
0.29959231
0.29959231
0.29959231
0.29959231
0.29959231
0.29959231
0.29959231
0.29959231
0.29959231
0.29959231
0.29959231
0.29959231
0.29959231
0.29959231
0.29959231
0.29959231
0.29959231
0.29959231
0.29959231
0.29959231
0.29959231
0.29959231
0.29959231
0.29959231
0.29959231
0.29959231
0.29959231
0.29959231
0.29959231
0.29959231
0.29959231
0.29959231
0.29959231
0.29959231
0.29959231
0.29959231
0.29959231
0.29959231
0.29959231
0.29959231
0.29959231
0.29959231
0.29959231
0.29959231
0.29959231
0.29959231
0.29959231
0.29959231
0.29959231
0.29959231
0.29959231
0.29959231
0.29959231
0.29959231
0.29959231
0.29959231
0.29959231
0.29959231
0.29959231
0.29959231
0.29959231
0.29959231
0.29959231
0.29959231
0.29959231
0.29959231
0.29959231
0.29959231
0.29959231
0.29959231
0.29959231
0.29959231
0.29959233
0.29959432
0.29969736
0.29959231
0.29959231
0.29959231
0.29959231
0.29959231
0.29959231
0.29959231
0.29959231
0.29959231
0.29959231
0.29959231
0.29959231
0.29959231
0.29959231
0.29959231
0.29959231
0.29959231
0.29959231
0.29959231
0.29959231
0.29959231
0.29959231
0.29959231
0.29959231
0.29959231
0.29959231
0.29959231
0.29959231
0.29959231
0.29959231
0.29959231
0.29959231
0.29959231
0.29959231
0.29959231
0.29959231
0.29959231
0.29959231
0.29959231
0.29959231
0.29959231
0.29959231
0.29959231
0.29959231
0.29959231
0.29959231
0.29959231
0.29959231
0.29959231
0.29959231
0.29959231
0.29959231
0.29959231
0.29959231
0.29959231
0.29959231
0.29959231
0.29959231
0.29959231
0.29959231
0.29959231
0.29959231
0.29959231
0.29959231
0.29959231
0.29959231
0.29959231
0.29959231
0.29959231
0.29959231
0.29959231
0.29959231
0.29959231
0.29959231
0.29959231
0.29959231
0.29959231
0.29959233
0.29959484
0.29971035
0.29959231
0.29959231
0.29959231
0.29959231
0.29959231
0.29959231
0.29959231
0.29959231
0.29959231
0.29959231
0.29959231
0.29959231
0.29959231
0.29959231
0.29959231
0.29959231
0.29959231
0.29959231
0.29959231
0.29959231
0.29959231
0.29959231
0.29959231
0.29959231
0.29959231
0.29959231
0.29959231
0.29959231
0.29959231
0.29959231
0.29959231
0.29959231
0.29959231
0.29959231
0.29959231
0.29959231
0.29959231
0.29959231
0.29959231
0.29959231
0.29959231
0.29959231
0.29959231
0.29959231
0.29959231
0.29959231
0.29959231
0.29959231
0.29959231
0.29959231
0.29959231
0.29959231
0.29959231
0.29959231
0.29959231
0.29959231
0.29959231
0.29959231
0.29959231
0.29959231
0.29959231
0.29959231
0.29959231
0.29959231
0.29959231
0.29959231
0.29959231
0.29959231
0.29959231
0.29959231
0.29959231
0.29959231
0.29959231
0.29959231
0.29959231
0.29959231
0.29959231
0.29959231
0.29959231
0.29959231
0.29959231
0.29959231
0.29959231
0.29959231
0.29959231
0.29959231
0.29959231
0.29959231
0.29959231
0.29959231
0.29959231
0.29959231
0.29959231
0.29959231
0.29959231
0.29959231
0.29959231
0.29959231
0.29959231
0.29959231
0.29959231
0.29959231
0.29959231
0.29959231
0.29959231
0.29959231
0.29959231
0.29959231
0.29959231
0.29959231
0.29959231
0.29959231
0.29959231
0.29959231
0.29959231
0.29959231
0.29959231
0.29959231
0.29959231
0.29959231
0.29959231
0.29959231
0.29959231
0.29959231
0.29959231
0.29959231
0.29959231
0.29959231
0.29959231
0.29959231
0.29959231
0.29959231
0.29959231
0.29959231
0.29959231
0.29959231
0.29959231
0.29959231
0.29959231
0.29959231
0.29959231
0.29959231
0.29959231
0.29959231
0.29959231
0.29959231
0.29959231
0.29959231
0.29959231
0.29959231
0.29959231
0.29959231
0.29959231
0.29959231
0.29959231
0.29959231
0.29959231
0.29959231
0.29959231
0.29959231
0.29959231
0.29959231
0.29959231
0.29959231
0.29959231
0.29959231
0.29959231
0.29959231
0.29959231
0.29959231
0.29959231
0.29959231
0.29959231
0.29959231
0.29959231
0.29959231
0.29959231
0.29959231
0.29959231
0.29959231
0.29959231
0.29959231
0.29959231
0.29959231
0.29959231
0.29959231
0.29959231
0.29959231
0.29959231
0.29959231
0.29959231
0.29959231
0.29959231
0.29959231
0.29959231
0.29959231
0.29959231
0.29959231
0.29959231
0.29959231
0.29959231
0.29959231
0.29959231
0.29959231
0.29959231
0.29959231
0.29959231
0.29959231
0.29959231
0.29959231
0.29959231
0.29959231
0.29959231
0.29959231
0.29959231
0.29959231
0.29959231
0.29959231
0.29959231
0.29959231
0.29959231
0.29959231
0.29959231
0.29959231
0.29959231
0.29959231
0.29959231
0.29959231
0.29959231
0.29959231
0.29959231
0.29959231
0.29959231
0.29959231
0.29959231
0.29959231
0.29959231
0.29959231
0.29959231
0.29959231
0.29959231
0.29959231
0.29959231
0.29959231
0.29959231
0.29959231
0.29959231
0.29959231
0.29959231
0.29959231
0.29959231
0.29959231
0.29959231
0.29959231
0.29959231
0.29959231
0.29959231
0.29959231
0.29959231
0.29959231
0.29959231
0.29959231
0.29959231
0.29959231
0.29959231
0.29959231
0.29959231
0.29959231
0.29959231
0.29959231
0.29959231
0.29959231
0.29959231
0.29959231
0.29959231
0.29959231
0.29959231
0.29959231
0.29959231
0.29959231
0.29959231
0.29959231
0.29959231
0.29959231
0.29959231
0.29959231
0.29959231
0.29959231
0.29959231
0.29959231
0.29959231
0.29959231
0.29959231
0.29959231
0.29959231
0.29959231
0.29959231
0.29959231
0.29959231
0.29959231
0.29959231
0.29959231
0.29959231
0.29959231
0.29959231
0.29959231
0.29959231
0.29959231
0.29959231
0.29959231
0.29959231
0.29959231
0.29959231
0.29959231
0.29959231
0.29959231
0.29959231
0.29959231
0.29959231
0.29959231
0.29959231
0.29959231
0.29959231
0.29959231
0.29959231
0.29959231
0.29959231
0.29959231
0.29959231
0.29959231
0.29959231
0.29959231
0.29959231
0.29959231
0.29959231
0.29959231
0.29959231
0.29959231
0.29959231
0.29959231
0.29959231
0.29959231
0.29959231
0.29959231
0.29959231
0.29959231
0.29959231
0.29959231
0.29959231
0.29959231
0.29959231
0.29959231
0.29959231
0.29959231
0.29959231
0.29959231
0.29959231
0.29959231
0.29959231
0.29959231
0.29959231
0.29959231
0.29959231
0.29959231
0.29959231
0.29959231
0.29959231
0.29959231
0.29959231
0.29959231
0.29959231
0.29959231
0.29959231
0.29959231
0.29959231
0.29959231
0.29959231
0.29959231
0.29959231
0.29959231
0.29959231
0.29959231
0.29959231
0.29959231
0.29959231
0.29959231
0.29959231
0.29959231
0.29959231
0.29959231
0.29959231
0.29959231
0.29959231
0.29959231
0.29959231
0.29959231
0.29959231
0.29959231
0.29959231
0.29959231
0.29959231
0.29959231
0.29959231
0.29959231
0.29959231
0.29959231
0.29959231
0.29959231
0.29959231
0.29959231
0.29959231
0.29959231
0.29959231
0.29959231
0.29959231
0.29959231
0.29959231
0.29959231
0.29959231
0.29959231
0.29959231
0.29959231
0.29959231
0.29959231
0.29959231
0.29959231
0.29959231
0.29959231
0.29959231
0.29959231
0.29959231
0.29959231
0.29959231
0.29959231
0.29959231
0.29959231
0.29959231
0.29959231
0.29959231
0.29959231
0.29959231
0.29959231
0.29959231
0.29959231
0.29959231
0.29959231
0.29959231
0.29959231
0.29959231
0.29959231
0.29959231
0.29959231
0.29959231
0.29959231
0.29959231
0.29959231
0.29959231
0.29959231
0.29959231
0.29959231
0.29959231
0.29959231
0.29959231
0.29959231
0.29959231
0.29959231
0.29959231
0.29959231
0.29959231
0.29959231
0.29959231
0.29959231
0.29959231
0.29959231
0.29959231
0.29959231
0.29959231
0.29959231
0.29959231
0.29959231
0.29959231
0.29959231
0.29959231
0.29959231
0.29959231
0.29959231
0.29959231
0.29959231
0.29959231
0.29959231
0.29959231
0.29959231
0.29959231
0.29959231
0.29959231
0.29959231
0.29959231
0.29959231
0.29959231
0.29959231
0.29959231
0.29959231
0.29959231
0.29959231
0.29959231
0.29959231
0.29959231
0.29959231
0.29959231
0.29959231
0.29959231
0.29959231
0.29959231
0.29959231
0.29959231
0.29959231
0.29959231
0.29959231
0.29959231
0.29959231
0.29959231
0.29959231
0.29959231
0.29959231
0.29959231
0.29959231
0.29959231
0.29959231
0.29959231
0.29959231
0.29959231
0.29959231
0.29959231
0.29959231
0.29959231
0.29959231
0.29959231
0.29959231
0.29959231
0.29959231
0.29959231
0.29959231
0.29959231
0.29959231
0.29959231
0.29959231
0.29959231
0.29959231
0.29959231
0.29959231
0.29959231
0.29959231
0.29959231
0.29959231
0.29959231
0.29959231
0.29959231
0.29959231
0.29959231
0.29959231
0.29959231
0.29959231
0.29959231
0.29959231
0.29959231
0.29959231
0.29959231
0.29959231
0.29959231
0.29959231
0.29959231
0.29959231
0.29959231
0.29959231
0.29959231
0.29959231
0.29959231
0.29959231
0.29959231
0.29959231
0.29959231
0.29959231
0.29959231
0.29959231
0.29959231
0.29959231
0.29959231
0.29959231
0.29959231
0.29959231
0.29959231
0.29959231
0.29959231
0.29959231
0.29959231
0.29959231
0.29959231
0.29959231
0.29959231
0.29959231
0.29959231
0.29959231
0.29959231
0.29959231
0.29959231
0.29959231
0.29959231
0.29959231
0.29959231
0.29959231
0.29959231
0.29959231
0.29959231
0.29959231
0.29959231
0.29959231
0.29959231
0.29959231
0.29959231
0.29959231
0.29959231
0.29959231
0.29959231
0.29959231
0.29959231
0.29959231
0.29959231
0.29959231
0.29959231
0.29959231
0.29959231
0.29959231
0.29959231
0.29959231
0.29959231
0.29959231
0.29959231
0.29959231
0.29959231
0.29959231
0.29959231
0.29959231
0.29959231
0.29959231
0.29959231
0.29959231
0.29959231
0.29959231
0.29959231
0.29959231
0.29959231
0.29959231
0.29959231
0.29959231
0.29959231
0.29959231
0.29959231
0.29959231
0.29959231
0.29959231
0.29959231
0.29959231
0.29959231
0.29959231
0.29959231
0.29959231
0.29959231
0.29959231
0.29959231
0.29959231
0.29959231
0.29959231
0.29959231
0.29959231
0.29959231
0.29959231
0.29959231
0.29959231
0.29959231
0.29959231
0.29959231
0.29959231
0.29959231
0.29959231
0.29959231
0.29959231
0.29959231
0.29959231
0.29959231
0.29959231
0.29959231
0.29959231
0.29959231
0.29959231
0.29959231
0.29959231
0.29959231
0.29959231
0.29959231
0.29959231
0.29959231
0.29959231
0.29959231
0.29959231
0.29959231
0.29959231
0.29959231
0.29959231
0.29959231
0.29959231
0.29959231
0.29959231
0.29959231
0.29959231
0.29959231
0.29959231
0.29959231
0.29959231
0.29959231
0.29959231
0.29959231
0.29959231
0.29959231
0.29959231
0.29959231
0.29959231
0.29959231
0.29959231
0.29959231
0.29959231
0.29959231
0.29959231
0.29959231
0.29959231
0.29959231
0.29959231
0.29959231
0.29959231
0.29959231
0.29959231
0.29959231
0.29959231
0.29959231
0.29959231
0.29959231
0.29959231
0.29959231
0.29959231
0.29959231
0.29959231
0.29959231
0.29959231
0.29959231
0.29959231
0.29959231
0.29959231
0.29959231
0.29959231
0.29959231
0.29959231
0.29959231
0.29959231
0.29959231
0.29959231
0.29959231
0.29959231
0.29959231
0.29959231
0.29959231
0.29959231
0.29959231
0.29959231
0.29959231
0.29959231
0.29959231
0.29959231
0.29959231
0.29959231
0.29959231
0.29959231
0.29959231
0.29959231
0.29959231
0.29959231
0.29959231
0.29959231
0.29959231
0.29959231
0.29959231
0.29959231
0.29959231
0.29959231
0.29959231
0.29959231
0.29959231
0.29959231
0.29959231
0.29959231
0.29959231
0.29959231
0.29959231
0.29959231
0.29959231
0.29959231
0.29959231
0.29959231
0.29959231
0.29959231
0.29959231
0.29959231
0.29959231
0.29959231
0.29959231
0.29959231
0.29959231
0.29959231
0.29959231
0.29959231
0.29959231
0.29959231
0.29959231
0.29959231
0.29959231
0.29959231
0.29959231
0.29959231
0.29959231
0.29959231
0.29959231
0.29959231
0.29959231
0.29959231
0.29959231
0.29959231
0.29959231
0.29959231
0.29959231
0.29959231
0.29959231
0.29959231
0.29959231
0.29959231
0.29959231
0.29959231
0.29959231
0.29959231
0.29959231
0.29959231
0.29959231
0.29959231
0.29959231
0.29959231
0.29959231
0.29959231
0.29959231
0.29959231
0.29959231
0.29959231
0.29959231
0.29959231
0.29959231
0.29959231
0.29959231
0.29959231
0.29959231
0.29959231
0.29959231
0.29959231
0.29959231
0.29959231
0.29959231
0.29959231
0.29959231
0.29959231
0.29959231
0.29959231
0.29959231
0.29959231
0.29959231
0.29959231
0.29959231
0.29959231
0.29959231
0.29959231
0.29959231
0.29959231
0.29959231
0.29959231
0.29959231
0.29959231
0.29959231
0.29959231
0.29959231
0.29959231
0.29959231
0.29959231
0.29959231
0.29959231
0.29959231
0.29959231
0.29959231
0.29959231
0.29959231
0.29959231
0.29959231
0.29959231
0.29959231
0.29959231
0.29959231
0.29959231
0.29959231
0.29959231
0.29959231
0.29959231
0.29959231
0.29959231
0.29959231
0.29959231
0.29959231
0.29959231
0.29959231
0.29959231
0.29959231
0.29959231
0.29959231
0.29959231
0.29959231
0.29959231
0.29959231
0.29959231
0.29959231
0.29959231
0.29959231
0.29959231
0.29959231
0.29959231
0.29959231
0.29959231
0.29959231
0.29959231
0.29959231
0.29959231
0.29959231
0.29959231
0.29959231
0.29959231
0.29959231
0.29959231
0.29959231
0.29959231
0.29959231
0.29959231
0.29959231
0.29959231
0.29959231
0.29959231
0.29959231
0.29959231
0.29959231
0.29959231
0.29959231
0.29959231
0.29959231
0.29959231
0.29959231
0.29959231
0.29959231
0.29959231
0.29959231
0.29959231
0.29959231
0.29959231
0.29959231
0.29959231
0.29959231
0.29959231
0.29959231
0.29959231
0.29959231
0.29959231
0.29959231
0.29959231
0.29959231
0.29959231
0.29959231
0.29959231
0.29959231
0.29959231
0.29959231
0.29959231
0.29959231
0.29959231
0.29959231
0.29959231
0.29959231
0.29959231
0.29959231
0.29959231
0.29959231
0.29959231
0.29959231
0.29959231
0.29959231
0.29959231
0.29959231
0.29959231
0.29959231
0.29959231
0.29959231
0.29959231
0.29959231
0.29959231
0.29959231
0.29959231
0.29959231
0.29959231
0.29959231
0.29959231
0.29959231
0.29959231
0.29959231
0.29959231
0.29959231
0.29959231
0.29959231
0.29959231
0.29959231
0.29959231
0.29959231
0.29959231
0.29959231
0.29959231
0.29959231
0.29959231
0.29959231
0.29959231
0.29959231
0.29959231
0.29959231
0.29959231
0.29959231
0.29959231
0.29959231
0.29959231
0.29959231
0.29959231
0.29959231
0.29959231
0.29959231
0.29959231
0.29959231
0.29959231
0.29959231
0.29959231
0.29959231
0.29959231
0.29959231
0.29959231
0.29959231
0.29959231
0.29959231
0.29959231
0.29959231
0.29959231
0.29959231
0.29959231
0.29959231
0.29959231
0.29959231
0.29959231
0.29959231
0.29959231
0.29959231
0.29959231
0.29959231
0.29959231
0.29959231
0.29959231
0.29959231
0.29959231
0.29959231
0.29959231
0.29959231
0.29959231
0.29959231
0.29959231
0.29959231
0.29959231
0.29959231
0.29959231
0.29959231
0.29959231
0.29959231
0.29959231
0.29959231
0.29959231
0.29959231
0.29959231
0.29959231
0.29959231
0.29959231
0.29959231
0.29959231
0.29959231
0.29959231
0.29959231
0.29959231
0.29959231
0.29959231
0.29959231
0.29959231
0.29959231
0.29959231
0.29959231
0.29959231
0.29959231
0.29959231
0.29959231
0.29959231
0.29959231
0.29959231
0.29959231
0.29959231
0.29959231
0.29959231
0.29959231
0.29959231
0.29959231
0.29959231
0.29959231
0.29959231
0.29959231
0.29959231
0.29959231
0.29959231
0.29959231
0.29959231
0.29959231
0.29959231
0.29959231
0.29959231
0.29959231
0.29959231
0.29959231
0.29959231
0.29959231
0.29959231
0.29959231
0.29959231
0.29959231
0.29959231
0.29959231
0.29959231
0.29959231
0.29959231
0.29959231
0.29959231
0.29959231
0.29959231
0.29959231
0.29959231
0.29959231
0.29959231
0.29959231
0.29959231
0.29959231
0.29959231
0.29959231
0.29959231
0.29959231
0.29959231
0.29959231
0.29959231
0.29959231
0.29959231
0.29959231
0.29959231
0.29959231
0.29959231
0.29959231
0.29959231
0.29959231
0.29959231
0.29959231
0.29959231
0.29959231
0.29959231
0.29959231
0.29959231
0.29959231
0.29959231
0.29959231
0.29959231
0.29959231
0.29959231
0.29959231
0.29959231
0.29959231
0.29959231
0.29959231
0.29959231
0.29959231
0.29959231
0.29959231
0.29959231
0.29959231
0.29959231
0.29959231
0.29959231
0.29959231
0.29959231
0.29959231
0.29959231
0.29959231
0.29959231
0.29959231
0.29959231
0.29959231
0.29959231
0.29959231
0.29959231
0.29959231
0.29959231
0.29959231
0.29959231
0.29959231
0.29959231
0.29959231
0.29959231
0.29959231
0.29959231
0.29959231
0.29959231
0.29959231
0.29959231
0.29959231
0.29959231
0.29959231
0.29959231
0.29959231
0.29959231
0.29959231
0.29959231
0.29959231
0.29959231
0.29959231
0.29959231
0.29959231
0.29959231
0.29959231
0.29959231
0.29959231
0.29959231
0.29959231
0.29959231
0.29959231
0.29959231
0.29959231
0.29959231
0.29959231
0.29959231
0.29959231
0.29959231
0.29959231
0.29959231
0.29959231
0.29959231
0.29959231
0.29959231
0.29959231
0.29959231
0.29959231
0.29959231
0.29959231
0.29959231
0.29959231
0.29959231
0.29959231
0.29959231
0.29959231
0.29959231
0.29959231
0.29959231
0.29959231
0.29959231
0.29959231
0.29959231
0.29959231
0.29959231
0.29959231
0.29959231
0.29959231
0.29959231
0.29959231
0.29959231
0.29959231
0.29959231
0.29959231
0.29959231
0.29959231
0.29959231
0.29959231
0.29959231
0.29959231
0.29959231
0.29959231
0.29959231
0.29959231
0.29959231
0.29959231
0.29959231
0.29959231
0.29959231
0.29959231
0.29959231
0.29959231
0.29959231
0.29959231
0.29959231
0.29959231
0.29959231
0.29959231
0.29959231
0.29959231
0.29959231
0.29959231
0.29959231
0.29959231
0.29959231
0.29959231
0.29959231
0.29959231
0.29959231
0.29959231
0.29959231
0.29959231
0.29959231
0.29959231
0.29959231
0.29959231
0.29959231
0.29959231
0.29959231
0.29959231
0.29959231
0.29959231
0.29959231
0.29959231
0.29959231
0.29959231
0.29959231
0.29959231
0.29959231
0.29959231
0.29959231
0.29959231
0.29959231
0.29959231
0.29959231
0.29959231
0.29959231
0.29959231
0.29959231
0.29959231
0.29959231
0.29959231
0.29959231
0.29959231
0.29959231
0.29959231
0.29959231
0.29959231
0.29959231
0.29959231
0.29959231
0.29959231
0.29959231
0.29959231
0.29959231
0.29959231
0.29959231
0.29959231
0.29959231
0.29959231
0.29959231
0.29959231
0.29959231
0.29959231
0.29959231
0.29959231
0.29959231
0.29959231
0.29959231
0.29959231
0.29959231
0.29959231
0.29959231
0.29959231
0.29959231
0.29959231
0.29959231
0.29959231
0.29959231
0.29959231
0.29959231
0.29959231
0.29959231
0.29959231
0.29959231
0.29959231
0.29959231
0.29959231
0.29959231
0.29959231
0.29959231
0.29959231
0.29959231
0.29959231
0.29959231
0.29959231
0.29959231
0.29959231
0.29959231
0.29959231
0.29959231
0.29959231
0.29959231
0.29959231
0.29959231
0.29959231
0.29959231
0.29959231
0.29959231
0.29959231
0.29959231
0.29959231
0.29959231
0.29959231
0.29959231
0.29959231
0.29959231
0.29959231
0.29959231
0.29959231
0.29959231
0.29959231
0.29959231
0.29959231
0.29959231
0.29959231
0.29959231
0.29959231
0.29959231
0.29959231
0.29959231
0.29959231
0.29959231
0.29959231
0.29959231
0.29959231
0.29959231
0.29959231
0.29959231
0.29959231
0.29959231
0.29959231
0.29959231
0.29959231
0.29959231
0.29959231
0.29959231
0.29959231
0.29959231
0.29959231
0.29959231
0.29959231
0.29959231
0.29959231
0.29959231
0.29959231
0.29959231
0.29959231
0.29959231
0.29959231
0.29959231
0.29959231
0.29959231
0.29959231
0.29959231
0.29959231
0.29959231
0.29959231
0.29959231
0.29959231
0.29959231
0.29959231
0.29959231
0.29959231
0.29959231
0.29959231
0.29959231
0.29959231
0.29959231
0.29959231
0.29959231
0.29959231
0.29959231
0.29959231
0.29959231
0.29959231
0.29959231
0.29959231
0.29959231
0.29959231
0.29959231
0.29959231
0.29959231
0.29959231
0.29959231
0.29959231
0.29959231
0.29959231
0.29959231
0.29959231
0.29959231
0.29959231
0.29959231
0.29959231
0.29959231
0.29959231
0.29959231
0.29959231
0.29959231
0.29959231
0.29959232
0.29959232
0.29959232
0.29959232
0.29959232
0.29959231
0.29959231
0.29959231
0.29959231
0.29959231
0.29959231
0.29959231
0.29959231
0.29959231
0.29959231
0.29959231
0.29959231
0.29959231
0.29959231
0.29959231
0.29959231
0.29959231
0.29959231
0.29959231
0.29959231
0.29959231
0.29959231
0.29959285
0.29959282
0.2995928
0.29959277
0.29959275
0.29959274
0.29959272
0.29959271
0.29959269
0.29959268
0.29959267
0.29959266
0.29959265
0.29959264
0.29959263
0.29959263
0.29959262
0.29959262
0.29959261
0.2995926
0.2995926
0.2995926
0.29959259
0.29959259
0.29959258
0.29959258
0.29959258
0.29964542
0.29964397
0.29964266
0.29964148
0.29964041
0.29963943
0.29963854
0.29963773
0.29963698
0.29963629
0.29963566
0.29963508
0.29963454
0.29963404
0.29963358
0.29963316
0.29963275
0.29963238
0.29963203
0.29963171
0.29963141
0.29963113
0.29963086
0.29963061
0.29963038
0.29963016
0.29962996
)
;

boundaryField
{
    Side
    {
        type            empty;
    }
    Inlet
    {
        type            calculated;
        value           nonuniform List<scalar> 
51
(
0.29954564
0.29954583
0.29954604
0.29954624
0.29954646
0.2995467
0.29954697
0.29954726
0.29954759
0.29954796
0.29954838
0.29954885
0.29954938
0.29955
0.29955071
0.29955153
0.29955251
0.29955366
0.29955505
0.29955674
0.29955885
0.29956153
0.29956504
0.29956995
0.29954538
0.29954483
0.29954433
0.29954389
0.29954348
0.29954311
0.29954277
0.29954247
0.29954218
0.29954192
0.29954168
0.29954146
0.29954126
0.29954107
0.29954089
0.29954073
0.29954058
0.29954044
0.29954031
0.29954018
0.29954007
0.29953996
0.29953986
0.29953977
0.29953968
0.2995396
0.29953952
)
;
    }
    Airfoil
    {
        type            calculated;
        value           nonuniform List<scalar> 0();
    }
    Outlet
    {
        type            calculated;
        value           nonuniform List<scalar> 
80
(
0.29959231
0.29959231
0.29959231
0.29959231
0.29959231
0.29959231
0.29959231
0.29959231
0.29959231
0.29959231
0.29959231
0.29959231
0.29959231
0.29959231
0.29959231
0.29959231
0.29959231
0.29959231
0.29959231
0.29959231
0.29959231
0.29959231
0.29959231
0.29959231
0.29959231
0.29959231
0.29959231
0.29959231
0.29959231
0.29959231
0.29959231
0.29959231
0.29959231
0.29959231
0.29959231
0.29959231
0.29959231
0.29959231
0.29959231
0.29959231
0.29959231
0.29959231
0.29959231
0.29959231
0.29959231
0.29959231
0.29959231
0.29959231
0.29959231
0.29959231
0.29959231
0.29959231
0.29959231
0.29959231
0.29959231
0.29959231
0.29959231
0.29959231
0.29959231
0.29959231
0.29959231
0.29959231
0.29959231
0.29959231
0.29959231
0.29959231
0.29959231
0.29959231
0.29959231
0.29959231
0.29959231
0.29959231
0.29959231
0.29959231
0.29959231
0.29959231
0.29959231
0.29959233
0.29959484
0.29971035
)
;
    }
    procBoundary3to19
    {
        type            processor;
        value           nonuniform List<scalar> 5(0.29959231 0.29959231 0.29959231 0.29959231 0.29959231);
    }
    procBoundary3to35
    {
        type            processor;
        value           nonuniform List<scalar> 
83
(
0.29959231
0.29959231
0.29959231
0.29959231
0.29959231
0.29959231
0.29959231
0.29959231
0.29959231
0.29959231
0.29959231
0.29959231
0.29959231
0.29959231
0.29959231
0.29959231
0.29959231
0.29959231
0.29959231
0.29959231
0.29959231
0.29959231
0.29959231
0.29959231
0.29959231
0.29959231
0.29959231
0.29959231
0.29959231
0.29959231
0.29959231
0.29959231
0.29959231
0.29959231
0.29959231
0.29959231
0.29959231
0.29959231
0.29959231
0.29959231
0.29959231
0.29959231
0.29959231
0.29959231
0.29959231
0.29959231
0.29959231
0.29959231
0.29959231
0.29959231
0.29959231
0.29959231
0.29959231
0.29959231
0.29959231
0.29959231
0.29959231
0.29959231
0.29959231
0.29959231
0.29959231
0.29959231
0.29959231
0.29959231
0.29959231
0.29959231
0.29959231
0.29959231
0.29959231
0.29959231
0.29959231
0.29959231
0.29959231
0.29959231
0.29959231
0.29959231
0.29959231
0.29959231
0.29959231
0.29959231
0.29959231
0.29959258
0.29962977
)
;
    }
    procBoundary3to51
    {
        type            processor;
        value           nonuniform List<scalar> 
59
(
0.29959231
0.29959231
0.29959231
0.29959231
0.29959231
0.29959231
0.29959231
0.29959231
0.29959231
0.29959231
0.29959231
0.29959231
0.29959231
0.29959231
0.29959231
0.29959231
0.29959231
0.29959231
0.29959231
0.29959231
0.29959231
0.29959231
0.29959231
0.29959231
0.29959231
0.29959231
0.29959231
0.29959231
0.29959231
0.29959231
0.29959231
0.29959231
0.29959231
0.29959231
0.29959231
0.29959231
0.29959231
0.29959231
0.29959231
0.29959231
0.29959231
0.29959231
0.29959231
0.29959231
0.29959231
0.29959231
0.29959231
0.29959231
0.29959231
0.29959231
0.29959231
0.29959231
0.29959231
0.29959231
0.29959231
0.29959231
0.29959231
0.29959231
0.29959231
)
;
    }
}


// ************************************************************************* //
