/*--------------------------------*- C++ -*----------------------------------*\
| =========                 |                                                 |
| \\      /  F ield         | OpenFOAM: The Open Source CFD Toolbox           |
|  \\    /   O peration     | Version:  2506                                  |
|   \\  /    A nd           | Website:  www.openfoam.com                      |
|    \\/     M anipulation  |                                                 |
\*---------------------------------------------------------------------------*/
FoamFile
{
    version     2.0;
    format      ascii;
    arch        "LSB;label=32;scalar=64";
    class       volVectorField;
    location    "0.25";
    object      U;
}
// * * * * * * * * * * * * * * * * * * * * * * * * * * * * * * * * * * * * * //

dimensions      [0 1 -1 0 0 0 0];

internalField   nonuniform List<vector> 
1376
(
(94.588509 0.0023970036 -1.8184593e-18)
(94.581229 0.0086490012 1.8017911e-18)
(94.573878 0.012611104 -1.4249832e-17)
(94.566689 0.016523417 2.1144257e-17)
(94.633095 0.018912894 2.8934437e-17)
(94.625239 -0.00091219816 -1.6116341e-17)
(94.618101 0.0063024223 1.5956138e-17)
(94.610439 0.0095181976 1.3829856e-21)
(94.602458 0.013056102 -1.3885833e-17)
(94.59427 0.016599602 0)
(94.585993 0.020172255 1.357314e-17)
(94.577856 0.023207396 1.3410436e-17)
(94.570097 0.025868125 0)
(94.562853 0.027917291 -3.9213715e-17)
(94.556201 0.029268669 1.2894721e-17)
(94.660843 0.018410633 -1.4249598e-17)
(94.654683 -0.0055238278 1.2347441e-17)
(94.64877 0.0017376416 -1.2223773e-17)
(94.641952 0.0033801824 2.7652489e-17)
(94.634321 0.0057779703 6.8393097e-18)
(94.625958 0.0084853756 -6.7635399e-18)
(94.617095 0.011455656 0)
(94.60793 0.01449905 0)
(94.598723 0.017316323 1.3050355e-17)
(94.589681 0.019715805 1.2883872e-17)
(94.580979 0.021370697 -3.5877237e-22)
(94.572781 0.022631451 1.2535074e-17)
(94.56523 0.022578472 0)
(94.5584 0.021688913 -1.2167359e-17)
(94.552335 0.019143687 -2.3951926e-17)
(94.547117 0.014901249 1.1779391e-17)
(94.677998 0.015608538 1.4031618e-17)
(94.673835 -0.0096547255 0)
(94.669526 -0.0035236688 1.3759574e-17)
(94.664264 -0.0042556388 -1.3618907e-17)
(94.658068 -0.0039921437 6.737314e-18)
(94.650898 -0.0030847772 -6.663296e-18)
(94.642792 -0.0015046899 1.3175219e-17)
(94.633856 0.00054413081 1.3019806e-17)
(94.624258 0.0028599851 -3.8581949e-17)
(94.614302 0.0051594431 -1.2697309e-17)
(94.604281 0.0072619363 -4.1218204e-22)
(94.594425 0.008593935 1.2357216e-17)
(94.584946 0.0090546726 0)
(94.575952 0.0086612414 2.3997878e-17)
(94.567529 0.0070079586 0)
(94.559873 0.0040387629 0)
(94.553158 -0.00036463512 -1.1422522e-17)
(94.547449 -0.0068926556 -4.6232203e-22)
(94.542785 -0.015656288 0)
(94.539175 -0.025891803 -1.3659636e-21)
(94.688908 0.012185047 -1.3804658e-17)
(94.686027 -0.012727429 1.709531e-18)
(94.682986 -0.0079544628 -1.6929932e-18)
(94.679152 -0.010796328 3.3520198e-18)
(94.674486 -0.012313713 9.9516273e-18)
(94.668863 -0.013340444 0)
(94.66218 -0.013961715 -1.2978364e-17)
(94.654512 -0.013896924 -2.5654713e-17)
(94.64588 -0.013188911 2.5344417e-17)
(94.636399 -0.011945429 3.2928927e-22)
(94.626257 -0.010355608 1.2349147e-17)
(94.615724 -0.0087329017 -2.4361889e-17)
(94.605093 -0.0076467338 1.2008473e-17)
(94.594594 -0.0077929821 -1.1831445e-17)
(94.584421 -0.0089146412 -1.1649017e-17)
(94.57486 -0.011217738 0)
(94.566104 -0.014868343 1.1268734e-17)
(94.558243 -0.019832485 -1.7529199e-22)
(94.551393 -0.026405535 0)
(94.545704 -0.035151422 4.2624626e-17)
(94.541225 -0.045734732 -2.0883519e-17)
(94.537911 -0.057596881 2.0447643e-17)
(94.535723 -0.071776879 -2.0010682e-17)
(94.534407 -0.086988113 0)
(94.533809 -0.10291243 0)
(94.699516 0.010179741 0)
(94.696846 -0.013628973 -1.345206e-17)
(94.694292 -0.0099006771 3.3310936e-18)
(94.691207 -0.014916295 -3.2984412e-18)
(94.687572 -0.018564926 -1.3059332e-17)
(94.683171 -0.021542915 6.4607499e-18)
(94.677856 -0.023844893 4.5294911e-23)
(94.671659 -0.025600188 -6.3170556e-18)
(94.664508 -0.026666272 -1.2484048e-17)
(94.656402 -0.027187964 0)
(94.647374 -0.027292659 0)
(94.63747 -0.026702595 1.2008087e-17)
(94.626887 -0.026209064 -1.1840677e-17)
(94.615963 -0.025991299 0)
(94.604985 -0.026510431 1.1491467e-17)
(94.594226 -0.027703107 -1.1309387e-17)
(94.584002 -0.030648803 0)
(94.574564 -0.034735213 -2.1861582e-17)
(94.565986 -0.040192948 2.1465631e-17)
(94.558403 -0.047225817 -4.2118839e-17)
(94.551884 -0.055910211 -5.0129509e-22)
(94.546551 -0.066458788 2.0210743e-17)
(94.5425 -0.078239425 3.9542084e-17)
(94.539583 -0.091819316 -1.9322749e-17)
(94.53766 -0.10691185 0)
(94.536726 -0.12204585 1.8434187e-17)
(94.536768 -0.14032039 -5.4008825e-17)
(94.5375 -0.15781634 3.504624e-17)
(94.538625 -0.17510239 -3.4074269e-17)
(94.714349 0.009767299 0)
(94.710994 -0.013802561 1.6546022e-17)
(94.708027 -0.010593117 -3.277865e-18)
(94.704831 -0.016939196 9.7377408e-18)
(94.701497 -0.021692466 3.2133191e-18)
(94.697774 -0.026404251 1.271985e-17)
(94.693425 -0.030339025 -6.2914549e-18)
(94.688354 -0.033940154 6.2209883e-18)
(94.682516 -0.03715982 2.4595278e-17)
(94.675838 -0.039408674 -2.4298141e-17)
(94.668244 -0.040986004 -1.1996401e-17)
(94.659666 -0.041912442 -2.1700165e-22)
(94.650135 -0.042362696 0)
(94.639876 -0.042918564 -1.1509886e-17)
(94.629145 -0.043545465 0)
(94.618095 -0.044440834 1.1162842e-17)
(94.607107 -0.046496868 2.1964078e-17)
(94.596548 -0.049227219 -2.1592596e-17)
(94.586616 -0.053368348 -8.0059149e-22)
(94.577489 -0.058973267 4.1638392e-17)
(94.569337 -0.066261306 2.0416793e-17)
(94.562302 -0.074960251 -6.0344591e-22)
(94.556373 -0.084957903 1.9580433e-17)
(94.551564 -0.09690705 -4.0493095e-22)
(94.547765 -0.11002054 3.7402645e-17)
(94.54504 -0.1241531 0)
(94.543587 -0.13942598 3.5557737e-17)
(94.54321 -0.15557125 -3.4669491e-17)
(94.543693 -0.1744014 1.6889709e-17)
(94.544649 -0.19225797 -1.6409391e-17)
(94.545495 -0.20976021 1.5943144e-17)
(94.545402 -0.22594706 1.5470308e-17)
(94.543611 -0.24038226 -2.9939859e-17)
(94.736076 0.01085328 1.6448052e-18)
(94.731498 -0.013731108 -1.7923673e-17)
(94.727539 -0.010589791 6.4555031e-18)
(94.723596 -0.01752026 -1.5980714e-17)
(94.719767 -0.022632706 -1.2656292e-17)
(94.715861 -0.028219989 -1.2525732e-17)
(94.711676 -0.033426875 -7.0495255e-24)
(94.707061 -0.038306428 6.1277884e-18)
(94.702013 -0.042739986 -6.0577609e-18)
(94.696347 -0.046668607 0)
(94.689891 -0.050015496 2.3647618e-17)
(94.68257 -0.052714913 1.1671786e-17)
(94.674372 -0.055020496 -1.1515039e-17)
(94.665355 -0.056771263 1.1354291e-17)
(94.655609 -0.058375959 0)
(94.645235 -0.060158903 1.1017832e-17)
(94.634404 -0.061557118 2.1686328e-17)
(94.623403 -0.063932351 -2.132623e-17)
(94.612589 -0.067031335 1.0477918e-17)
(94.602222 -0.071117448 -2.0577836e-17)
(94.59266 -0.077076851 -2.0189097e-17)
(94.584082 -0.084009732 -3.9580934e-17)
(94.576529 -0.09266676 1.9381932e-17)
(94.570129 -0.1026351 -3.792553e-17)
(94.564806 -0.11389903 -7.3696471e-22)
(94.560496 -0.12622402 0)
(94.5572 -0.13993392 -1.7646193e-17)
(94.555062 -0.1551958 -1.7184766e-17)
(94.553894 -0.17019863 1.6718315e-17)
(94.55377 -0.1885147 1.6268242e-17)
(94.554396 -0.204436 -3.1626079e-17)
(94.555229 -0.22105915 0)
(94.555814 -0.23669438 1.4863686e-17)
(94.555478 -0.25013188 -1.4393485e-17)
(94.55316 -0.2607699 -2.7804263e-17)
(94.547865 -0.26983506 5.3640241e-17)
(94.766075 0.0131987 1.2962628e-17)
(94.759932 -0.013798564 1.2842159e-17)
(94.754557 -0.010250005 3.1797904e-18)
(94.749278 -0.017525671 -2.2039885e-17)
(94.744211 -0.022736904 1.8701825e-17)
(94.739354 -0.028667301 -1.2338896e-17)
(94.734598 -0.034245995 1.2208195e-17)
(94.729682 -0.039904058 1.2074402e-17)
(94.724591 -0.045069877 -1.1937761e-17)
(94.719198 -0.050195529 -1.1797867e-17)
(94.713388 -0.05484701 -1.1654399e-17)
(94.707003 -0.059097349 1.4032711e-22)
(94.699954 -0.062805512 1.1355344e-17)
(94.692157 -0.06573275 -1.4611564e-22)
(94.683605 -0.068497057 0)
(94.674356 -0.071278504 -1.1816798e-22)
(94.664357 -0.073745796 1.0705603e-17)
(94.653787 -0.076775581 2.2450615e-23)
(94.642982 -0.07949685 -1.0351395e-17)
(94.632146 -0.083242566 -4.0672076e-17)
(94.621565 -0.08760069 3.9918055e-17)
(94.611554 -0.093438533 -1.9572275e-17)
(94.602429 -0.10034618 1.9177433e-17)
(94.594386 -0.10830115 0)
(94.587473 -0.11770074 -1.8358947e-17)
(94.581669 -0.12862764 3.5868153e-17)
(94.576882 -0.14102068 -1.7500141e-17)
(94.57309 -0.15464685 1.7058405e-17)
(94.570432 -0.16893147 0)
(94.568931 -0.18327041 -1.6143254e-17)
(94.568344 -0.19836349 4.1650084e-22)
(94.568674 -0.21424425 1.5240995e-17)
(94.569686 -0.22806991 1.4762932e-17)
(94.570722 -0.24150621 -2.8572319e-17)
(94.570782 -0.25485635 0)
(94.569078 -0.26654728 -2.6713162e-17)
(94.56465 -0.27648819 -3.862609e-17)
(94.556089 -0.28342601 -1.2392241e-17)
(94.542717 -0.28752849 2.382418e-17)
(94.804132 0.016002521 -1.2773284e-17)
(94.796462 -0.015142876 0)
(94.789698 -0.011284896 3.1331134e-18)
(94.782951 -0.018988573 2.171647e-17)
(94.776332 -0.024251586 6.142371e-18)
(94.769984 -0.030231743 6.0793174e-18)
(94.763931 -0.035826774 1.8043482e-17)
(94.757913 -0.041810636 5.9486428e-18)
(94.751993 -0.047722116 -2.3527987e-17)
(94.746118 -0.053384387 1.1627087e-17)
(94.740204 -0.058608883 1.1487682e-17)
(94.734112 -0.06347071 1.1344738e-17)
(94.727677 -0.067742717 2.2395133e-17)
(94.720729 -0.07185354 -2.209369e-17)
(94.713201 -0.075825612 0)
(94.705044 -0.079225587 2.1464443e-17)
(94.696138 -0.082948618 -3.1705106e-17)
(94.686463 -0.085968509 1.0399025e-17)
(94.676268 -0.090199702 -1.0226115e-17)
(94.665707 -0.093789206 0)
(94.654822 -0.098085548 1.9730855e-17)
(94.643977 -0.10316064 1.9355935e-17)
(94.633619 -0.10879153 0)
(94.62403 -0.11538411 0)
(94.615416 -0.12325516 -1.8178706e-17)
(94.607863 -0.13223518 -1.7766445e-17)
(94.601465 -0.14293979 -1.7347033e-17)
(94.59621 -0.1549967 5.349497e-22)
(94.592117 -0.16732248 1.6481986e-17)
(94.589245 -0.18015903 0)
(94.587637 -0.19326522 1.5581083e-17)
(94.586963 -0.20488253 -3.0280809e-17)
(94.586967 -0.2199677 2.938454e-17)
(94.58745 -0.23377691 -1.2027864e-23)
(94.58793 -0.24704375 0)
(94.587733 -0.26089164 -1.3303867e-17)
(94.586145 -0.27278972 -1.2832537e-17)
(94.582078 -0.28326235 2.4724297e-17)
(94.574183 -0.29249879 -2.378393e-17)
(94.561407 -0.29818143 -2.2846129e-17)
(94.54349 -0.30024221 0)
(94.522736 -0.30517001 -2.0990027e-17)
(94.847602 0.01832972 0)
(94.839013 -0.017866875 0)
(94.83144 -0.013343648 3.0876143e-18)
(94.823702 -0.021958885 -2.1402393e-17)
(94.815883 -0.027506803 6.0534522e-18)
(94.808103 -0.033751269 0)
(94.800501 -0.039527868 -1.1856319e-17)
(94.792972 -0.045463631 -1.1727378e-17)
(94.785636 -0.051357478 7.9797169e-22)
(94.778547 -0.05722106 -1.1462194e-17)
(94.771693 -0.062951038 1.132538e-17)
(94.765001 -0.068288511 -1.1185787e-17)
(94.758311 -0.073545659 -1.1043287e-17)
(94.751498 -0.078250777 -1.0896667e-17)
(94.74442 -0.082156349 1.0746333e-17)
(94.736942 -0.086598629 -2.1184156e-17)
(94.728978 -0.090697667 -1.043314e-17)
(94.720314 -0.094740508 0)
(94.710966 -0.098949032 2.0205423e-17)
(94.701038 -0.10353145 -9.9301311e-18)
(94.690507 -0.10805983 -9.7549912e-18)
(94.679572 -0.11307471 -1.9144807e-17)
(94.668601 -0.11823542 -1.8771718e-17)
(94.65796 -0.12366063 1.83898e-17)
(94.647967 -0.12999125 3.599918e-17)
(94.638785 -0.1375013 1.7601092e-17)
(94.630652 -0.14625559 3.4388512e-17)
(94.623811 -0.15664509 -3.3556861e-17)
(94.618183 -0.16723592 6.461467e-22)
(94.613674 -0.17831226 -1.5925443e-17)
(94.610389 -0.19007675 -1.5489344e-17)
(94.608084 -0.20211319 3.0094374e-17)
(94.606425 -0.21454778 -2.919543e-17)
(94.605346 -0.22804491 -2.7729109e-23)
(94.60485 -0.24080722 -1.3698173e-17)
(94.604569 -0.25424868 2.6498202e-17)
(94.603997 -0.26770182 0)
(94.60234 -0.28076007 1.233091e-17)
(94.59866 -0.29276725 -1.1870794e-17)
(94.591831 -0.30193901 2.2821349e-17)
(94.579967 -0.3073212 -1.0952275e-17)
(94.562475 -0.31685235 -1.0499006e-17)
(94.539267 -0.32347583 -2.0094708e-17)
(94.511632 -0.26473926 3.8388045e-17)
(94.502938 -0.4481472 3.6609933e-17)
(94.89195 0.019904322 0)
(94.88337 -0.021255322 0)
(94.875762 -0.015959463 0)
(94.867704 -0.025472196 6.0270891e-18)
(94.859314 -0.031785477 -1.7900152e-17)
(94.850668 -0.038463636 5.9052485e-18)
(94.841903 -0.044573845 5.8436922e-18)
(94.833093 -0.050725663 0)
(94.824362 -0.056949732 1.143284e-17)
(94.815836 -0.063031235 0)
(94.807577 -0.068632431 0)
(94.799598 -0.074359809 -1.1031313e-17)
(94.791852 -0.07947 1.0891854e-17)
(94.784258 -0.084595098 0)
(94.776726 -0.089779038 -3.3165208e-22)
(94.769165 -0.094356306 2.0907832e-17)
(94.761494 -0.099266402 1.0300652e-17)
(94.753499 -0.10401946 2.0285331e-17)
(94.744909 -0.10866243 -2.9941295e-17)
(94.735702 -0.1141709 9.8140972e-18)
(94.725951 -0.11933002 9.6422508e-18)
(94.715655 -0.1247389 -9.4656893e-18)
(94.70491 -0.13000233 -1.8571935e-17)
(94.693983 -0.13496373 0)
(94.683229 -0.14036578 -1.7824957e-17)
(94.672884 -0.14585824 -3.4873893e-17)
(94.663174 -0.1518696 1.7041876e-17)
(94.654481 -0.15951279 9.2943873e-22)
(94.646891 -0.167449 1.6229648e-17)
(94.640204 -0.17708073 0)
(94.634518 -0.18810704 0)
(94.629883 -0.19985356 1.495561e-17)
(94.626115 -0.21304545 1.4519818e-17)
(94.623154 -0.22634778 2.8156855e-17)
(94.620855 -0.23953387 -1.3633743e-17)
(94.619265 -0.25230242 4.8631636e-22)
(94.618079 -0.26577001 3.8229031e-17)
(94.617036 -0.27906772 0)
(94.615842 -0.29160689 1.1849879e-17)
(94.613294 -0.30259616 -3.420313e-17)
(94.607083 -0.31250735 1.1216011e-21)
(94.595904 -0.32560863 0)
(94.579394 -0.3397587 0)
(94.553645 -0.27841537 -5.7720817e-17)
(94.532893 -0.45386641 -3.673762e-17)
(94.527505 -0.14929157 -3.0707244e-17)
(94.495906 -0.62007568 -3.7611721e-17)
(94.932252 0.02016555 0)
(94.924499 -0.024957256 0)
(94.917482 -0.019516057 0)
(94.909762 -0.030475071 0)
(94.901449 -0.037720605 1.1764012e-17)
(94.892662 -0.045614618 -1.1644284e-17)
(94.88347 -0.052264539 -1.1521705e-17)
(94.874066 -0.059065692 0)
(94.864548 -0.064853763 -1.1272207e-17)
(94.854961 -0.070878389 1.114398e-17)
(94.845429 -0.076832513 0)
(94.836055 -0.082469109 1.0880288e-17)
(94.826945 -0.088195207 -1.0744006e-17)
(94.818058 -0.09307398 0)
(94.80939 -0.098385276 -1.0462884e-17)
(94.800993 -0.10359468 0)
(94.792786 -0.10852634 0)
(94.784664 -0.11371798 -1.0015006e-17)
(94.776322 -0.11922508 9.8579932e-18)
(94.767636 -0.12505663 9.6967008e-18)
(94.758725 -0.13077672 -9.5312041e-18)
(94.749452 -0.13654866 9.3619228e-18)
(94.739653 -0.14215162 0)
(94.729325 -0.14704063 -1.8014956e-17)
(94.718678 -0.15210199 0)
(94.707905 -0.15684143 3.4547281e-17)
(94.697122 -0.16174076 0)
(94.686697 -0.1676698 3.2996508e-17)
(94.676942 -0.17473177 -1.6099585e-17)
(94.667922 -0.18292271 3.1386194e-17)
(94.65981 -0.19239797 -1.5279371e-17)
(94.65278 -0.20253025 -1.4860897e-17)
(94.646786 -0.21376768 -2.8871476e-17)
(94.641617 -0.22603384 3.3073351e-22)
(94.637187 -0.23973435 -1.3570268e-17)
(94.63354 -0.25251194 1.3132733e-17)
(94.630831 -0.26586926 -2.5386705e-17)
(94.629111 -0.27826832 0)
(94.628043 -0.29043129 0)
(94.626973 -0.30255296 2.2771963e-17)
(94.624278 -0.31449809 3.2839923e-17)
(94.618563 -0.3277033 2.1018574e-17)
(94.610398 -0.34497982 1.0043892e-22)
(94.595905 -0.29008717 9.6458054e-18)
(94.57864 -0.45827656 3.6870008e-17)
(94.561941 -0.16043507 3.5211981e-17)
(94.520107 -0.61576661 4.1929067e-18)
(94.534619 0.0054675931 -3.9971464e-18)
(94.411868 -0.80548024 0)
(94.966451 0.018991315 0)
(94.959877 -0.028995849 0)
(94.953722 -0.024088747 -2.9561259e-18)
(94.946763 -0.037320731 8.7826472e-18)
(94.939013 -0.046062959 5.7970219e-18)
(94.930623 -0.055232171 -5.7386314e-18)
(94.92164 -0.06325424 2.2716116e-17)
(94.912223 -0.070799595 5.6185077e-18)
(94.902491 -0.077830233 1.1114573e-17)
(94.892463 -0.083899359 -1.0989327e-17)
(94.882239 -0.089429742 -1.0861427e-17)
(94.871966 -0.09465943 2.1461755e-17)
(94.861776 -0.09954096 0)
(94.851778 -0.1050071 0)
(94.842042 -0.1098026 0)
(94.832623 -0.11447693 -2.0363195e-17)
(94.823509 -0.11915785 2.0072641e-17)
(94.814685 -0.12430594 9.8880255e-18)
(94.806007 -0.12917131 -2.920689e-17)
(94.797411 -0.13550586 -9.5797562e-18)
(94.788956 -0.14127503 2.8258366e-17)
(94.780483 -0.14773086 0)
(94.77178 -0.1543542 0)
(94.762651 -0.15989861 6.1398019e-22)
(94.752996 -0.16501172 3.4946459e-17)
(94.742806 -0.17000032 -1.7111429e-17)
(94.732038 -0.17435692 -1.6736986e-17)
(94.720848 -0.17965156 -1.6358505e-17)
(94.709632 -0.18532954 0)
(94.698777 -0.19280554 -4.6724125e-17)
(94.688611 -0.20064798 3.0346096e-17)
(94.679367 -0.21015828 -1.4764154e-17)
(94.671122 -0.22019341 -8.8558851e-22)
(94.663793 -0.23140047 1.3932421e-17)
(94.657272 -0.24381854 0)
(94.651431 -0.25498559 -1.3079726e-17)
(94.646652 -0.26661349 1.2650399e-17)
(94.643185 -0.27867949 -1.2219841e-17)
(94.640543 -0.28963839 1.1790421e-17)
(94.63858 -0.30093678 -1.1364681e-17)
(94.637063 -0.31350818 -1.0939224e-17)
(94.633919 -0.3264706 -2.1023054e-17)
(94.629064 -0.34216969 0)
(94.624597 -0.29415773 0)
(94.619684 -0.4656453 1.849841e-17)
(94.596995 -0.16519216 0)
(94.560979 -0.62468114 0)
(94.568605 0.016893952 -2.0094124e-18)
(94.422778 -0.80510707 -2.8630296e-17)
(94.995721 0.0172922 -1.18731e-17)
(94.990256 -0.032264039 2.9408195e-18)
(94.984974 -0.028114214 2.3116577e-23)
(94.978941 -0.043555932 -8.6551287e-18)
(94.972055 -0.053838347 -1.7139871e-17)
(94.964386 -0.064538809 -5.6557724e-18)
(94.956056 -0.073889179 -5.5977137e-18)
(94.947093 -0.082132729 0)
(94.937575 -0.089928377 3.2147719e-22)
(94.927587 -0.096889744 -1.0833845e-17)
(94.917238 -0.10350177 0)
(94.90673 -0.10899683 -1.0582715e-17)
(94.896134 -0.11402511 0)
(94.885615 -0.11855938 0)
(94.875312 -0.12282281 0)
(94.865248 -0.12677834 -1.0047796e-17)
(94.855483 -0.13134268 1.981235e-17)
(94.845991 -0.13466858 0)
(94.836836 -0.13961758 0)
(94.828114 -0.14490758 0)
(94.819737 -0.15014546 2.7921579e-17)
(94.81162 -0.15622181 3.0332148e-23)
(94.80359 -0.16190589 -8.9861773e-18)
(94.795427 -0.16809721 0)
(94.786905 -0.17347869 1.7295381e-17)
(94.777877 -0.17924185 -7.1128672e-22)
(94.768159 -0.18458946 -1.6585506e-17)
(94.757568 -0.18984257 -4.118701e-22)
(94.746307 -0.19578688 3.1684889e-17)
(94.734802 -0.2027349 1.0854516e-21)
(94.723373 -0.20941894 0)
(94.712312 -0.21731696 2.9346026e-17)
(94.701854 -0.22641839 -2.8540833e-17)
(94.692254 -0.23669059 0)
(94.683598 -0.24811676 1.3450636e-17)
(94.675581 -0.25871921 -1.3034087e-17)
(94.668214 -0.2685348 1.2613984e-17)
(94.661989 -0.28027754 -2.4385834e-17)
(94.65661 -0.29093937 -3.5309996e-17)
(94.652045 -0.30024744 1.1349423e-17)
(94.648968 -0.31257971 -1.0933108e-17)
(94.64586 -0.3292714 1.0515834e-17)
(94.64037 -0.34295089 -1.0097135e-17)
(94.637345 -0.29686317 2.9078612e-17)
(94.643159 -0.47032623 4.6430118e-18)
(94.628214 -0.16421728 -4.4347338e-18)
(94.607031 -0.66656703 -3.3897599e-17)
(94.599752 0.013816835 0)
(94.461791 -0.804199 3.0728092e-17)
(95.022011 0.015590063 1.1699808e-17)
(95.017455 -0.034743462 0)
(95.01302 -0.031449918 2.8706374e-18)
(95.007999 -0.049039128 -1.4215335e-17)
(95.002284 -0.061437061 1.6891414e-17)
(94.995745 -0.07391633 5.5738941e-18)
(94.988484 -0.085645174 1.1033529e-17)
(94.980477 -0.096276105 -2.183544e-17)
(94.971687 -0.10540067 2.16002e-17)
(94.962274 -0.11302554 1.0680325e-17)
(94.952354 -0.11927521 0)
(94.942135 -0.1249924 -1.043505e-17)
(94.931744 -0.12952412 0)
(94.92131 -0.13349531 0)
(94.910942 -0.13646895 2.0098962e-17)
(94.900727 -0.13988497 -2.9746184e-17)
(94.89072 -0.14261365 -9.7779023e-18)
(94.880921 -0.14539095 -2.8913264e-17)
(94.87158 -0.14864451 1.8988714e-17)
(94.862804 -0.15299854 1.8695215e-17)
(94.854442 -0.15735164 -2.7592371e-17)
(94.846433 -0.16252204 -1.8087144e-17)
(94.838679 -0.16828787 1.7771703e-17)
(94.830938 -0.17396141 0)
(94.822995 -0.18003807 -1.7120395e-17)
(94.81475 -0.18623742 9.8139435e-22)
(94.806049 -0.19293721 -3.2870309e-17)
(94.796593 -0.19973924 1.6079036e-17)
(94.786334 -0.20695924 -3.8006303e-22)
(94.775393 -0.21362938 1.5346789e-17)
(94.763759 -0.21988427 -1.3156187e-21)
(94.751743 -0.22757275 8.3881147e-22)
(94.739697 -0.23507441 0)
(94.727895 -0.24355506 0)
(94.716691 -0.25384816 1.339699e-17)
(94.705936 -0.26380818 -7.1280245e-23)
(94.695415 -0.27322775 -5.0331241e-17)
(94.685573 -0.28452225 3.6515336e-17)
(94.676549 -0.29602828 9.7148464e-22)
(94.668 -0.30417027 0)
(94.660896 -0.31543249 1.0933002e-17)
(94.655577 -0.33582936 -1.0524951e-17)
(94.648244 -0.3500636 0)
(94.640556 -0.30054886 4.7043678e-22)
(94.644927 -0.48137559 2.6871996e-22)
(94.643061 -0.16047506 0)
(94.619961 -0.62784545 6.9330531e-22)
(94.635161 0.0079487852 3.2386977e-17)
(94.519944 -0.72897649 0)
(95.047285 0.014385687 -1.4411271e-18)
(95.043346 -0.036201817 4.2834592e-18)
(95.039635 -0.033758089 1.1832265e-23)
(95.03556 -0.052750328 2.8018862e-18)
(95.031106 -0.066700007 -5.5490314e-18)
(95.025994 -0.080568922 -5.4939119e-18)
(95.020188 -0.092972001 -1.6313911e-17)
(95.013673 -0.10444609 1.0762661e-17)
(95.006285 -0.11485915 -1.0647469e-17)
(94.998154 -0.12465868 -2.8643655e-22)
(94.989369 -0.1323822 0)
(94.980031 -0.13837993 1.0291386e-17)
(94.970357 -0.14332546 0)
(94.960514 -0.14685482 0)
(94.95059 -0.14948945 0)
(94.940689 -0.15137568 0)
(94.930844 -0.15277626 9.6530889e-18)
(94.921195 -0.15421684 1.9033405e-17)
(94.912018 -0.15598152 0)
(94.903352 -0.15878034 0)
(94.895073 -0.1618263 -9.0898834e-18)
(94.887077 -0.16580663 0)
(94.879288 -0.17063312 -8.7896722e-18)
(94.871532 -0.175766 8.6327556e-18)
(94.863628 -0.18193698 -1.6947004e-17)
(94.85547 -0.18864723 3.3241109e-17)
(94.846994 -0.19656974 0)
(94.838064 -0.20528691 -3.188795e-17)
(94.828501 -0.2139282 1.5593556e-17)
(94.818156 -0.22258917 -1.5236453e-17)
(94.806741 -0.23041068 1.4868835e-17)
(94.794307 -0.23839911 2.8999272e-17)
(94.781254 -0.24707717 -6.8160211e-22)
(94.767801 -0.25585109 -2.7471684e-17)
(94.754111 -0.26449656 1.3346399e-17)
(94.740257 -0.27420672 0)
(94.726102 -0.28350228 1.2554228e-17)
(94.711932 -0.29360369 0)
(94.698344 -0.30568878 2.3496779e-17)
(94.685123 -0.31432232 2.2683955e-17)
(94.673121 -0.32377473 -1.0936795e-17)
(94.663992 -0.34443864 2.0537314e-22)
(94.653834 -0.36263927 3.0383279e-17)
(94.639048 -0.3049635 -1.9364328e-17)
(94.635793 -0.49776835 1.1778318e-21)
(94.627876 -0.18672238 4.4540164e-18)
(94.597497 -0.6355662 6.3905517e-17)
(94.631282 -0.04777033 -6.504783e-17)
(94.54944 -0.76052241 0)
(95.073801 0.013867264 0)
(95.070084 -0.036164273 2.8141175e-18)
(95.066764 -0.033839278 8.3630538e-18)
(95.063314 -0.053650663 0)
(95.059827 -0.068051655 1.093806e-17)
(95.056019 -0.083472469 -5.4148308e-18)
(95.051687 -0.097887195 5.3126701e-23)
(95.046879 -0.11174008 -5.3050753e-18)
(95.04144 -0.12356649 0)
(95.035289 -0.13330941 0)
(95.028406 -0.14179175 2.0536665e-17)
(95.020779 -0.14873733 -2.030119e-17)
(95.012542 -0.15424339 -1.0030784e-17)
(95.003876 -0.15834809 -9.9090459e-18)
(94.994909 -0.1610774 9.7850628e-18)
(94.9857 -0.1624639 9.6586331e-18)
(94.976386 -0.16367083 -9.5305244e-18)
(94.967194 -0.16382615 9.3980343e-18)
(94.958285 -0.1644212 9.2644424e-18)
(94.949691 -0.1657324 -4.5632321e-17)
(94.941334 -0.16763215 1.7972287e-17)
(94.933165 -0.1704291 2.1416882e-22)
(94.924992 -0.17385385 2.6084555e-17)
(94.916675 -0.17908993 -3.4176717e-17)
(94.908196 -0.18517393 3.3559455e-17)
(94.899471 -0.19285775 -1.6463725e-17)
(94.890426 -0.2017673 -8.0697418e-18)
(94.88104 -0.21210188 0)
(94.871075 -0.22256883 1.5471406e-17)
(94.860239 -0.23332961 0)
(94.848319 -0.24433193 -1.6404436e-21)
(94.835111 -0.25427606 0)
(94.820809 -0.26423461 -1.4049551e-17)
(94.805694 -0.27479717 1.3677241e-17)
(94.789787 -0.28542522 -6.0274052e-22)
(94.773271 -0.29679952 3.8744563e-17)
(94.756077 -0.3077042 -1.2526396e-17)
(94.738219 -0.31795983 0)
(94.720467 -0.33054895 -1.1738625e-17)
(94.703038 -0.34090535 -1.2336479e-22)
(94.686196 -0.34881488 0)
(94.672698 -0.36727765 1.0544705e-17)
(94.661291 -0.39393644 -1.0143888e-17)
(94.641675 -0.31878142 0)
(94.629594 -0.5366925 -1.870045e-17)
(94.60119 -0.21882373 1.7977132e-17)
(94.563647 -0.67175357 -1.2904939e-17)
(94.592433 -0.075969916 -2.0516446e-18)
(94.565852 -0.73393354 -1.9629919e-18)
(95.103819 0.013984287 0)
(95.099977 -0.035920822 8.3201657e-18)
(95.096695 -0.033887811 -8.2426023e-18)
(95.093513 -0.054327747 0)
(95.090519 -0.069021954 5.3901947e-18)
(95.087558 -0.084628599 1.0674791e-17)
(95.084323 -0.098321906 4.6338169e-23)
(95.080862 -0.11153492 -5.2299238e-18)
(95.077126 -0.12406648 1.0350533e-17)
(95.072941 -0.13553181 1.0240074e-17)
(95.068209 -0.14547645 -2.0255614e-17)
(95.062786 -0.15323877 3.0116286e-22)
(95.056653 -0.15912972 9.8975648e-18)
(95.049835 -0.16328921 9.779366e-18)
(95.042352 -0.16621919 -1.9317175e-17)
(95.034224 -0.167665 9.5353e-18)
(95.025691 -0.16853871 -1.882119e-17)
(95.016967 -0.16889468 0)
(95.008108 -0.16989334 9.153411e-18)
(94.999196 -0.17093823 9.020482e-18)
(94.990177 -0.17305147 -2.6652493e-17)
(94.981079 -0.17642434 3.4980509e-17)
(94.971824 -0.18051282 -1.7206936e-17)
(94.962235 -0.18509615 8.4577978e-18)
(94.952339 -0.19195772 0)
(94.942205 -0.20052576 -1.6311332e-17)
(94.931757 -0.21074878 7.9998987e-18)
(94.920946 -0.22255388 3.135986e-17)
(94.909618 -0.23532474 -3.0707605e-17)
(94.897401 -0.24813058 0)
(94.884069 -0.26137487 -2.935803e-17)
(94.869446 -0.27438553 1.4331039e-17)
(94.853492 -0.28723356 -1.3976015e-17)
(94.836454 -0.29967121 1.3614448e-17)
(94.818583 -0.31215035 -4.3616188e-23)
(94.800274 -0.32456267 -1.2875381e-17)
(94.781593 -0.33696441 1.2498012e-17)
(94.762197 -0.34762946 -1.2115304e-17)
(94.742605 -0.35899081 9.715229e-23)
(94.723307 -0.37028824 -2.2681902e-17)
(94.703583 -0.37660078 -1.094894e-17)
(94.68553 -0.38841617 1.0558662e-17)
(94.672631 -0.42541256 -1.0171756e-17)
(94.654378 -0.32998189 -9.775402e-18)
(94.635232 -0.55938525 -9.3801e-18)
(94.600091 -0.23720712 -1.353404e-17)
(94.562861 -0.71305098 -1.7288874e-17)
(94.52757 -0.14831684 3.722974e-17)
(94.57367 -0.87149918 -3.1562968e-17)
(95.139237 0.014816801 1.3798805e-18)
(95.135085 -0.034794331 -1.2303471e-17)
(95.131559 -0.032224154 -1.0832715e-17)
(95.128317 -0.052523498 -5.3650212e-18)
(95.125297 -0.06611327 5.3131711e-18)
(95.1225 -0.081609053 1.0521992e-17)
(95.119709 -0.096467216 -5.2083955e-18)
(95.116939 -0.11078363 -5.155988e-18)
(95.114186 -0.12333865 -1.0205833e-17)
(95.111208 -0.13446506 1.0097702e-17)
(95.107862 -0.14448273 -9.9887931e-18)
(95.103997 -0.15302271 9.8782975e-18)
(95.099565 -0.16102352 -9.7657783e-18)
(95.094413 -0.16657807 -9.6512317e-18)
(95.088375 -0.17103272 1.0193723e-22)
(95.081392 -0.1738102 3.7663007e-17)
(95.073586 -0.17557347 -1.8588819e-17)
(95.065144 -0.17779506 0)
(95.055971 -0.17906906 9.0446932e-18)
(95.046179 -0.18177941 0)
(95.035934 -0.18500872 2.635296e-17)
(95.025121 -0.18875035 -1.7299453e-17)
(95.013891 -0.19474302 -2.5536295e-17)
(95.002355 -0.20212563 1.6742062e-17)
(94.990472 -0.21035705 -1.6453501e-17)
(94.978347 -0.22023747 1.6158231e-17)
(94.966013 -0.23202064 -7.9280709e-18)
(94.95338 -0.24553739 0)
(94.940398 -0.26109556 -7.6158015e-18)
(94.926757 -0.27688173 0)
(94.912183 -0.29288032 1.4578999e-17)
(94.896575 -0.30869293 0)
(94.879766 -0.32347171 -1.3898209e-17)
(94.861844 -0.33765742 0)
(94.843174 -0.35043675 1.3192268e-17)
(94.824214 -0.36244132 -2.5661297e-17)
(94.805233 -0.37424225 4.7994105e-22)
(94.785811 -0.38395592 5.2640098e-23)
(94.766065 -0.39323518 3.5164211e-17)
(94.746648 -0.40523493 -1.1344744e-17)
(94.726615 -0.4154977 1.0964281e-17)
(94.705456 -0.42230715 -3.1744156e-17)
(94.688366 -0.45340228 -3.0610807e-17)
(94.672268 -0.38571378 9.8267896e-18)
(94.64695 -0.55457851 0)
(94.621387 -0.27951707 0)
(94.60456 -0.71456878 4.3404405e-18)
(94.501417 -0.16081364 -2.0809511e-17)
(94.558314 -0.93441982 3.1825002e-17)
(95.180446 0.015385743 -1.3606e-18)
(95.175998 -0.034086565 -1.3478926e-18)
(95.172067 -0.031013914 2.1362002e-17)
(95.16852 -0.051412078 -7.9338005e-18)
(95.165161 -0.064956255 -1.0476387e-17)
(95.162053 -0.079903706 -5.1875595e-18)
(95.159057 -0.093698736 -5.1353883e-18)
(95.156061 -0.10717719 1.0167728e-17)
(95.153136 -0.12055534 -1.0063414e-17)
(95.150072 -0.13209716 -9.9589993e-18)
(95.146675 -0.14283762 -9.8525358e-18)
(95.142793 -0.1523095 1.9490669e-17)
(95.13827 -0.15992845 -9.6363071e-18)
(95.133038 -0.16692117 0)
(95.126985 -0.17301454 -9.4129851e-18)
(95.119997 -0.17813847 9.2979418e-18)
(95.112028 -0.18175879 9.6662458e-24)
(95.103309 -0.18689943 1.8121359e-17)
(95.093681 -0.19038106 -2.6814847e-17)
(95.083082 -0.19480298 -8.8126052e-18)
(95.071954 -0.20098695 8.6847892e-18)
(95.060184 -0.20707028 0)
(95.047816 -0.21430123 0)
(95.035179 -0.2225759 -8.2827812e-18)
(95.02224 -0.23179973 1.6285852e-17)
(95.009002 -0.24315402 -1.5999502e-17)
(94.995588 -0.25614267 7.8537268e-18)
(94.981979 -0.27107446 0)
(94.968114 -0.28665649 1.9664055e-22)
(94.953785 -0.30360831 0)
(94.938837 -0.32125845 1.4473342e-17)
(94.923145 -0.33864354 0)
(94.906579 -0.35558394 0)
(94.889052 -0.37067135 2.6959889e-17)
(94.870696 -0.3843916 -2.6273098e-17)
(94.851846 -0.39660402 2.5575912e-17)
(94.832854 -0.40740122 -1.2435165e-17)
(94.813601 -0.41683477 -3.6738888e-22)
(94.793798 -0.4242379 -1.1715619e-17)
(94.774118 -0.43315867 -1.1350985e-17)
(94.754674 -0.44604093 1.0888266e-22)
(94.733375 -0.45486744 2.122196e-17)
(94.711671 -0.47289524 2.0477968e-17)
(94.692839 -0.43357116 0)
(94.666092 -0.56482067 0)
(94.653584 -0.3316321 0)
(94.679852 -0.76325684 -4.3824279e-18)
(94.533093 -0.13811478 2.0949862e-17)
(94.541322 -1.0795211 1.6061e-17)
(95.225708 0.016590282 0)
(95.221125 -0.03335921 5.3164124e-18)
(95.216853 -0.029611824 -1.0533606e-17)
(95.21288 -0.049848553 1.0433048e-17)
(95.208924 -0.062763743 1.5497885e-17)
(95.205003 -0.077344873 5.1155242e-18)
(95.201118 -0.091770336 -1.5194719e-17)
(95.197067 -0.10559764 1.0027961e-17)
(95.192693 -0.11881516 9.9262058e-18)
(95.187827 -0.13172026 9.8229931e-18)
(95.182373 -0.14391541 9.7192669e-18)
(95.176495 -0.15501958 1.0342109e-22)
(95.170113 -0.16552424 -9.5074967e-18)
(95.163184 -0.17512212 0)
(95.15568 -0.18270124 9.2890222e-18)
(95.147599 -0.18996699 -1.8354337e-17)
(95.13891 -0.19620431 9.0627013e-18)
(95.129782 -0.20241842 0)
(95.120257 -0.20870711 8.8273249e-18)
(95.110111 -0.2142271 -2.6115847e-17)
(95.099558 -0.22066343 1.7162794e-17)
(95.088723 -0.22789409 0)
(95.077411 -0.23606646 -8.324896e-18)
(95.065718 -0.24617693 -8.1926853e-18)
(95.053736 -0.25736874 1.611584e-17)
(95.041284 -0.26944065 -1.5840165e-17)
(95.028322 -0.2833684 -2.879186e-22)
(95.014927 -0.29886864 7.6356019e-18)
(95.001037 -0.31604969 7.4888422e-18)
(94.986682 -0.33477443 -7.3385782e-18)
(94.971896 -0.35298611 -7.1865448e-18)
(94.956485 -0.37097544 -7.0305287e-18)
(94.940408 -0.38908409 1.3741443e-17)
(94.923508 -0.40564114 -1.3417729e-17)
(94.905724 -0.42047682 -1.3087338e-17)
(94.887127 -0.43284472 1.2750707e-17)
(94.867902 -0.44409833 0)
(94.848371 -0.45451149 -1.2064337e-17)
(94.828164 -0.46228778 1.1713505e-17)
(94.807541 -0.46923298 0)
(94.78773 -0.48082822 5.3734144e-22)
(94.767238 -0.49480358 1.0644165e-17)
(94.742828 -0.50410435 1.0280129e-17)
(94.718351 -0.46718161 -9.9171757e-18)
(94.69609 -0.60826327 0)
(94.683529 -0.34783304 1.3793238e-17)
(94.727203 -0.8333501 1.7692103e-17)
(94.593846 -0.1026185 4.2405375e-18)
(94.553331 -1.1257566 -3.2410246e-17)
(95.272009 0.016920118 3.9696483e-18)
(95.26735 -0.033752824 1.3101881e-18)
(95.262669 -0.02990462 0)
(95.257963 -0.050088709 -5.1445684e-18)
(95.252966 -0.063369978 -3.8297807e-22)
(95.247633 -0.078498207 1.009058e-17)
(95.242075 -0.094061439 -1.4987162e-17)
(95.236119 -0.10998993 9.8914129e-18)
(95.229346 -0.12580597 0)
(95.221764 -0.14118917 -4.8445841e-18)
(95.213597 -0.15537654 -9.5864046e-18)
(95.205069 -0.16923384 -2.6590037e-22)
(95.19642 -0.18138653 9.3768603e-18)
(95.18772 -0.19163599 -1.8540524e-17)
(95.178997 -0.20063911 1.832353e-17)
(95.170324 -0.2089242 -3.6208676e-17)
(95.161763 -0.21600902 1.7881825e-17)
(95.153229 -0.22124177 0)
(95.144745 -0.22738003 -8.7125379e-18)
(95.136153 -0.23312935 -2.5786187e-17)
(95.127265 -0.23959403 2.5428516e-17)
(95.118439 -0.24781551 8.3546235e-18)
(95.109528 -0.2567345 -8.2310584e-18)
(95.100188 -0.26619035 0)
(95.090395 -0.27765682 1.5950395e-17)
(95.080006 -0.29028691 -1.5686614e-17)
(95.068788 -0.30480232 -1.5416839e-17)
(95.056704 -0.32095171 2.2711464e-17)
(95.043613 -0.33777048 7.4289659e-18)
(95.029679 -0.35615214 7.7523089e-22)
(95.015158 -0.37427025 -7.1389264e-18)
(95.000034 -0.39314088 -6.989033e-18)
(94.984212 -0.41013742 -6.8365378e-18)
(94.967555 -0.42662804 -1.6420987e-21)
(94.950053 -0.44204066 1.3041259e-17)
(94.931573 -0.45619272 2.5435588e-17)
(94.911991 -0.46778376 1.2388272e-17)
(94.891647 -0.47850627 1.2055185e-17)
(94.870565 -0.48760809 -1.171676e-17)
(94.848602 -0.49394302 1.1372791e-17)
(94.826766 -0.50256177 -1.10267e-17)
(94.805172 -0.52092888 2.1357916e-17)
(94.779645 -0.5326964 -1.4071241e-22)
(94.751094 -0.48761872 -9.9705413e-18)
(94.73213 -0.65143249 0)
(94.713973 -0.35622094 -3.7057909e-17)
(94.748478 -0.88952975 -5.7590709e-22)
(94.620257 -0.10026228 0)
(94.57763 -1.1715247 1.6412652e-17)
(95.316408 0.016189087 -6.4258614e-22)
(95.311607 -0.035523873 -1.0343068e-17)
(95.306158 -0.032765689 -5.1222893e-18)
(95.300166 -0.054783872 0)
(95.293477 -0.069986214 5.0247535e-18)
(95.286122 -0.087564974 -4.9762656e-18)
(95.278194 -0.10461871 -4.9274345e-18)
(95.269654 -0.12272785 2.4388477e-17)
(95.260673 -0.1411804 -9.6555014e-18)
(95.251323 -0.15796027 4.7775199e-18)
(95.241673 -0.17371401 0)
(95.232068 -0.18776294 9.3505581e-18)
(95.222717 -0.19946389 -1.8493129e-17)
(95.213751 -0.20996301 9.141841e-18)
(95.205169 -0.21846145 1.3554218e-17)
(95.196988 -0.2249646 8.9294736e-18)
(95.189278 -0.23146843 0)
(95.181894 -0.23617415 1.7424673e-17)
(95.174838 -0.24168998 -3.440728e-17)
(95.168217 -0.24799147 4.2447229e-17)
(95.161627 -0.25441419 -8.3757489e-18)
(95.155078 -0.26115356 -8.2586304e-18)
(95.148682 -0.27116235 0)
(95.141987 -0.28178434 0)
(95.134617 -0.29423664 0)
(95.126496 -0.3090195 0)
(95.117434 -0.32689372 2.291968e-17)
(95.107181 -0.34471032 -1.5015894e-17)
(95.095517 -0.36561487 7.3726036e-18)
(95.082527 -0.38525444 -7.2340317e-18)
(95.068357 -0.40565272 0)
(95.053306 -0.42480525 0)
(95.037248 -0.44354037 -6.8032334e-18)
(95.020211 -0.46195645 -6.6542001e-18)
(95.002276 -0.47886908 0)
(94.983309 -0.49459794 -2.5377653e-17)
(94.963147 -0.50896549 -2.4743593e-17)
(94.941788 -0.52094032 -2.4098604e-17)
(94.919467 -0.53259292 1.1720919e-17)
(94.89612 -0.54153579 1.1390346e-17)
(94.871924 -0.54917579 1.1056069e-17)
(94.847733 -0.56561266 -1.0717943e-17)
(94.821446 -0.58113392 1.0374967e-17)
(94.791601 -0.52140683 0)
(94.771208 -0.70867652 9.6867785e-18)
(94.743974 -0.38509678 -1.4009574e-17)
(94.768936 -0.9545509 -8.9910153e-18)
(94.636266 -0.12077609 -4.3270726e-18)
(94.601932 -1.2513566 0)
(95.357062 0.013984142 -1.029852e-17)
(95.352059 -0.040137531 5.1007129e-18)
(95.345495 -0.040135411 5.0521366e-18)
(95.337827 -0.063984299 -5.0036182e-18)
(95.329037 -0.08052971 -3.3927206e-22)
(95.319397 -0.10031193 -4.9063406e-18)
(95.309446 -0.12073645 -9.715422e-18)
(95.29935 -0.13934696 -4.8087134e-18)
(95.289278 -0.15804987 -9.5194643e-18)
(95.279643 -0.17596297 9.4200722e-18)
(95.270334 -0.19132332 -4.6604569e-18)
(95.261452 -0.20410156 -4.6104559e-18)
(95.25319 -0.21541829 9.1204554e-18)
(95.245409 -0.22355525 -9.0189663e-18)
(95.237959 -0.22972611 -6.9644678e-23)
(95.231056 -0.23532752 0)
(95.224956 -0.23988008 -1.7417617e-17)
(95.219397 -0.24326671 9.7526805e-22)
(95.21434 -0.24737049 2.9737055e-17)
(95.209921 -0.25155328 -1.6777035e-17)
(95.205814 -0.25753428 -2.4834145e-17)
(95.20151 -0.26461647 1.6333376e-17)
(95.196952 -0.27461202 -8.052141e-18)
(95.191901 -0.2870137 0)
(95.185964 -0.30213996 7.8175539e-18)
(95.179034 -0.31996009 2.3090621e-17)
(95.171034 -0.34017076 -4.5441166e-17)
(95.161592 -0.36130184 -1.2845857e-22)
(95.150636 -0.38488854 2.1953098e-17)
(95.13824 -0.40738137 -2.8742963e-17)
(95.124277 -0.42892718 2.8201066e-17)
(95.109056 -0.45051371 0)
(95.092621 -0.4709367 -6.7708164e-18)
(95.075102 -0.49011098 -3.3136735e-17)
(95.056554 -0.50758416 2.5920603e-17)
(95.036884 -0.52472978 6.3317521e-18)
(95.016047 -0.5400021 1.2357327e-17)
(94.993871 -0.55324728 3.6368904e-22)
(94.970484 -0.56473141 -9.5343055e-22)
(94.946019 -0.5747125 -1.1412481e-17)
(94.920341 -0.58272477 0)
(94.89394 -0.59683609 0)
(94.86667 -0.61444212 -1.0429288e-17)
(94.83641 -0.5471341 -2.0194791e-17)
(94.813418 -0.74837413 1.9521067e-17)
(94.776169 -0.39068166 1.8842955e-17)
(94.79938 -1.0215844 4.5407015e-18)
(94.663166 -0.11225406 -2.1865532e-18)
(94.625044 -1.3452555 1.4726399e-17)
(95.392974 0.01030421 3.8094864e-18)
(95.388009 -0.046868489 -3.7727411e-18)
(95.380677 -0.051114786 2.4907676e-18)
(95.371957 -0.079558786 7.4004432e-18)
(95.362096 -0.10037134 1.015617e-22)
(95.351576 -0.12232431 -1.5912606e-22)
(95.340961 -0.1432527 9.5769245e-18)
(95.330701 -0.16315808 4.7403145e-18)
(95.320776 -0.18022862 1.4076749e-17)
(95.311659 -0.19647649 -4.643779e-18)
(95.303546 -0.20958604 4.595821e-18)
(95.296095 -0.21973524 4.5473502e-18)
(95.289457 -0.22893034 0)
(95.283585 -0.23525634 -4.4494696e-18)
(95.278222 -0.23984314 -4.4001121e-18)
(95.273434 -0.24252011 -4.3497553e-18)
(95.269438 -0.24459713 -4.2993794e-18)
(95.266023 -0.24603691 4.2484959e-18)
(95.262979 -0.24845304 -1.259107e-17)
(95.26017 -0.25188001 1.6582209e-17)
(95.257365 -0.25858726 2.4556227e-17)
(95.254028 -0.26706063 4.0375878e-18)
(95.249784 -0.2784284 -7.9681214e-18)
(95.244521 -0.29404267 0)
(95.238068 -0.31147388 -7.7428402e-18)
(95.230349 -0.33312736 -7.6265932e-18)
(95.22142 -0.35687149 1.7715954e-22)
(95.211086 -0.38273995 3.6931215e-17)
(95.199519 -0.40923085 -2.1787245e-17)
(95.186845 -0.43617094 0)
(95.172994 -0.46211362 -7.0061691e-18)
(95.158016 -0.48661378 -2.0622566e-17)
(95.142035 -0.51046952 3.3693984e-17)
(95.124999 -0.53203328 -1.9803564e-17)
(95.106819 -0.55288533 -6.4612314e-18)
(95.087461 -0.57269235 3.1583373e-17)
(95.06687 -0.59118527 6.1703554e-18)
(95.044963 -0.60844625 0)
(95.021571 -0.62250241 0)
(94.996771 -0.63634639 0)
(94.97075 -0.64947446 1.1122827e-17)
(94.94357 -0.66583877 -1.0806758e-17)
(94.91533 -0.68747913 9.8445548e-22)
(94.884052 -0.60510573 0)
(94.859665 -0.8243083 3.5109292e-22)
(94.815615 -0.42585849 -4.755226e-18)
(94.845291 -1.1008851 3.8747686e-22)
(94.70483 -0.12844393 -4.4288148e-18)
(94.651391 -1.433141 -1.7058894e-17)
(95.423196 0.0049528771 -5.0101536e-18)
(95.419245 -0.056341374 1.2404619e-17)
(95.412741 -0.065762302 -9.8269369e-18)
(95.404888 -0.097238379 2.4324721e-18)
(95.395943 -0.11926641 -4.8172283e-18)
(95.386504 -0.14230121 0)
(95.376695 -0.1615637 9.4439988e-18)
(95.367112 -0.18004065 -1.402289e-17)
(95.358448 -0.19598905 -1.8508847e-17)
(95.350752 -0.20882539 9.1599735e-18)
(95.344241 -0.21954305 -1.3598134e-17)
(95.338721 -0.22635699 -4.4853344e-18)
(95.333911 -0.23201233 0)
(95.329904 -0.23516244 8.7809379e-18)
(95.326626 -0.23708097 -1.7370635e-17)
(95.323912 -0.23821892 1.7179778e-17)
(95.321397 -0.23776642 5.4048703e-22)
(95.31885 -0.23948996 -5.2414093e-22)
(95.316106 -0.24178479 0)
(95.312937 -0.24591536 -4.0970637e-18)
(95.309219 -0.25375008 4.0461656e-18)
(95.304625 -0.26517343 -1.5977629e-17)
(95.29878 -0.27993357 7.0510195e-22)
(95.291716 -0.2993069 3.8880333e-18)
(95.283513 -0.32160849 1.9163783e-17)
(95.274257 -0.34780718 0)
(95.264051 -0.37495152 7.439308e-18)
(95.252996 -0.40448139 -2.1968414e-17)
(95.241242 -0.43297425 -2.8816488e-17)
(95.228801 -0.46138045 2.8331293e-17)
(95.215747 -0.48831186 1.3918619e-17)
(95.201915 -0.51364222 -3.4166672e-17)
(95.187393 -0.53914851 -8.8123619e-22)
(95.17198 -0.56150751 -6.5743494e-18)
(95.155503 -0.58458405 6.4391962e-17)
(95.137946 -0.60533911 -5.041985e-17)
(95.11915 -0.62578426 1.8488571e-17)
(95.099035 -0.64426213 0)
(95.077274 -0.66107847 -5.8763141e-18)
(95.053742 -0.67591507 -5.7293439e-18)
(95.028656 -0.69016975 0)
(95.001995 -0.70924907 0)
(94.973209 -0.73188445 1.0551003e-17)
(94.939948 -0.64639826 1.0242706e-17)
(94.915229 -0.88130117 0)
(94.865979 -0.44440184 4.804484e-18)
(94.906099 -1.1907379 -4.6483459e-18)
(94.753512 -0.10713907 0)
(94.687282 -1.5715076 8.6538898e-18)
(95.447897 0.00064807442 -6.82132e-23)
(95.445579 -0.06299209 -2.4468413e-18)
(95.441245 -0.07614509 -2.4229541e-18)
(95.436153 -0.11041667 0)
(95.430042 -0.13391972 -4.7513083e-18)
(95.42339 -0.15832282 -4.1065699e-22)
(95.416372 -0.17833748 -1.1365037e-23)
(95.409461 -0.19556732 1.3831196e-17)
(95.403466 -0.21011685 4.5647757e-18)
(95.398311 -0.22073609 -4.517142e-18)
(95.394158 -0.22868256 1.3415233e-17)
(95.390911 -0.23311413 -8.8505906e-18)
(95.387938 -0.2361048 1.7517543e-17)
(95.385126 -0.23661529 -4.3338272e-18)
(95.38262 -0.23732726 -1.7147469e-17)
(95.38025 -0.23840311 8.480538e-18)
(95.377478 -0.23940034 2.0965612e-17)
(95.374014 -0.24190164 -4.1467842e-18)
(95.369672 -0.24725731 -9.7708522e-22)
(95.364273 -0.25466351 -1.214533e-17)
(95.357919 -0.26661152 -2.3992864e-17)
(95.350789 -0.28280832 1.1846241e-17)
(95.342873 -0.3018331 -3.8975641e-18)
(95.33435 -0.32566969 1.1537135e-17)
(95.325379 -0.35139533 -2.2758131e-17)
(95.316014 -0.38049258 0)
(95.306191 -0.40918236 1.4738848e-17)
(95.296051 -0.43954636 -1.4516469e-17)
(95.285521 -0.46808094 3.5724356e-18)
(95.274426 -0.49651589 0)
(95.262898 -0.52373863 -6.9126266e-18)
(95.250678 -0.55030655 3.0567574e-17)
(95.23774 -0.5763244 -5.3365547e-17)
(95.223987 -0.601785 1.9638373e-17)
(95.209281 -0.6263406 -3.2095867e-17)
(95.193642 -0.65079929 5.03156e-17)
(95.17695 -0.67361811 -3.0785654e-17)
(95.158985 -0.6956682 -2.4090596e-17)
(95.139489 -0.7168942 2.9426066e-17)
(95.118143 -0.73501397 5.745766e-18)
(95.094765 -0.75184548 0)
(95.069372 -0.7740993 5.458655e-18)
(95.04091 -0.80785212 -4.0056829e-22)
(95.006536 -0.70010165 -2.0655403e-17)
(94.980898 -0.97608397 1.002588e-17)
(94.928409 -0.47346918 0)
(94.963682 -1.294901 0)
(94.809253 -0.087778381 0)
(94.756614 -1.6476975 -8.7954493e-18)
(95.469874 -0.001852322 4.8724224e-18)
(95.469158 -0.064962412 -2.4127205e-18)
(95.467335 -0.080383088 -3.8096736e-23)
(95.465693 -0.11666293 0)
(95.463718 -0.14166208 0)
(95.461479 -0.16672865 -2.3199776e-18)
(95.459196 -0.18741111 1.607777e-17)
(95.456957 -0.20279348 -1.3643272e-17)
(95.455048 -0.215283 2.2510107e-18)
(95.453457 -0.22420606 0)
(95.452081 -0.22951644 0)
(95.450783 -0.23278364 4.3680356e-18)
(95.449127 -0.23460403 0)
(95.446822 -0.23524725 0)
(95.44414 -0.23646087 -1.4810906e-17)
(95.440886 -0.23810439 -8.3715168e-18)
(95.436564 -0.24139238 6.8015395e-22)
(95.431164 -0.24800739 1.2281536e-17)
(95.424585 -0.25638175 0)
(95.416719 -0.26751469 0)
(95.407994 -0.28273872 -1.1853506e-17)
(95.39891 -0.30073083 1.5611269e-17)
(95.38975 -0.3223157 -7.7072663e-18)
(95.380803 -0.34641991 2.6628252e-17)
(95.372168 -0.37297291 -2.6276077e-17)
(95.363788 -0.40123671 2.9621821e-17)
(95.35543 -0.42944926 -1.4603603e-17)
(95.347016 -0.45883526 2.8786164e-17)
(95.338391 -0.48748366 -3.5446585e-17)
(95.329226 -0.51569135 0)
(95.319453 -0.54403918 0)
(95.308928 -0.57009706 -3.3778541e-18)
(95.297462 -0.59763397 2.6559145e-17)
(95.28502 -0.62280607 -4.239102e-17)
(95.271424 -0.64901408 2.5604978e-17)
(95.256722 -0.67311998 2.8253895e-17)
(95.240968 -0.69822906 6.1545654e-18)
(95.224084 -0.72173788 -1.8077771e-17)
(95.2059 -0.74450627 0)
(95.185981 -0.76391548 0)
(95.163794 -0.78265342 5.6291381e-18)
(95.139457 -0.80778567 -1.6475365e-17)
(95.112292 -0.84431468 5.3516388e-18)
(95.077787 -0.73713306 0)
(95.049458 -1.0295383 5.066187e-18)
(94.998483 -0.49767077 0)
(95.014211 -1.3776453 0)
(94.871965 -0.13296667 -9.2352192e-18)
(94.858383 -1.7672026 0)
(95.493386 -0.0033437698 0)
(95.494208 -0.064082776 -2.3787413e-18)
(95.494846 -0.079549944 2.3557747e-18)
(95.496618 -0.11532641 -4.6658657e-18)
(95.498929 -0.13940052 6.9306624e-18)
(95.501466 -0.16261971 -4.5754686e-18)
(95.504247 -0.18216594 1.3592007e-17)
(95.506967 -0.19750804 -8.9718691e-18)
(95.509326 -0.2098691 -8.8831661e-18)
(95.511383 -0.21944822 1.0990752e-17)
(95.512783 -0.22505555 0)
(95.513306 -0.22961914 2.1539448e-18)
(95.512717 -0.23344847 0)
(95.510716 -0.23595759 2.1104609e-18)
(95.507561 -0.23960905 -1.8795578e-17)
(95.503336 -0.24541338 1.8595761e-17)
(95.497725 -0.25295892 -2.0435213e-18)
(95.490678 -0.26253316 4.0424838e-18)
(95.482442 -0.27515213 -1.9982523e-18)
(95.473216 -0.28989107 -1.9753309e-18)
(95.463421 -0.30711529 0)
(95.453592 -0.32705687 -1.928942e-18)
(95.444061 -0.34870365 -3.8112515e-18)
(95.435075 -0.37271135 3.7638553e-18)
(95.426768 -0.39913877 -1.486334e-17)
(95.419037 -0.42659246 1.4669812e-17)
(95.411711 -0.45610426 0)
(95.404547 -0.48506737 -3.2115889e-17)
(95.397349 -0.51575099 3.1660394e-17)
(95.389871 -0.54567403 2.7729726e-17)
(95.381628 -0.57337275 -2.7308294e-17)
(95.372456 -0.60397672 -2.6879458e-17)
(95.362257 -0.63265618 4.9578202e-17)
(95.350872 -0.66270632 -2.9244672e-17)
(95.338157 -0.69168146 0)
(95.323981 -0.72096415 -3.1346349e-18)
(95.308498 -0.75025098 0)
(95.291734 -0.77882742 1.5075873e-17)
(95.273646 -0.80740517 -2.3629793e-17)
(95.253866 -0.83356488 0)
(95.231887 -0.85856582 2.8279308e-18)
(95.207524 -0.88607043 1.1051508e-17)
(95.179858 -0.94449602 -1.618028e-17)
(95.144614 -0.8171489 -1.0520371e-17)
(95.113525 -1.1477044 1.536764e-17)
(95.051369 -0.59101104 4.9830429e-18)
(95.068173 -1.4663377 -9.6851495e-18)
(94.865504 -0.18923233 4.6879793e-18)
(94.961676 -1.8099557 0)
(95.523581 -0.0022706111 0)
(95.525789 -0.057504482 -2.3465955e-18)
(95.52876 -0.070647125 4.6476786e-18)
(95.533464 -0.10283462 5.7533481e-18)
(95.539296 -0.1251147 -6.8372865e-18)
(95.545843 -0.14731199 2.2570444e-18)
(95.552726 -0.16622663 -3.3524415e-18)
(95.559485 -0.18280571 0)
(95.565555 -0.19632264 -2.1912861e-18)
(95.570791 -0.20783973 -1.0848751e-18)
(95.574681 -0.21625594 -1.0734732e-18)
(95.576914 -0.22397555 -1.0623906e-17)
(95.577358 -0.23092764 6.312437e-18)
(95.575912 -0.23810291 1.6668418e-17)
(95.57272 -0.24619511 -1.649404e-17)
(95.567927 -0.25535786 2.0401707e-18)
(95.561702 -0.26733618 2.0183956e-18)
(95.554034 -0.28047867 -1.99625e-18)
(95.545305 -0.29610844 1.7769936e-17)
(95.536 -0.31235551 1.9523243e-18)
(95.52623 -0.33016945 -3.0883614e-17)
(95.516425 -0.35011328 1.9079512e-17)
(95.506893 -0.37061849 -1.8853973e-18)
(95.497717 -0.39292724 -1.4902916e-17)
(95.489146 -0.41768978 1.6509066e-22)
(95.481118 -0.44289192 4.3607779e-17)
(95.473624 -0.47114638 -5.7397416e-17)
(95.466502 -0.49960847 3.1860047e-17)
(95.459443 -0.52923269 -2.7935427e-17)
(95.452459 -0.56007237 2.7544987e-17)
(95.445275 -0.59109731 -2.8844857e-17)
(95.437569 -0.6220268 5.3485915e-17)
(95.429121 -0.65313506 -2.3038668e-17)
(95.419837 -0.68460208 0)
(95.409536 -0.71694106 0)
(95.397905 -0.74816228 1.5653034e-18)
(95.384705 -0.77926375 -3.0749972e-18)
(95.369838 -0.81006514 6.0369758e-18)
(95.35318 -0.84017077 -2.3687048e-17)
(95.334478 -0.86893049 2.3216444e-17)
(95.313928 -0.8982276 -1.7054928e-17)
(95.291859 -0.9349916 1.3908719e-17)
(95.266134 -0.98661717 -5.0598621e-22)
(95.227002 -0.88365838 2.1256357e-17)
(95.203641 -1.237295 -1.0370212e-17)
(95.136975 -0.63248665 -5.0549214e-18)
(95.163621 -1.752206 0)
(94.962479 -0.19705485 2.3873055e-18)
(95.028454 -2.460728 2.32906e-18)
(95.555561 -0.0008744945 5.8392714e-19)
(95.55863 -0.049547249 -5.7821668e-19)
(95.563359 -0.059618634 5.7260011e-19)
(95.569599 -0.089035131 3.4023312e-18)
(95.577484 -0.1093377 -4.4924474e-18)
(95.58641 -0.13091158 4.448738e-18)
(95.595804 -0.14984995 -2.7533056e-18)
(95.605016 -0.16718022 -5.4524254e-19)
(95.613435 -0.18229162 0)
(95.620621 -0.19588331 -9.6218523e-18)
(95.625964 -0.20810302 9.5250481e-18)
(95.629123 -0.2197501 0)
(95.630259 -0.23120644 2.0749855e-18)
(95.62943 -0.24306036 -1.8495125e-17)
(95.626503 -0.25543757 1.5251987e-17)
(95.621552 -0.2681854 0)
(95.614999 -0.28329918 1.5930658e-17)
(95.607278 -0.29934511 -1.2806666e-17)
(95.598674 -0.31566224 0)
(95.589643 -0.3337019 0)
(95.580169 -0.35257149 0)
(95.570337 -0.37260877 -9.4292566e-19)
(95.560445 -0.39386664 1.8642201e-18)
(95.550556 -0.41593571 -9.2121685e-19)
(95.540943 -0.4406158 -9.1030607e-19)
(95.531878 -0.46696448 0)
(95.523562 -0.49565806 8.8817703e-19)
(95.516126 -0.52550362 0)
(95.509242 -0.55743645 -2.6832838e-17)
(95.50277 -0.58949186 2.7328582e-17)
(95.496736 -0.62198585 1.6847173e-18)
(95.491046 -0.6550954 0)
(95.485365 -0.68817754 -2.7009464e-17)
(95.479507 -0.72215443 5.0792961e-17)
(95.473302 -0.75661955 -5.0803798e-17)
(95.466135 -0.79131318 -1.5627417e-18)
(95.457392 -0.82767102 4.6089234e-18)
(95.446753 -0.86403515 2.1141532e-17)
(95.43376 -0.90104439 -1.4832299e-18)
(95.417874 -0.9368311 -2.3296622e-17)
(95.398686 -0.97045524 1.9994904e-17)
(95.376583 -1.0095463 -1.4001727e-17)
(95.350562 -1.1027476 1.0968687e-17)
(95.306913 -0.92580673 0)
(95.284818 -1.3983587 0)
(95.184996 -0.68736219 0)
(95.234967 -1.7889173 -3.754909e-18)
(94.932138 -0.25716958 8.5171731e-18)
(95.122879 -2.1994806 -4.7635884e-18)
(95.626826 0.00063694646 -5.7438533e-19)
(95.630999 -0.039809601 5.6873758e-19)
(95.635691 -0.047039545 -5.6318535e-19)
(95.64342 -0.073607561 -4.4610757e-18)
(95.6529 -0.090712064 2.7123872e-23)
(95.66391 -0.11109205 2.6545198e-23)
(95.675592 -0.12955877 3.7901003e-18)
(95.687098 -0.14775411 5.3617572e-19)
(95.697553 -0.16494374 0)
(95.70626 -0.18156244 0)
(95.712745 -0.19817772 0)
(95.716746 -0.21440141 0)
(95.718482 -0.23093058 0)
(95.718298 -0.24691462 0)
(95.715765 -0.26453199 1.000472e-18)
(95.710938 -0.28174798 0)
(95.70451 -0.29992053 0)
(95.696893 -0.31855864 -9.6998747e-19)
(95.688207 -0.33667597 -1.5357259e-17)
(95.67886 -0.35639626 1.519571e-17)
(95.669436 -0.37708811 1.5033935e-17)
(95.660069 -0.39847464 -1.5800909e-17)
(95.650894 -0.42099117 1.4708003e-17)
(95.642313 -0.44421753 -1.3634384e-17)
(95.634566 -0.46880648 8.9859823e-19)
(95.627988 -0.49470674 0)
(95.622977 -0.52236008 2.7190594e-17)
(95.619939 -0.55070909 -2.7717023e-17)
(95.619095 -0.57967303 -2.8261337e-17)
(95.619969 -0.61018763 2.7084735e-17)
(95.622131 -0.64054888 0)
(95.625444 -0.67319559 2.6375646e-17)
(95.629792 -0.70549467 8.1320996e-19)
(95.634854 -0.73935639 -2.4852497e-17)
(95.640412 -0.77538222 0)
(95.646453 -0.81365579 0)
(95.652811 -0.85506543 -1.5334621e-18)
(95.659234 -0.89825256 0)
(95.665606 -0.94663146 1.4848395e-18)
(95.671942 -0.99854499 0)
(95.677661 -1.0502033 0)
(95.681421 -1.1049552 0)
(95.68423 -1.239584 1.105376e-17)
(95.692718 -1.1149407 -1.0831773e-17)
(95.670227 -1.65464 0)
(95.717359 -0.88508581 0)
(95.558937 -2.458771 -1.2718121e-18)
(95.797887 -0.3305273 -1.2422704e-18)
(95.099144 -3.637982 2.4356188e-18)
)
;

boundaryField
{
    Side
    {
        type            empty;
    }
    Inlet
    {
        type            freestreamVelocity;
        freestreamValue uniform (94.24 0 0);
        value           nonuniform List<vector> 
21
(
(94.325568 -0.40102787 0)
(94.331 -0.40084297 -1.4254319e-17)
(94.350425 -0.40039313 1.5298846e-17)
(94.379433 -0.36308604 0)
(94.394099 -0.3787355 0)
(94.402295 -0.36554581 -9.7769543e-19)
(94.406069 -0.43374756 -1.5708977e-17)
(94.398373 -0.46490894 1.5834133e-17)
(94.389804 -0.53669155 7.9848401e-18)
(94.395737 -0.55954185 -1.6109067e-17)
(94.407774 -0.58215041 8.1557239e-18)
(94.419775 -0.62155958 0)
(94.431161 -0.66787064 7.3111239e-18)
(94.444146 -0.7111748 -8.4652213e-18)
(94.461796 -0.77927185 4.2912505e-18)
(94.496075 -0.8167285 -4.3597166e-18)
(94.546329 -0.87542022 0)
(94.597419 -0.89640268 0)
(94.629167 -1.2145735 1.1495844e-18)
(94.676371 -1.0871134 -2.3544473e-18)
(94.661474 -1.7847027 1.1948535e-18)
)
;
    }
    Airfoil
    {
        type            noSlip;
    }
    Outlet
    {
        type            inletOutlet;
        inletValue      uniform (94.24 0 0);
        value           nonuniform List<vector> 
49
(
(95.626826 0.00063694646 -5.7438533e-19)
(95.630999 -0.039809601 5.6873758e-19)
(95.635691 -0.047039545 -5.6318535e-19)
(95.64342 -0.073607561 -4.4610757e-18)
(95.6529 -0.090712064 2.7123872e-23)
(95.66391 -0.11109205 2.6545198e-23)
(95.675592 -0.12955877 3.7901003e-18)
(95.687098 -0.14775411 5.3617572e-19)
(95.697553 -0.16494374 0)
(95.70626 -0.18156244 0)
(95.712745 -0.19817772 0)
(95.716746 -0.21440141 0)
(95.718482 -0.23093058 0)
(95.718298 -0.24691462 0)
(95.715765 -0.26453199 1.000472e-18)
(95.710938 -0.28174798 0)
(95.70451 -0.29992053 0)
(95.696893 -0.31855864 -9.6998747e-19)
(95.688207 -0.33667597 -1.5357259e-17)
(95.67886 -0.35639626 1.519571e-17)
(95.669436 -0.37708811 1.5033935e-17)
(95.660069 -0.39847464 -1.5800909e-17)
(95.650894 -0.42099117 1.4708003e-17)
(95.642313 -0.44421753 -1.3634384e-17)
(95.634566 -0.46880648 8.9859823e-19)
(95.627988 -0.49470674 0)
(95.622977 -0.52236008 2.7190594e-17)
(95.619939 -0.55070909 -2.7717023e-17)
(95.619095 -0.57967303 -2.8261337e-17)
(95.619969 -0.61018763 2.7084735e-17)
(95.622131 -0.64054888 0)
(95.625444 -0.67319559 2.6375646e-17)
(95.629792 -0.70549467 8.1320996e-19)
(95.634854 -0.73935639 -2.4852497e-17)
(95.640412 -0.77538222 0)
(95.646453 -0.81365579 0)
(95.652811 -0.85506543 -1.5334621e-18)
(95.659234 -0.89825256 0)
(95.665606 -0.94663146 1.4848395e-18)
(95.671942 -0.99854499 0)
(95.677661 -1.0502033 0)
(95.681421 -1.1049552 0)
(95.68423 -1.239584 1.105376e-17)
(95.692718 -1.1149407 -1.0831773e-17)
(95.670227 -1.65464 0)
(95.717359 -0.88508581 0)
(95.558937 -2.458771 -1.2718121e-18)
(95.797887 -0.3305273 -1.2422704e-18)
(95.099144 -3.637982 2.4356188e-18)
)
;
    }
    procBoundary13to6
    {
        type            processor;
        value           nonuniform List<vector> 
34
(
(94.59671 0.016239459 1.4690137e-17)
(94.59671 0.016239459 1.4690137e-17)
(94.633054 -0.019513537 1.241612e-21)
(94.660809 -0.019176169 1.4249653e-17)
(94.677924 -0.016377589 -1.4031797e-17)
(94.688746 -0.012301645 1.380471e-17)
(94.699299 -0.0085828035 0)
(94.71417 -0.0065380364 0)
(94.735989 -0.0067236341 -1.6448015e-18)
(94.766104 -0.008938203 -1.2962655e-17)
(94.804283 -0.01219577 1.2773327e-17)
(94.847828 -0.015977502 0)
(94.892177 -0.018823306 0)
(94.932445 -0.019823385 -1.5283318e-18)
(94.966598 -0.019286738 0)
(94.995786 -0.018342578 1.1873135e-17)
(95.021992 -0.016905298 -1.1699778e-17)
(95.047237 -0.015188019 1.4411221e-18)
(95.073743 -0.014415934 0)
(95.10376 -0.013840928 -1.3997401e-18)
(95.139202 -0.014464502 -1.3798789e-18)
(95.180439 -0.01592683 1.3605991e-18)
(95.225736 -0.016756727 0)
(95.272061 -0.017404742 -5.2929969e-18)
(95.316528 -0.017741802 6.4419316e-22)
(95.357314 -0.015234226 1.0298525e-17)
(95.393287 -0.012889213 -3.8095128e-18)
(95.423499 -0.0091937093 5.0101814e-18)
(95.448187 -0.0059581816 7.1006551e-23)
(95.470058 -0.0042793704 -4.8725339e-18)
(95.493295 -0.0026385024 0)
(95.523185 -0.0031578548 0)
(95.554991 -0.0032626567 0)
(95.626786 -0.0023130725 0)
)
;
    }
    procBoundary13to12
    {
        type            processor;
        value           nonuniform List<vector> 
60
(
(94.55101 0.0036332705 -1.6613762e-21)
(94.544577 0.0087595424 -1.567376e-21)
(94.538416 0.01276174 0)
(94.532685 0.016433655 -7.1567594e-18)
(94.559684 0.020337404 6.9691996e-18)
(94.559684 0.020337404 6.9691996e-18)
(94.552889 0.023662002 -1.2834411e-21)
(94.546601 0.026561995 6.8034872e-18)
(94.540908 0.028633129 6.7189142e-18)
(94.535871 0.029766788 -2.6522466e-17)
(94.531534 0.03007511 -2.616084e-17)
(94.550237 0.029341407 0)
(94.550237 0.029341407 0)
(94.545 0.028356438 -1.4376577e-22)
(94.540539 0.026239445 -3.7006502e-17)
(94.536922 0.02278455 1.2139124e-17)
(94.534101 0.017777919 -2.3875731e-17)
(94.542803 0.009150126 0)
(94.542803 0.009150126 0)
(94.539407 0.0013333941 3.4117779e-17)
(94.53684 -0.0082393382 5.2670984e-23)
(94.534945 -0.020025715 2.189569e-17)
(94.536589 -0.03781458 0)
(94.536589 -0.03781458 0)
(94.5349 -0.051815763 -2.0737534e-17)
(94.533863 -0.067638162 2.0296283e-17)
(94.53317 -0.083340986 -1.9847002e-17)
(94.532717 -0.10055593 1.9381303e-17)
(94.533895 -0.12035889 -1.8667715e-17)
(94.533895 -0.12035889 -1.8667715e-17)
(94.534445 -0.1378346 1.8180273e-17)
(94.534554 -0.15639984 0)
(94.533308 -0.17404496 -1.7214221e-17)
(94.538931 -0.19272824 -1.6562047e-17)
(94.538931 -0.19272824 -1.6562047e-17)
(94.537638 -0.20939893 0)
(94.534125 -0.2245495 0)
(94.527698 -0.23574311 1.5056036e-17)
(94.539387 -0.2521001 -1.4468503e-17)
(94.539387 -0.2521001 -1.4468503e-17)
(94.532063 -0.26028589 -2.792926e-17)
(94.521356 -0.26508305 2.6921041e-17)
(94.538664 -0.27521106 -2.5833468e-17)
(94.538664 -0.27521106 -2.5833468e-17)
(94.524752 -0.27666197 0)
(94.506882 -0.27705761 0)
(94.524605 -0.28772264 -2.2867267e-17)
(94.524605 -0.28772264 -2.2867267e-17)
(94.50417 -0.28771 -1.0960879e-17)
(94.486199 -0.2922262 -3.1466149e-17)
(94.501186 -0.30701698 -2.0068816e-17)
(94.501186 -0.30701698 -2.0068816e-17)
(94.48365 -0.26195142 -3.8303141e-17)
(94.493319 -0.44158958 3.6614541e-17)
(94.501569 -0.12400509 0)
(94.501569 -0.12400509 0)
(94.487523 -0.64685865 -3.3362194e-17)
(94.500132 -0.020612402 0)
(94.500132 -0.020612402 0)
(94.407583 -0.9063593 3.0379137e-17)
)
;
    }
}


// ************************************************************************* //
