/*--------------------------------*- C++ -*----------------------------------*\
| =========                 |                                                 |
| \\      /  F ield         | OpenFOAM: The Open Source CFD Toolbox           |
|  \\    /   O peration     | Version:  2506                                  |
|   \\  /    A nd           | Website:  www.openfoam.com                      |
|    \\/     M anipulation  |                                                 |
\*---------------------------------------------------------------------------*/
FoamFile
{
    version     2.0;
    format      ascii;
    arch        "LSB;label=32;scalar=64";
    class       volScalarField;
    location    "0.00026";
    object      Co;
}
// * * * * * * * * * * * * * * * * * * * * * * * * * * * * * * * * * * * * * //

dimensions      [0 0 0 0 0 0 0];

internalField   nonuniform List<scalar> 
3444
(
0.00042823807
0.00044060139
0.00021183708
0.00018249771
0.00035804748
0.00026155239
0.00019242515
0.00044221647
0.0015733652
0.01247845
0.0003271376
0.00041641106
0.00044859126
0.00020899552
0.00015163536
0.00033006516
0.00021399322
0.00022297878
0.00048867316
0.0016383823
0.01158973
0.1212229
0.026064278
0.0146865
0.0010964319
0.00030016291
0.00039684027
0.00044202235
0.00022573938
0.0001354651
0.00028653377
0.000167369
0.00025192164
0.00052574388
0.0016812537
0.010762375
0.12092281
0.010938833
0.024506379
0.051420971
0.014410894
0.0042946942
0.0010245151
0.00027636771
0.00037015598
0.00042232854
0.00025807916
0.00012981451
0.00022791814
0.00012484727
0.00028763063
0.00055513171
0.0017095397
0.010015263
0.22694884
0.012140386
0.056495333
0.040203685
0.019160237
0.0044150249
0.0012774753
0.00095783956
0.00024421709
0.00034177517
0.00039022333
0.00028481234
0.00011033085
0.00014738012
9.8109308e-05
0.00032561596
0.00057708489
0.0017244783
0.0093371315
0.069895332
0.037146221
0.022396796
0.012183183
0.051704579
0.0039635468
0.0011952636
0.00089071537
0.00020314148
0.0003072301
0.00034959962
0.0002931474
8.3979047e-05
0.00010742497
0.00013469839
0.00036113147
0.00059272671
0.0017274833
0.0086959007
0.50015489
0.018741432
0.030458587
0.012963289
0.013138621
0.0043370629
0.0010790403
0.001118341
0.00082879238
0.00016330552
0.00026549376
0.00030727582
0.00028630061
0.00010474138
0.00015983385
0.00021332353
0.00039014541
0.00060405388
0.0017222552
0.0080831484
0.068911813
0.016312307
0.019616432
0.069541212
0.16439152
0.0076011329
0.0010111312
0.0010461841
0.00076948178
0.00012388037
0.00021824036
0.00026267054
0.00027455865
0.00014448035
0.00023345973
0.00028919311
0.00040810136
0.00061256437
0.0017097564
0.007528594
0.10219675
0.01658331
0.021699491
0.020665939
0.011218733
0.0038434681
0.00094703573
0.00097652093
0.00071007231
8.1308648e-05
0.00015954275
0.00020182099
0.00025701148
0.00015016371
0.00025609098
0.00034791339
0.00041617015
0.00062001739
0.0016922758
0.0070194148
0.11014237
0.015557468
0.021564563
0.022320172
0.011877467
0.0038312303
0.00088823407
0.00091289154
0.00065390583
6.9231613e-05
8.4628104e-05
0.00010928056
0.00021035432
0.00013925302
0.00024695088
0.00037400535
0.00041783281
0.00062772575
0.0016723132
0.0065720112
0.054677985
0.014939917
0.017258683
0.022983256
0.053424863
0.006984932
0.00083386521
0.00085694243
0.00060547764
0.0001129908
9.2202106e-05
0.00011335118
0.00012443085
0.00013766989
0.00026336346
0.00037912148
0.00041470372
0.00063573521
0.0016493793
0.0061458597
0.1008533
0.013492028
0.016509043
0.018974281
0.025661316
0.0069134394
0.00072384862
0.00078218947
0.00080824561
0.00056972947
0.00015114786
0.00017595322
0.00021205543
0.00016020981
0.0001691554
0.0003190193
0.00038603413
0.00040798674
0.00064497592
0.0016265051
0.0057405911
0.071147649
0.012474517
0.015376082
0.018457745
0.027939516
0.0068177186
0.0006780595
0.00073227683
0.00076174118
0.0005442695
0.00013722483
0.0002325717
0.00026914014
0.00029338126
0.0002454683
0.00036098794
0.0003925677
0.00040009092
0.00065582487
0.0016037799
0.0053963128
0.057564419
0.011789372
0.014141322
0.016720709
0.022550046
0.006697539
0.00063349554
0.00068491365
0.00071638115
0.00052427951
0.00010618632
0.00025104624
0.00027968939
0.00035527366
0.000325473
0.00035061678
0.00038295956
0.00039407085
0.00066692435
0.0015813683
0.0050982168
0.053418206
0.010986045
0.013083025
0.015449436
0.017783345
0.0066153733
0.00059209933
0.00064087051
0.00067331007
0.00050478909
9.1318732e-05
0.00024048688
0.00026713876
0.00034961435
0.00035166129
0.00031500826
0.00035565658
0.00039211339
0.00067801032
0.0015584442
0.0048068144
0.055298278
0.010191297
0.012097782
0.014269867
0.02154667
0.006437268
0.0005044558
0.00055371196
0.00059982004
0.0006297021
0.00047830375
8.6885644e-05
0.00022115047
0.00024968405
0.0003151457
0.00032683244
0.0002891378
0.00032453348
0.00039522822
0.0006868569
0.0015342748
0.0045250915
0.050525958
0.00950097
0.01119562
0.013164804
0.01927698
0.0062211096
0.00047379883
0.00051787934
0.00056160139
0.00058569391
0.00044505665
8.2136999e-05
0.0002059815
0.00023491975
0.00028130797
0.00029005001
0.00027765548
0.00030223621
0.00040224397
0.00069277992
0.0015088087
0.0042875257
0.043200356
0.0088703169
0.010355214
0.012142579
0.01586324
0.0060603689
0.00043438282
0.00044469502
0.00048401968
0.00052630037
0.00054498719
0.00041305079
7.9132744e-05
0.00019635228
0.00022224835
0.0002548834
0.00025903514
0.00027029961
0.00028994174
0.00041004553
0.0006966415
0.0014835742
0.0040857839
0.041080042
0.0082662101
0.009564756
0.011221382
0.014405033
0.0059028761
0.00040798447
0.00041664768
0.00045221599
0.00049324835
0.00050851093
0.00038675651
7.8284536e-05
0.00019055434
0.0002109635
0.00023349082
0.00023143469
0.00025898659
0.00028501156
0.00041699646
0.00069818622
0.0014609872
0.0038820675
0.039589023
0.0077117536
0.0088321078
0.010370918
0.013816103
0.0057068907
0.00039359543
0.00038303945
0.00039021894
0.00042216926
0.00046169157
0.00047518146
0.0003644779
7.6540322e-05
0.00018738709
0.00020045597
0.00021144718
0.00020390024
0.00024644279
0.00028570902
0.00042385831
0.00069939042
0.001437994
0.0036884609
0.035400868
0.0072137827
0.0081645079
0.0095861584
0.013131255
0.0054955543
0.00037001363
0.00035972393
0.00036528759
0.00039323148
0.00043181314
0.00044440801
0.00034313895
7.3819211e-05
0.00018540008
0.00018902589
0.0001873007
0.00018094991
0.00023769228
0.0002902453
0.00043192147
0.00069873687
0.0014137221
0.0035248649
0.032513681
0.0067465301
0.0075549267
0.0088499998
0.011637482
0.0052944519
0.00034639824
0.00034790012
0.00033816869
0.00034232637
0.00036659719
0.00040399934
0.00041552944
0.00032233092
7.1445681e-05
0.00018154184
0.00017573374
0.00016809552
0.00017139246
0.00023505075
0.00029665917
0.00044001338
0.00069949305
0.0013886778
0.0033706691
0.030662037
0.0062983699
0.0069945354
0.0081742692
0.010730087
0.0050912968
0.0003253621
0.00032712059
0.00031798636
0.00032142365
0.00034218121
0.00037788905
0.00038873647
0.00030222586
6.8551622e-05
0.00017329497
0.000162108
0.00015826165
0.00017706231
0.00023838744
0.00030068092
0.00044405632
0.00070091417
0.0013648619
0.0032227834
0.028208943
0.005878807
0.0064660476
0.0075585414
0.010231557
0.0049314405
0.00029816228
0.00030555622
0.000307552
0.00029891532
0.00030176777
0.00031962469
0.00035293681
0.00036355379
0.00028264261
6.4615857e-05
0.00016135401
0.00015086178
0.00015543698
0.00018896768
0.00024127563
0.00030208599
0.0004454604
0.00070098027
0.0013402083
0.0030950473
0.025941016
0.00550129
0.005970778
0.0069930154
0.009453182
0.0047927966
0.00028001385
0.00028693881
0.00028906594
0.00028096065
0.0002829025
0.00029885278
0.00032907372
0.00033998994
0.0002648067
5.971311e-05
0.00014801191
0.00014358839
0.00015666074
0.00019565955
0.00024090524
0.00030389673
0.00044610617
0.00070010563
0.0013127625
0.0029773108
0.024105155
0.0051610889
0.0055233337
0.0064634741
0.0086811261
0.0045940336
0.00025544541
0.00026294378
0.00026945144
0.00027171771
0.00026431796
0.00026515518
0.00027942189
0.0003066042
0.00031812317
0.0002488715
5.5672267e-05
0.00013626407
0.0001400092
0.00015808173
0.00019503949
0.00024028864
0.00030728108
0.0004470793
0.00069455944
0.001282261
0.0028567841
0.022284663
0.0048372837
0.0051212104
0.0059668868
0.0080460568
0.0043874629
0.00023994896
0.0002469145
0.00025303573
0.00025548866
0.00024876545
0.00024902564
0.00026157179
0.00028588538
0.00029740522
0.00023365943
5.4649791e-05
0.00012812713
0.00013856567
0.00015872039
0.00019352291
0.00024125072
0.00031050876
0.00044876017
0.00068908609
0.0012504894
0.0027442831
0.020568691
0.0045247902
0.0047418227
0.0055162305
0.007444329
0.0042527608
0.00021886251
0.00022538291
0.00023185219
0.0002375958
0.00024012643
0.00023407297
0.0002337093
0.00024520012
0.00026634732
0.0002776316
0.00021929941
5.5262039e-05
0.00012397525
0.00013761734
0.00016078867
0.00019622797
0.00024350964
0.00031291993
0.00044745674
0.00068265606
0.0012173578
0.0026381534
0.01903064
0.0042356426
0.0043733929
0.0051072018
0.0068648188
0.0040885556
0.00020564756
0.00021169522
0.00021770192
0.00022311223
0.00022571972
0.00022042534
0.000219102
0.00022960565
0.00024808188
0.00025898307
0.00020646694
5.6683426e-05
0.0001240986
0.00013752322
0.00016408238
0.00019963172
0.00024476496
0.00031514436
0.00044459392
0.00067483714
0.0011824577
0.0025376172
0.017596058
0.0039776833
0.0040348339
0.0047215408
0.006342414
0.0038083982
0.00019322729
0.00019883448
0.00020441104
0.00020950394
0.00021219556
0.00020765608
0.00020561199
0.00021488254
0.00023147713
0.00024150295
0.00019447753
5.9678539e-05
0.00012659761
0.00013758198
0.00016517174
0.00019939436
0.00024522374
0.00031718186
0.00044244871
0.00066475187
0.0011448648
0.0024361345
0.016257178
0.0037357872
0.0037403567
0.0043546946
0.0058662829
0.0035515287
0.00018155915
0.0001867581
0.00019194174
0.00019673292
0.00019947592
0.00019571751
0.00019294495
0.00020099833
0.00021610557
0.00022514214
0.00018235153
6.2517886e-05
0.00012801234
0.00013636424
0.0001639313
0.00019867904
0.00024565564
0.00031896382
0.00043967667
0.0006527346
0.0011067321
0.0023335552
0.015027752
0.0034955231
0.0034699616
0.0040221416
0.005427296
0.0034291848
0.00017059762
0.00017542052
0.00018023985
0.00018474978
0.00018755495
0.00018458694
0.00018111411
0.00018767464
0.00020193339
0.00021009548
0.00017047729
6.3462198e-05
0.00012707744
0.00013509817
0.00016303202
0.00019990795
0.00024622025
0.00031972805
0.00043602819
0.00064181728
0.0010704463
0.0022330335
0.013890188
0.0032724377
0.0032067221
0.0037238701
0.0050251406
0.0033088785
0.00016031854
0.00016479397
0.00016927624
0.00017351436
0.00017635494
0.00017418339
0.00017022896
0.00017523214
0.00018878738
0.00019623421
0.00015921604
6.2760338e-05
0.00012472608
0.00013489594
0.00016344571
0.00020166537
0.00024675816
0.00031976366
0.00043229738
0.00062912372
0.0010358382
0.0021300171
0.012838487
0.0030778642
0.002965014
0.0034430513
0.0046565648
0.0030312687
0.00015066512
0.00015481885
0.00015898618
0.00016296643
0.00016583762
0.00016444052
0.00016013221
0.00016370379
0.00017612239
0.0001834434
0.00014898441
6.1520826e-05
0.00012291326
0.0001354158
0.00016482852
0.00020293856
0.00024687714
0.00031915526
0.00042800473
0.00061792581
0.001004874
0.0020283327
0.011862304
0.0029022518
0.0027481175
0.003185999
0.0042943695
0.0025247249
0.0001415957
0.00014545392
0.00014932871
0.00015306267
0.00015592611
0.00015523857
0.00015086337
0.00015320993
0.00016387193
0.00017143347
0.00013981702
6.1280411e-05
0.00012323222
0.0001364701
0.00016655345
0.0002032284
0.00024690583
0.00031785751
0.00042347465
0.00060653252
0.00097575953
0.0019287556
0.01095859
0.0027257006
0.0025431778
0.0029633183
0.0039369394
0.0019816709
0.0001330905
0.00013667403
0.00014028262
0.00014378809
0.00014660244
0.00014654024
0.00014237168
0.00014386383
0.00015237355
0.00015981177
0.00013126867
6.2775318e-05
0.00012494025
0.00013760905
0.0001678643
0.00020311018
0.00024685353
0.00031596728
0.00041930468
0.00059580484
0.00095036944
0.0018346649
0.010126258
0.0025514998
0.0023527566
0.0027556667
0.0036141966
0.0016799351
0.0001251088
0.00012844069
0.00013179957
0.0001350916
0.00013785031
0.00013831027
0.00013448198
0.00013543109
0.00014198729
0.00014860504
0.00012322509
6.4902805e-05
0.00012644994
0.00013834289
0.0001681791
0.00020311777
0.00024656508
0.00031373307
0.00041454397
0.00058609918
0.00092500067
0.0017431401
0.0093575049
0.0024021555
0.0021788788
0.0025485129
0.0033212606
0.0015661971
0.0001176252
0.00012072641
0.00012385369
0.00012694051
0.000129633
0.00013052645
0.00012711909
0.0001275091
0.00013280852
0.00013815652
0.00011566791
6.5585298e-05
0.0001265118
0.00013881269
0.00016817898
0.00020317743
0.00024587693
0.0003111108
0.00040976725
0.00057511202
0.00089930021
0.001657272
0.008642682
0.0022704256
0.0020134651
0.0023576527
0.0030496403
0.0015102488
0.0001106093
0.0001134975
0.0001164107
0.00011930536
0.00012191745
0.00012314628
0.00012031471
0.00011988073
0.00012446639
0.0001288755
0.00010842426
6.490235e-05
0.00012548997
0.00013895948
0.00016830646
0.00020310352
0.00024496406
0.00030851022
0.00040445869
0.00056558303
0.00087424148
0.0015803865
0.0079822933
0.0021405077
0.0018635067
0.0021788103
0.0028007947
0.0014656384
0.00010403667
0.00010672842
0.00010944636
0.00011216174
0.00011468748
0.00011616083
0.00011407529
0.00011263246
0.00011647887
0.000120722
0.000101388
6.4021537e-05
0.00012465562
0.00013903803
0.0001682412
0.00020288185
0.00024397466
0.00030641288
0.00039934188
0.00055489873
0.00084933212
0.001509492
0.0073735572
0.0020091782
0.0017281246
0.0020045594
0.0025757486
0.0014268037
9.7874932e-05
0.00010038554
0.00010292512
0.0001054705
0.00010789572
0.00010956026
0.00010835125
0.0001061207
0.00010885486
0.00011299036
9.4904442e-05
6.3170064e-05
0.00012411496
0.00013944921
0.0001680892
0.00020253398
0.0002427209
0.00030374517
0.00039484112
0.00054411541
0.00082556678
0.0014457263
0.0068119599
0.0018873355
0.0016021914
0.0018466909
0.0023688165
0.0013941116
8.9787325e-05
9.2103423e-05
9.4447991e-05
9.6820539e-05
9.9205935e-05
0.00010151876
0.00010331489
0.00010297758
0.00010047109
0.00010196303
0.00010523685
8.9119956e-05
6.3066344e-05
0.00012421728
0.00014012251
0.00016837246
0.00020173632
0.00024097723
0.00030108412
0.00038909155
0.00053391062
0.00080312228
0.0013879194
0.0062922223
0.0017745582
0.0014820356
0.0017022206
0.0021756884
0.001361052
8.4530842e-05
8.6695441e-05
8.8888418e-05
9.1108197e-05
9.3346149e-05
9.5546183e-05
9.7410371e-05
9.7772319e-05
9.5426139e-05
9.5881461e-05
9.7999095e-05
8.3475639e-05
6.3296384e-05
0.00012444794
0.00014020834
0.00016821615
0.00020103272
0.00023959586
0.00029873862
0.00038406647
0.00052337114
0.0007814348
0.0013310395
0.0058084986
0.0016707247
0.0013738414
0.0015672347
0.0019955634
0.001334307
7.9603555e-05
8.1630206e-05
8.3683111e-05
8.5762745e-05
8.7864229e-05
8.9955162e-05
9.1834927e-05
9.2689792e-05
9.0914622e-05
9.0278934e-05
9.1690991e-05
7.807304e-05
6.2884421e-05
0.00012422355
0.0001396364
0.00016774635
0.00020019619
0.00023844304
0.00029569733
0.00037870195
0.00051356179
0.00075800497
0.0012744016
0.005365513
0.0015737077
0.0012732609
0.0014467409
0.0018349512
0.0013103421
7.4992235e-05
7.6891585e-05
7.8815651e-05
8.0766412e-05
8.2741698e-05
8.472053e-05
8.6581978e-05
8.7763437e-05
8.6871575e-05
8.5106702e-05
8.5891538e-05
7.346585e-05
6.2140893e-05
0.00012354292
0.00013942932
0.00016756133
0.0001990348
0.00023658626
0.00029283988
0.00037319557
0.0005024527
0.00073575743
0.0012172365
0.0049533038
0.0014810026
0.0011804858
0.0013365766
0.0016935589
0.0012808654
7.06724e-05
7.245386e-05
7.4260762e-05
7.6094224e-05
7.7952577e-05
7.9824701e-05
8.1641917e-05
8.3047242e-05
8.3002806e-05
8.0810825e-05
8.0410977e-05
6.9099095e-05
6.1475136e-05
0.0001227033
0.00013960874
0.00016712116
0.00019803385
0.00023449528
0.0002899194
0.0003685571
0.0004922038
0.00071381779
0.0011592332
0.0045756337
0.0013912553
0.0010947963
0.0012356385
0.0015776994
0.0012590274
6.8300971e-05
7.0000573e-05
7.1725184e-05
7.3476092e-05
7.524766e-05
7.6998801e-05
7.8526962e-05
7.9089098e-05
7.7428181e-05
7.5600952e-05
6.4832261e-05
6.1113321e-05
0.00012231796
0.00013953163
0.00016634036
0.00019679411
0.00023258202
0.0002864282
0.00036252178
0.00048236333
0.00069262583
0.0011072614
0.0042242764
0.001307137
0.0010171236
0.0011441385
0.0014869085
0.0012562255
6.4416307e-05
6.6016703e-05
6.7642633e-05
6.9295523e-05
7.0971624e-05
7.2651785e-05
7.4217491e-05
7.5179952e-05
7.4390064e-05
7.1513311e-05
6.1099048e-05
6.0548283e-05
0.00012178503
0.00013929727
0.00016552178
0.00019539726
0.00023068339
0.00028310193
0.00035713175
0.0004718546
0.00067268685
0.0010575882
0.0039008458
0.0012298129
0.00094446565
0.0010649107
0.0014088164
0.0012440038
6.0782352e-05
6.2292117e-05
6.3828149e-05
6.5390047e-05
6.6979357e-05
6.8583911e-05
7.0143478e-05
7.136203e-05
7.1305451e-05
6.8336759e-05
5.769963e-05
5.9457018e-05
0.00012096823
0.00013898993
0.00016469738
0.00019408459
0.00022857174
0.00027952058
0.00035151265
0.000462126
0.00065289444
0.001009263
0.0036009818
0.0011578165
0.00087467531
0.00099903461
0.0013302647
0.0011948761
5.7384053e-05
5.8811018e-05
6.0264025e-05
6.1743596e-05
6.3250769e-05
6.4781219e-05
6.630456e-05
6.7657688e-05
6.8155963e-05
6.5928138e-05
5.4734237e-05
5.8466153e-05
0.00012047281
0.00013858589
0.0001638211
0.00019262794
0.00022641004
0.00027603195
0.00034495541
0.00045070268
0.00063267619
0.00096533379
0.0033240033
0.0010901908
0.00080789071
0.00093958379
0.0012384093
0.001102963
5.5557505e-05
5.6934705e-05
5.8339174e-05
5.9771121e-05
6.1231273e-05
6.2703599e-05
6.4101271e-05
6.4986123e-05
6.3614746e-05
5.2638311e-05
5.7591215e-05
0.00011998183
0.00013806381
0.00016303019
0.00019117828
0.00022419118
0.00027259138
0.0003395591
0.00044067629
0.00061205443
0.00092398132
0.0030698941
0.0010239312
0.0007459807
0.00087645165
0.0011334313
0.00097566383
5.2516639e-05
5.3824286e-05
5.5159899e-05
5.6523875e-05
5.7916623e-05
5.9333286e-05
6.0725791e-05
6.1822976e-05
6.1182683e-05
5.1363273e-05
5.6405491e-05
0.0001191253
0.00013749966
0.00016205004
0.00018969329
0.00022205939
0.0002689188
0.00033338192
0.00043021609
0.0005930503
0.00088978249
0.0028341719
0.00096060346
0.00069123749
0.00080529928
0.0010242301
0.00085901384
5.0920661e-05
5.2192896e-05
5.3494724e-05
5.4826383e-05
5.6186167e-05
5.7550759e-05
5.8747151e-05
5.8679399e-05
5.0384979e-05
5.4721791e-05
0.00011830735
0.00013695748
0.00016084636
0.00018801751
0.00021999008
0.00026546907
0.00032761746
0.00041927967
0.00057224101
0.00085484317
0.0026147811
0.00090235613
0.0006431663
0.00072999377
0.00093218275
0.0007950686
4.8209651e-05
4.942375e-05
5.0668217e-05
5.1944033e-05
5.3250362e-05
5.4575185e-05
5.5808024e-05
5.6106658e-05
4.9330682e-05
5.2190159e-05
0.00011751917
0.00013641659
0.00015967776
0.00018612458
0.00021769194
0.0002621143
0.00032217666
0.00041017561
0.00055166315
0.00080988601
0.0024155677
0.00084612707
0.00059835292
0.00065787969
0.00086403866
0.0007703047
4.6841015e-05
4.8032739e-05
4.9256755e-05
5.0513845e-05
5.179617e-05
5.3028076e-05
5.3556428e-05
4.813246e-05
4.8956722e-05
0.00011667124
0.00013574472
0.00015836686
0.00018413414
0.00021513158
0.00025861225
0.00031654051
0.00039992439
0.00053174237
0.0007627733
0.0022288903
0.00079464446
0.0005550754
0.00060039061
0.00081297211
0.00075262772
4.5575658e-05
4.6752086e-05
4.7962758e-05
4.9203719e-05
5.0418611e-05
5.1092209e-05
4.6805035e-05
4.5564091e-05
0.00011570729
0.00013503957
0.00015693004
0.00018201905
0.00021248364
0.00025443683
0.00031052179
0.0003907219
0.00051266391
0.00071734718
0.0020585307
0.00074983408
0.00051242104
0.00055254837
0.00076168373
0.00071711342
4.3284038e-05
4.4417579e-05
4.5585425e-05
4.6786314e-05
4.797859e-05
4.8748648e-05
4.5400486e-05
4.2001827e-05
0.00011429764
0.0001345407
0.00015567044
0.0001797689
0.00020960496
0.0002503498
0.00030418011
0.00038141462
0.00049647367
0.00067484194
0.0018989379
0.0007030718
0.000473189
0.00051002197
0.00070030274
0.0006532889
4.2241734e-05
4.3371014e-05
4.4534357e-05
4.5700808e-05
4.6537039e-05
4.3978251e-05
3.8311462e-05
0.00011239347
0.00013411737
0.00015464707
0.00017780192
0.00020652137
0.0002456344
0.00029767452
0.00037104243
0.0004812459
0.00064343199
0.0017516531
0.00065817718
0.00043830089
0.0004732024
0.00063307716
0.00059472205
4.0213855e-05
4.1308048e-05
4.2437407e-05
4.3578072e-05
4.4463933e-05
4.2576147e-05
3.4572241e-05
0.000109938
0.00013341579
0.00015334119
0.00017608921
0.00020410392
0.00024125155
0.00029033204
0.0003606531
0.0004655574
0.00062126237
0.0016160387
0.00061815914
0.00040617133
0.00044556997
0.00058445975
0.00056150897
3.8323782e-05
3.9385864e-05
4.0484274e-05
4.1600748e-05
4.2523928e-05
4.1207513e-05
3.079315e-05
0.00010688889
0.00013261405
0.00015172151
0.0001740027
0.0002014209
0.00023780115
0.00028387149
0.00034986129
0.00044680768
0.00059324732
0.0014936611
0.00058094799
0.00037564258
0.00041268778
0.00054363522
0.00052627391
3.6562898e-05
3.7595638e-05
3.8665647e-05
3.9759751e-05
4.0713602e-05
3.9885951e-05
2.7058008e-05
0.00010309202
0.00013175439
0.00015015572
0.00017183254
0.00019822438
0.00023337102
0.00027810638
0.00033954462
0.00042851501
0.00055564463
0.0013790242
0.00054438861
0.00034678007
0.00038058317
0.00049944464
0.00048505337
3.4921691e-05
3.5927656e-05
3.6971582e-05
3.8044537e-05
3.9022398e-05
3.8612951e-05
2.5772629e-05
9.825669e-05
0.00013070944
0.00014850196
0.00016957886
0.0001954855
0.00022873138
0.00027105141
0.00033065927
0.00041465142
0.00051959361
0.0012713882
0.0005083464
0.00032161999
0.00035199424
0.00045619882
0.00044521937
3.3392085e-05
3.437361e-05
3.53937e-05
3.6446753e-05
3.7442148e-05
3.7394101e-05
2.701306e-05
9.2145126e-05
0.00012951425
0.00014681011
0.00016682928
0.00019233517
0.00022518197
0.00026428142
0.00032093457
0.00040228543
0.00049524733
0.0011732869
0.00047781514
0.00029908725
0.00032767445
0.00041879692
0.00041378959
3.2926156e-05
3.3924437e-05
3.4958753e-05
3.5965687e-05
3.6225219e-05
2.8375868e-05
8.4721408e-05
0.00012809336
0.00014524993
0.00016413728
0.00018842033
0.00022019762
0.00025796659
0.00030988459
0.00038811614
0.00047911277
0.0010832087
0.0004494224
0.00027794098
0.00030559204
0.00038662662
0.00038802577
3.1577584e-05
3.2555888e-05
3.3572585e-05
3.4585633e-05
3.5092967e-05
2.9505729e-05
7.6182053e-05
0.00012625437
0.00014353831
0.00016171069
0.00018550984
0.00021482424
0.00025028027
0.00029936848
0.0003726591
0.00046030792
0.00099983249
0.00042135462
0.00025745306
0.0002834446
0.00035643183
0.00036182812
3.0321056e-05
3.1281051e-05
3.2281158e-05
3.3295248e-05
3.399156e-05
3.0405603e-05
6.6508057e-05
0.00012401351
0.00014160732
0.00015874031
0.000182516
0.00021133031
0.0002433121
0.00028865123
0.00035599608
0.00043481484
0.00092252692
0.00039423593
0.00023836568
0.00026197714
3.1077843e-05
3.208875e-05
3.2918312e-05
3.0976552e-05
5.5540869e-05
0.00012107326
0.0001398059
0.00015567254
0.00017788446
0.00020668968
0.00023756745
0.00027805119
0.00034033398
0.00040878303
0.00085121934
0.00036816354
3.1877236e-05
3.1149724e-05
4.3682813e-05
0.00011613498
0.00013785213
0.0001531497
0.00017372998
0.0002004413
0.00022995675
0.00026757787
0.00032639687
0.0002455081
0.00023304191
0.00022141552
0.00020711513
0.0001915174
0.00017633096
0.00016059499
0.00014003279
4.9567668e-05
7.62445e-05
0.00024397258
0.00023167489
0.00022017408
0.00020596845
0.00019045694
0.00017534897
0.00015966147
0.00013881312
8.1746459e-05
4.8589616e-05
3.9270565e-05
3.2079288e-05
4.9648308e-05
7.6292354e-05
0.00026570534
0.00024266356
0.00023047603
0.00021905436
0.00020492799
0.00018949542
0.00017446149
0.00015879169
0.00013672931
7.6690971e-05
4.7981034e-05
4.1057859e-05
3.1933308e-05
4.9749075e-05
7.6356319e-05
0.00030334917
0.00026519736
0.00024220823
0.00023007888
0.00021867891
0.00020456978
0.00018916319
0.0001741559
0.00015848213
0.00013552949
7.4004155e-05
4.78882e-05
4.2042339e-05
3.1939038e-05
4.9856008e-05
7.6433757e-05
0.00030145977
0.0002634937
0.00024066742
0.00022866597
0.00021737301
0.00020336351
0.00018804934
0.00017313556
0.00015749058
0.00013172052
6.6141104e-05
4.5714365e-05
4.3891552e-05
3.1983745e-05
4.9996391e-05
7.6521765e-05
0.00040719916
0.00038392387
0.00034712319
0.00030496011
0.00026691141
0.00024387258
0.00023153176
0.00021986532
0.00020556932
0.00019005753
0.00017498046
0.00015922769
0.00013492724
7.1429829e-05
4.7743369e-05
4.3128798e-05
3.2129867e-05
5.0151088e-05
7.6653333e-05
0.00039886705
0.00037639476
0.00034007588
0.00029823852
0.00026054482
0.00023802885
0.00022630565
0.00021520667
0.00020135953
0.00018620594
0.0001714351
0.00015590219
0.00012998138
6.5199806e-05
4.5787643e-05
4.4158883e-05
3.2219576e-05
5.0301712e-05
7.6771076e-05
9.0479828e-05
0.00039737318
0.00037506307
0.00033877965
0.00029691983
0.00025929521
0.00023693129
0.00022533614
0.00021428649
0.00020046909
0.00018537226
0.00017066767
0.00015511115
0.00012425278
5.5683062e-05
4.153176e-05
4.5160174e-05
3.2365544e-05
5.0443513e-05
7.6859104e-05
9.0524033e-05
0.00039460853
0.00037241203
0.00033627516
0.00029462829
0.00025723566
0.00023507141
0.00022363487
0.00021271394
0.00019902929
0.00018405263
0.0001694541
0.00015388032
0.00011565969
5.4435329e-05
4.5421489e-05
4.5193374e-05
3.2556264e-05
5.0604571e-05
7.695189e-05
9.0551986e-05
0.0004063676
0.00039278809
0.00039528289
0.00039300477
0.00037096515
0.00033488393
0.00029335861
0.00025604085
0.00023392834
0.00022261476
0.00021178124
0.00019816703
0.00018325332
0.00016870891
0.00015309073
0.00011090177
5.6165969e-05
4.9006523e-05
4.5203967e-05
3.2738698e-05
5.0759859e-05
7.7054462e-05
9.0603029e-05
0.00045413862
0.00040353679
0.00039022125
0.00039288423
0.00039069996
0.00036868505
0.00033267821
0.00029135792
0.00025428499
0.00023236187
0.00022117137
0.00021043144
0.00019692364
0.00018210876
0.00016762066
0.00015186491
0.00010413823
5.7588963e-05
5.3849789e-05
4.5096659e-05
3.2933109e-05
5.0938209e-05
7.7174928e-05
9.0665984e-05
9.0175887e-05
0.00053720013
0.00045350845
0.00040312587
0.00038994627
0.00039265587
0.00039048866
0.00036844006
0.00033238959
0.00029107625
0.00025405615
0.00023219346
0.000221031
0.00021027136
0.00019674897
0.00018194225
0.0001674415
0.00015152501
0.00010059904
5.8699863e-05
5.6471377e-05
4.501113e-05
3.310932e-05
5.1109613e-05
7.7303901e-05
9.0757526e-05
9.0257067e-05
0.00062456231
0.00053724411
0.00045388947
0.00040368005
0.00039038826
0.00039279819
0.00039031543
0.00036804989
0.00033198972
0.00029088436
0.00025405596
0.00023222175
0.00022099818
0.00021018561
0.0001966691
0.00018187282
0.00016735861
0.00015136542
9.9186227e-05
5.9113872e-05
5.7507904e-05
4.5009817e-05
3.328286e-05
5.1289136e-05
7.7433374e-05
9.0844887e-05
9.0341236e-05
6.4053416e-05
0.00071331791
0.00062844044
0.00054090939
0.00045748553
0.00040727221
0.00039378502
0.00039581553
0.00039295578
0.00037033167
0.00033401055
0.00029283296
0.00025596435
0.0002340016
0.0002225897
0.00021156837
0.00019791154
0.00018300993
0.00016840755
0.00015242911
0.00010105048
5.8678912e-05
5.6720244e-05
4.5164013e-05
3.3457086e-05
5.1486709e-05
7.7589672e-05
9.095671e-05
9.0443092e-05
6.4144178e-05
0.00072312149
0.00063826584
0.00055086327
0.00046754477
0.00041700367
0.00040254064
0.00040319162
0.00039902877
0.00037547425
0.00033872543
0.00029760249
0.00026082035
0.0002385673
0.00022660721
0.0002150795
0.00020110517
0.00018596491
0.00017117342
0.00015536856
0.00011140899
5.7646965e-05
5.0203366e-05
4.5547955e-05
3.3597136e-05
5.1729904e-05
7.7804634e-05
9.1136615e-05
9.0587356e-05
6.4215584e-05
0.00079918773
0.00071447607
0.00062992752
0.00054269409
0.0004596106
0.00040969438
0.00039611529
0.0003977094
0.00039434102
0.00037125852
0.00033475895
0.00029380418
0.00025722785
0.00023528423
0.00022367695
0.00021246749
0.00019877327
0.00018385848
0.00016923779
0.0001536156
0.00011302857
5.6383969e-05
4.8060045e-05
4.5760907e-05
3.3749495e-05
5.1941845e-05
7.7982451e-05
9.1298395e-05
9.0740053e-05
6.4314491e-05
5.3331518e-05
6.3075007e-05
0.00078386594
0.00070016392
0.00061655194
0.00053003213
0.00044760824
0.00039853654
0.00038597048
0.0003886601
0.00038623426
0.0003638551
0.0003278805
0.00028723573
0.00025096217
0.00022951839
0.00021849826
0.00020780846
0.00019450618
0.00017992286
0.00016559329
0.00015009794
0.00010721968
5.7070189e-05
5.1082531e-05
4.5859623e-05
3.3956809e-05
5.212599e-05
7.8108263e-05
9.1383251e-05
9.0844561e-05
6.4451379e-05
5.3501434e-05
6.3198673e-05
0.00077483802
0.00069212663
0.00060960893
0.00052421342
0.00044290603
0.00039436304
0.00038162704
0.00038393083
0.0003812905
0.00035917695
0.00032378816
0.00028368442
0.00024772106
0.00022642613
0.00021557508
0.00020515525
0.00019211759
0.00017768832
0.00016339058
0.00014726894
9.378304e-05
5.9302744e-05
6.0206641e-05
4.5586142e-05
3.4255547e-05
5.2358778e-05
7.826197e-05
9.1465693e-05
9.0943132e-05
6.4596438e-05
5.3684101e-05
6.3340981e-05
0.00086239994
0.00077616728
0.00069319723
0.00061036872
0.00052471574
0.00044332342
0.00039502541
0.00038255191
0.00038495724
0.0003822981
0.00035989971
0.00032421171
0.00028413943
0.00024831332
0.00022702236
0.00021607914
0.00020554858
0.00019246026
0.00017796424
0.00016355278
0.00014648605
8.6274863e-05
6.1155017e-05
6.4773028e-05
4.5080549e-05
3.4536803e-05
5.2595771e-05
7.8445151e-05
9.1591218e-05
9.1067692e-05
6.474784e-05
5.3872601e-05
6.3500969e-05
0.00085827021
0.00077240529
0.00068979177
0.00060730725
0.00052188626
0.00044072974
0.00039278297
0.00038059223
0.00038315349
0.00038059669
0.00035822337
0.00032258613
0.00028269836
0.00024707506
0.00022591178
0.0002150349
0.00020456625
0.00019157742
0.00017716903
0.00016275546
0.0001436607
7.6556528e-05
6.0757219e-05
6.88485e-05
4.4417577e-05
3.4772174e-05
5.284977e-05
7.8670969e-05
9.1780535e-05
9.1233037e-05
6.4889503e-05
5.4077355e-05
6.3703037e-05
0.00095967575
0.00086889887
0.00078226382
0.00069889446
0.00061570229
0.0005297325
0.00044820753
0.00039998386
0.00038736449
0.00038926217
0.00038602126
0.0003631063
0.00032708239
0.00028699285
0.0002512167
0.00022973915
0.00021843251
0.0002075587
0.00019427787
0.00017962759
0.00016502747
0.00014642495
8.0181283e-05
6.1867295e-05
6.8386394e-05
4.4716944e-05
3.4987774e-05
5.3101657e-05
7.8896455e-05
9.1990536e-05
9.1425151e-05
6.5051115e-05
5.4297119e-05
6.3915303e-05
0.0010595746
0.00096310897
0.00087241014
0.00078559691
0.0007023152
0.00061949911
0.00053417077
0.00045340413
0.00040516178
0.00039154072
0.00039214542
0.00038793328
0.00036470934
0.00032885929
0.00028896369
0.00025321291
0.00023159939
0.00022007402
0.00020901822
0.00019560667
0.00018084832
0.0001662247
0.00014935575
8.9933234e-05
6.3175585e-05
6.4525428e-05
4.572716e-05
3.5225308e-05
5.3391349e-05
7.9146624e-05
9.2208192e-05
9.1627541e-05
6.5211906e-05
5.4537927e-05
6.4172353e-05
0.0011412793
0.001037719
0.00094244162
0.00085303896
0.0007674388
0.0006849598
0.00060258358
0.00051733881
0.00043672747
0.00038962503
0.00037799202
0.00038074812
0.00037823802
0.00035592896
0.00032050314
0.00028088494
0.00024548696
0.00022448077
0.00021371966
0.00020335898
0.0001904907
0.00017617521
0.00016186773
0.00014430534
8.1777055e-05
6.1827964e-05
6.7346766e-05
4.5540026e-05
3.5546152e-05
5.3737364e-05
7.9458731e-05
9.2531269e-05
9.1913564e-05
6.5383598e-05
5.4792451e-05
6.4439912e-05
0.0012619571
0.0011530325
0.0010489344
0.00095325651
0.00086331874
0.00077718986
0.00069446989
0.00061216671
0.0005273869
0.00044727311
0.00039966234
0.00038650857
0.00038747392
0.00038355092
0.000360611
0.00032499264
0.00028529964
0.00024983834
0.00022855033
0.00021729659
0.00020643762
0.00019321603
0.00017866083
0.00016415445
0.00014660174
8.4219657e-05
6.3001279e-05
6.7038787e-05
4.5718538e-05
3.5827664e-05
5.4051468e-05
7.9737504e-05
9.2786868e-05
9.2166155e-05
6.5610773e-05
5.5060709e-05
6.4672369e-05
0.0013410404
0.0012380093
0.0011310849
0.0010287914
0.00093469276
0.00084603021
0.00076087529
0.00067885472
0.0005970689
0.00051272112
0.00043321979
0.00038665097
0.00037481228
0.00037725583
0.00037468598
0.00035274768
0.0003177346
0.00027828438
0.00024310634
0.00022241354
0.00021188185
0.00020162449
0.00018887085
0.0001747128
0.00016049118
0.00014221711
7.8034125e-05
6.2451062e-05
6.8913936e-05
4.555808e-05
3.6153762e-05
5.4350138e-05
7.9984762e-05
9.2979526e-05
9.2377921e-05
6.5876655e-05
5.5339905e-05
6.4890028e-05
0.0014125397
0.0013262925
0.0012237979
0.0011169661
0.001015244
0.00092245052
0.00083501877
0.00075082857
0.00066969626
0.0005887321
0.000505061
0.0004261314
0.00038002281
0.0003685759
0.00037143295
0.0003692718
0.00034773925
0.00031310376
0.00027395339
0.00023903951
0.00021865384
0.0002084519
0.00019849463
0.0001859836
0.00017203881
0.00015794785
0.00013547112
6.6184374e-05
5.9443147e-05
7.2132993e-05
4.5363068e-05
3.6467656e-05
5.4664381e-05
8.0233742e-05
9.3137642e-05
9.2562716e-05
6.6165944e-05
5.5637925e-05
6.5128468e-05
0.0014759897
0.0014055973
0.0013196679
0.0012183405
0.0011129669
0.0010122884
0.00091970919
0.00083226217
0.00074809869
0.00066697315
0.00058607329
0.0005027225
0.00042435479
0.00037858957
0.000367102
0.0003698009
0.00036760117
0.0003461694
0.00031168669
0.0002726982
0.00023788548
0.00021755975
0.0002074247
0.0001975418
0.00018512016
0.00017125417
0.00015712574
0.00012104076
6.3365402e-05
6.7290346e-05
7.3385632e-05
4.5845725e-05
3.6757779e-05
5.501361e-05
8.0549221e-05
9.3411602e-05
9.2836919e-05
6.648319e-05
5.5957364e-05
6.5397338e-05
0.0015579052
0.0014883798
0.0014147956
0.0013278897
0.0012265747
0.0011213412
0.0010202467
0.00092673567
0.00083865125
0.00075407351
0.00067230166
0.00059061631
0.00050652455
0.00042756861
0.00038168651
0.00037032839
0.00037306344
0.00037081046
0.00034914703
0.000314331
0.0002751362
0.00024020043
0.00021970188
0.00020934534
0.0001992358
0.00018663245
0.00017262336
0.00015835989
0.00011888494
6.5736126e-05
7.055446e-05
7.4142558e-05
4.6482331e-05
3.7128551e-05
5.538598e-05
8.0912933e-05
9.3746961e-05
9.3154299e-05
6.6809549e-05
5.630018e-05
6.5708487e-05
0.0016412795
0.0015591314
0.0014943964
0.0014246631
0.0013379307
0.0012346945
0.0011270353
0.0010248318
0.00093183431
0.00084409958
0.00075945922
0.00067778064
0.00059643221
0.00051308996
0.00043500136
0.00038895652
0.0003763127
0.00037741405
0.00037384359
0.00035175595
0.00031719114
0.00027823983
0.00024331569
0.00022257783
0.00021185078
0.00020146773
0.00018864577
0.00017445043
0.00016008281
0.00012172193
6.570165e-05
6.9408754e-05
7.4522422e-05
4.6894138e-05
3.7432405e-05
5.5571152e-05
8.0952348e-05
9.3706391e-05
9.3085143e-05
6.6734423e-05
5.6446693e-05
6.6077912e-05
0.0017727862
0.0016289296
0.0015475586
0.0014864478
0.0014205499
0.0013353576
0.0012317992
0.0011231546
0.0010209735
0.0009291197
0.00084229964
0.00075820382
0.00067705587
0.00059641517
0.00051433525
0.0004376901
0.00039181781
0.00037804095
0.00037768613
0.00037308276
0.00035080343
0.00031661174
0.00027809927
0.00024340869
0.00022266577
0.000211834
0.00020141274
0.00018857598
0.00017435856
0.00016003094
0.0001264509
6.4305723e-05
6.4603546e-05
6.888137e-05
3.5042623e-05
3.0913819e-05
5.1888598e-05
7.8823077e-05
9.2036525e-05
9.1508469e-05
6.4925699e-05
5.2828654e-05
5.5526918e-05
0.0019920655
0.001757399
0.0016216065
0.0015401232
0.0014761062
0.0014071176
0.0013213412
0.0012194314
0.0011132083
0.0010124187
0.00092071046
0.00083418258
0.0007507174
0.00067020296
0.00059012867
0.00050838407
0.00043198885
0.00038661187
0.00037344418
0.00037359717
0.00036937234
0.00034718876
0.00031304334
0.00027488422
0.00024056855
0.00022003923
0.00020939263
0.00019917778
0.00018656401
0.00017252913
0.00015833096
0.00012514255
6.1478163e-05
4.6878737e-05
5.9633896e-05
5.841931e-05
9.8688066e-05
0.00013109723
0.00015528063
0.00016590388
0.00016503507
0.00015339607
0.00011352021
6.1124632e-05
0.0022745725
0.0019680232
0.0017492833
0.0016204271
0.0015387842
0.0014727968
0.0014019751
0.0013160551
0.0012150935
0.0011101189
0.0010098483
0.00091780536
0.0008309869
0.0007473821
0.00066663535
0.00058619719
0.00050376112
0.00042671549
0.0003816764
0.00036963314
0.00037097681
0.00036757746
0.00034566071
0.00031141637
0.00027313031
0.00023883553
0.000218442
0.00020797108
0.00019789315
0.00018537244
0.00017140137
0.00015728437
0.00013437056
9.1972911e-05
7.5679835e-05
0.00015532168
0.00021906863
0.00024605206
0.0002570709
0.00026515812
0.00026661195
0.00026112841
0.00025727901
0.00025394648
0.00022662857
0.0025251377
0.0022178092
0.0019292622
0.0017266558
0.0016051544
0.0015245079
0.0014581403
0.001387234
0.001302259
0.0012024758
0.0010985944
0.00099897882
0.00090725875
0.00082103297
0.00073818564
0.00065802469
0.0005779465
0.00049540929
0.00041811381
0.00037360762
0.0003628276
0.00036547733
0.00036296407
0.000341437
0.00030730317
0.00026916715
0.00023512669
0.00021502618
0.00020486628
0.00019505025
0.00018267952
0.00016939041
0.0001612547
0.00016240534
0.0001845304
0.00023691061
0.00029008426
0.0003015873
0.00030028383
0.00029936111
0.00030210844
0.00030052374
0.00029281806
0.00028659127
0.00028456581
0.00027569588
0.00025635948
0.0029027086
0.0026206262
0.0022978464
0.0019856726
0.0017599598
0.0016273681
0.001543969
0.0014765934
0.0014051839
0.0013190621
0.0012176507
0.0011121392
0.0010114548
0.00091912438
0.00083216652
0.0007485132
0.00066783438
0.00058754576
0.00050510392
0.00042798886
0.00038307201
0.00037118127
0.00037243035
0.00036871334
0.00034652605
0.00031213635
0.00027395913
0.00023985795
0.00021937707
0.00020846333
0.00019928192
0.00019262329
0.0001955733
0.00021120482
0.00024045005
0.00027966189
0.00030494139
0.00031415366
0.00031349449
0.00031343736
0.00031820393
0.00032525445
0.0003226696
0.00031201551
0.00030476581
0.00030198614
0.00029276342
0.00027755066
0.0030591184
0.0028866951
0.0026115788
0.0022886955
0.0019707868
0.0017369859
0.0016022578
0.0015221976
0.0014593201
0.0013918417
0.0013078782
0.0012071656
0.0011017784
0.0010018927
0.00091094309
0.00082482951
0.00074150629
0.00066113338
0.00058130829
0.000499708
0.0004236996
0.00037941354
0.00036756968
0.00036876686
0.00036510777
0.00034316753
0.00030912626
0.00027124008
0.00023718312
0.00022042331
0.00021813191
0.00022578582
0.00024159775
0.00027221769
0.00030586334
0.00032757503
0.00034259595
0.00034229161
0.00033613113
0.00033511585
0.0003364577
0.00033544542
0.00033432176
0.00032682206
0.00031467717
0.00030540292
0.00030135819
0.00029290221
0.00027793474
0.0030810845
0.0029106707
0.0026335709
0.0023061839
0.0019830028
0.0017445389
0.0016070459
0.0015249577
0.0014598329
0.0013904674
0.0013055832
0.0012050198
0.0011002794
0.0010007773
0.00090980739
0.0008238122
0.00074082942
0.00066089502
0.00058159228
0.00050062727
0.00042525288
0.00038110554
0.00036889582
0.00036944024
0.000365129
0.00034271465
0.00030705452
0.0002712367
0.00024811943
0.00025243319
0.00027023204
0.00030599474
0.00033810455
0.00036027483
0.00037203543
0.00037061507
0.00036865987
0.00036693223
0.0003639146
0.00035994691
0.00035057152
0.0003409876
0.00033736853
0.00032979818
0.00031831506
0.00031179897
0.00030921722
0.00030105707
0.00028616538
0.00027295724
0.003114161
0.0030791295
0.0028940168
0.002611061
0.0022863882
0.0019719265
0.0017441693
0.001611071
0.0015282879
0.0014618027
0.001391405
0.0013058918
0.0012049361
0.0010999498
0.00099997599
0.00090860163
0.00082268773
0.00074015802
0.00066063833
0.00058164742
0.00050060777
0.00042509398
0.00038109159
0.00036930899
0.0003696529
0.00036762477
0.00035211857
0.0003285621
0.00031104173
0.00030663566
0.00033477463
0.00036298012
0.00038896157
0.00040233653
0.00040308546
0.00039976308
0.0003991053
0.00040146685
0.00039653841
0.00038125326
0.00036433973
0.00035092698
0.00034564413
0.00034794671
0.00034431297
0.00033493355
0.00032975227
0.00032740007
0.00031809528
0.00030230184
0.00028796301
0.0030311813
0.003127308
0.0030955981
0.0029120644
0.0026282768
0.0023012512
0.0019839525
0.0017535148
0.0016184893
0.0015342056
0.0014664284
0.001395314
0.0013094789
0.0012083212
0.0011030299
0.0010026413
0.00091089891
0.00082488559
0.0007423797
0.00066291011
0.00058383991
0.0005029065
0.00042730529
0.00038596971
0.00038312595
0.00039386702
0.00040040694
0.00039550683
0.00038655943
0.00038434333
0.00038914024
0.00040849863
0.00042180236
0.00042793541
0.00043063087
0.00043414883
0.00043648257
0.00043324121
0.00042282631
0.00040609944
0.00038558262
0.00037270237
0.00036803815
0.0003668538
0.00036958508
0.00036321117
0.00034972822
0.00034127412
0.00033596874
0.00032404258
0.00030766493
0.00029155063
0.0030098869
0.0031007777
0.0030642199
0.0028784408
0.002596371
0.0022740322
0.0019628602
0.0017384177
0.0016069567
0.0015247096
0.0014586071
0.0013886093
0.0013036135
0.0012033684
0.0010983826
0.00099827136
0.00090670033
0.00082121871
0.00073922531
0.00065954679
0.00058050653
0.00049876282
0.00042462461
0.00038999685
0.00039287744
0.00041604879
0.00044224075
0.00045301175
0.00045278317
0.0004470275
0.00044182379
0.00044603857
0.0004563211
0.00046566191
0.00047166293
0.00047157422
0.00046189975
0.00044468773
0.00042806052
0.00041258214
0.000399949
0.00039370642
0.00039125733
0.0003875082
0.00038552044
0.00037654329
0.00035974407
0.0003473947
0.00034111834
0.00032776451
0.00030993723
0.00029472833
0.0028236417
0.0030185216
0.0031278321
0.0031116245
0.0029392755
0.0026572464
0.0023245591
0.0019971441
0.0017559912
0.0016163421
0.0015322283
0.0014656191
0.0013955526
0.0013102296
0.0012094484
0.0011039143
0.0010040992
0.00091252124
0.00082639935
0.00074505094
0.00066424517
0.00058311334
0.00051185336
0.00043622855
0.00038972531
0.00040778463
0.00045759187
0.00049498675
0.00050429374
0.00049925377
0.00048907549
0.00048226526
0.0004875861
0.00049525727
0.00049608981
0.00049072895
0.00047988005
0.00046609647
0.00045127845
0.00044247251
0.00043462501
0.00042596044
0.00041934466
0.00041232188
0.00040440371
0.0003987953
0.00038624582
0.00036871495
0.00035617074
0.00034973225
0.00033733971
0.00031859125
0.0003031494
0.0025502967
0.0027985299
0.0029886907
0.0030900164
0.0030662017
0.0028908619
0.002612208
0.0022870928
0.0019696803
0.0017382442
0.0016034855
0.0015208139
0.0014544096
0.0013845978
0.0013000728
0.0012008815
0.0010970976
0.00099879538
0.00091208827
0.00083031504
0.00075393953
0.00067876551
0.00058399213
0.00048222274
0.00040376648
0.00039769762
0.0004512837
0.00050384135
0.00053376922
0.00054276605
0.00053912786
0.00052879632
0.00052131172
0.00051973708
0.00051469335
0.00050535525
0.00049508544
0.00048571482
0.0004783622
0.0004714501
0.00046701498
0.00046063226
0.00044940832
0.00043916042
0.00042935452
0.0004186994
0.00041235719
0.00040039021
0.00038179194
0.00036876776
0.00036180051
0.00034961051
0.00033023067
0.00031178398
0.002329065
0.002553127
0.0027988329
0.002985017
0.0030794772
0.0030480919
0.0028680746
0.002589957
0.0022719205
0.0019661315
0.0017425556
0.0016122045
0.001534016
0.0014692958
0.0013997129
0.0013167583
0.0012189665
0.0011118091
0.0010063035
0.00090911741
0.00081030661
0.00071440802
0.00062427972
0.00054281701
0.00048764392
0.00046768495
0.00048659089
0.00053056882
0.00057275893
0.0005931199
0.00058789373
0.00056943811
0.00055069122
0.00053580751
0.00052815583
0.00052530924
0.00052173873
0.00051787741
0.0005131747
0.00050638483
0.00049876322
0.00049180781
0.0004808202
0.00046579038
0.00045445502
0.00044490029
0.00043510871
0.00042814186
0.00041389994
0.00039479194
0.00038143983
0.00037216541
0.00035787947
0.00033911846
0.00031853155
0.0021003598
0.0023070444
0.002520106
0.0027563069
0.0029346318
0.0030196278
0.0029752569
0.002790871
0.002484574
0.0021076879
0.0017567704
0.0015129576
0.0013812496
0.0013126996
0.0012611976
0.0012117357
0.0011484351
0.0010624578
0.0009705595
0.00089745093
0.00084087746
0.00078218596
0.00072739118
0.00067389552
0.00062151171
0.00057701063
0.00055096492
0.00055803961
0.00058930226
0.0006215721
0.00063790348
0.00063744121
0.00062389922
0.00059883867
0.00057539463
0.00056437144
0.00056194832
0.00056159287
0.00055932467
0.00055234457
0.00053812643
0.00052311135
0.00051163507
0.0004970969
0.0004811397
0.00046877114
0.00046013331
0.00045138615
0.00044386442
0.00042910082
0.00040892399
0.00039297217
0.00038376992
0.00036715663
0.00034439661
0.00032498402
0.0012066244
0.0013603085
0.0015628026
0.0017792957
0.0019831892
0.002097547
0.0020958628
0.0019764313
0.0017531215
0.0014807604
0.0012509298
0.0011257179
0.0010980982
0.0011161363
0.0011343583
0.0011374243
0.0011280881
0.0010982164
0.0010474365
0.00099866811
0.00096873773
0.00094707807
0.00091497621
0.00087053137
0.00081929805
0.00076914102
0.00072097545
0.00068677936
0.0006837998
0.00070105702
0.00071672481
0.00071921709
0.00070882297
0.00069305074
0.00067522296
0.00065961456
0.00064789642
0.00063245433
0.00061611705
0.00060122865
0.00058848484
0.0005759354
0.00055743305
0.00054286998
0.00052819567
0.00050994124
0.00049514097
0.00048016991
0.0004677825
0.00046131266
0.00044419483
0.00042093112
0.00040320431
0.00039241482
0.00037606422
0.00035188291
0.00033134604
0.00040785278
0.00038732676
0.00054663227
0.0006877366
0.00079518741
0.00088708932
0.00097968617
0.0010730946
0.0011506589
0.0012063629
0.0012474078
0.0012755854
0.0012893873
0.0012845135
0.0012604673
0.0012245202
0.0011934016
0.0011777033
0.0011610926
0.0011272087
0.0010888959
0.0010628652
0.001040329
0.0010027298
0.00095204187
0.00090467487
0.00086987775
0.00084918172
0.00084800798
0.00086774445
0.00089577478
0.00091524556
0.00091437408
0.00089422706
0.00086068519
0.00081715443
0.00077308561
0.00073756738
0.00071163049
0.0006901403
0.00066785614
0.00064388626
0.00061983172
0.00060025675
0.00058475597
0.00056710245
0.00054946164
0.00053466945
0.00051645255
0.00049315083
0.00047686617
0.00045739945
0.00043360944
0.00041441993
0.00040063838
0.00038354264
0.00036117241
0.00033734973
0.00031989301
0.001387099
0.0010634418
0.00072495049
0.00047705817
0.00050916859
0.00070370798
0.00085621632
0.0009503802
0.00098098812
0.0009966071
0.0010382538
0.0010934243
0.0011430966
0.0011818202
0.0012144052
0.0012425514
0.0012624056
0.0012720634
0.0012758345
0.0012816017
0.0012861999
0.001279629
0.001256361
0.0012163455
0.0011598322
0.0010917207
0.0010244902
0.00097472041
0.00095495486
0.00096111697
0.00097614865
0.00098976927
0.00099904421
0.00099924273
0.00098845453
0.00097059116
0.00095522398
0.00094096052
0.00091287479
0.00086499943
0.00080589332
0.00074909053
0.00070219058
0.00066602975
0.00063951692
0.00061503879
0.00059003827
0.00057495225
0.00056244969
0.00053686545
0.0005074555
0.00047821026
0.00045242206
0.00043112207
0.00041652027
0.00039734534
0.00037139686
0.00034786696
0.00033096922
0.0036885548
0.0029000493
0.0020653446
0.001236583
0.00066543087
0.00069826247
0.0010012791
0.0010862703
0.0009327827
0.00067851625
0.00055321752
0.00064595562
0.00086734138
0.0011246999
0.0013622649
0.0015559984
0.0016747236
0.0016807675
0.0016000533
0.0015280584
0.0015198175
0.001544147
0.0015526179
0.0015209248
0.0014621147
0.0014089413
0.0013665063
0.0013168656
0.0012502844
0.0011906072
0.001168092
0.0011725026
0.0011751541
0.0011709993
0.001157942
0.0011320787
0.001097753
0.0010655934
0.0010447187
0.0010297383
0.0010209256
0.0010113091
0.00096786173
0.00089443248
0.00081299043
0.00074637397
0.000695787
0.00065132556
0.00061495463
0.00059409625
0.0005850743
0.00056915876
0.00053806768
0.00049175943
0.00045855646
0.00044640377
0.00042480767
0.00039398973
0.00036712677
0.00034912132
0.00033445789
0.012481707
0.010440014
0.0090137359
0.0072642565
0.0056000986
0.0042732868
0.0031212979
0.0022019708
0.0014297886
0.00076666896
0.00072311776
0.0011832899
0.001564683
0.0018200421
0.0020080701
0.0021607967
0.002237648
0.0021375295
0.0018464036
0.001568583
0.0015746857
0.001812905
0.0020354904
0.0021378296
0.0021559505
0.0021471293
0.0021120109
0.0020305345
0.0019043312
0.0017474113
0.0015896362
0.00145111
0.0013509027
0.001306116
0.0012931457
0.0012966013
0.0012930301
0.0012776346
0.0012539904
0.0012231549
0.0011867788
0.0011575705
0.0011413116
0.0011247119
0.0010924713
0.0010286057
0.00094132256
0.00085721243
0.00078881183
0.0007252126
0.00066591948
0.00062398492
0.0006143767
0.00060061815
0.00056938828
0.0005228021
0.00049168739
0.00046861241
0.00043806925
0.00040577956
0.00038063268
0.00036053336
)
;

boundaryField
{
    Side
    {
        type            empty;
    }
    Inlet
    {
        type            zeroGradient;
    }
    Airfoil
    {
        type            zeroGradient;
    }
    Outlet
    {
        type            zeroGradient;
    }
    procBoundary11to15
    {
        type            processor;
        value           nonuniform List<scalar> 
88
(
0.00024657019
0.00026883931
0.00026716145
0.00026716145
0.00030389373
0.00030389373
0.00034557329
0.00040277427
0.00037999052
0.00034349311
0.00034349311
0.00041132329
0.00040175565
0.0004000786
0.00040897845
0.0003950246
0.00039717892
0.00039717892
0.00045734255
0.00045734255
0.00053795397
0.00053795397
0.00062489729
0.00062489729
0.00070913345
0.00070913345
0.00079833419
0.00080826144
0.00080826144
0.00088725527
0.00087085755
0.00086095214
0.00086095214
0.00095265904
0.00094813014
0.00094813014
0.0010565613
0.0010565613
0.0011645756
0.0011645756
0.0012493286
0.0012493286
0.0013673754
0.0013673754
0.0014289792
0.0014289792
0.0014819079
0.0014819079
0.0015408468
0.0015408468
0.0016417933
0.0016417933
0.001776595
0.001776595
0.0020248496
0.0020248496
0.0023146088
0.0023146088
0.0025959491
0.0025959491
0.0028027154
0.0028027154
0.003088644
0.003088644
0.0030839483
0.0031007117
0.0031007117
0.0030216356
0.0030216356
0.0028413647
0.0028237854
0.0028237854
0.0025731673
0.0025731673
0.0023230854
0.0023230854
0.002112583
0.002112583
0.0019090191
0.0019090191
0.0011111915
0.0011111915
0.00060417858
0.0017343375
0.0017343375
0.0044953211
0.0044953211
0.015179945
)
;
    }
    procBoundary11to19
    {
        type            processor;
        value           nonuniform List<scalar> 
82
(
0.0014533825
0.0013621439
0.0013621439
0.0012302052
0.0011516026
0.0011516026
0.00099345242
0.0009316966
0.00087295052
0.00081858678
0.00076990581
0.00076990581
0.0006538811
0.00061249005
0.00057375924
0.00053772311
0.00053772311
0.00049247341
0.00046262809
0.00046262809
0.00044515879
0.00041866117
0.00041866117
0.00039266119
0.00036878351
0.00036878351
0.00033803606
0.00031749885
0.00031749885
0.00028946864
0.00027194076
0.00027194076
0.00024785413
0.00023291336
0.00023291336
0.00021242056
0.00019967511
0.00018768868
0.00017642227
0.00016583322
0.0001558964
0.00014655864
0.00013778197
0.0001295467
0.00012181413
0.00011456014
0.00010775603
0.00010137715
9.5393706e-05
9.5393706e-05
8.7499028e-05
8.2393189e-05
7.7604307e-05
7.3119497e-05
6.8916108e-05
6.6626949e-05
6.6626949e-05
6.2840889e-05
5.929789e-05
5.5982516e-05
5.4206913e-05
5.4206913e-05
5.1235604e-05
4.9676732e-05
4.9676732e-05
4.7023372e-05
4.5679299e-05
4.5679299e-05
4.4431461e-05
4.4431461e-05
4.2182934e-05
4.1147181e-05
4.1147181e-05
3.9154973e-05
3.7297503e-05
3.5566326e-05
3.3952232e-05
3.2447367e-05
3.196694e-05
3.196694e-05
3.0638754e-05
2.9400868e-05
)
;
    }
    procBoundary11to22
    {
        type            processor;
        value           nonuniform List<scalar> 4(0.00035400399 0.00035400399 0.0011735303 0.0011735303);
    }
    procBoundary11to30
    {
        type            processor;
        value           nonuniform List<scalar> 
18
(
0.010376093
0.0011391169
0.00030378998
0.00013516079
0.00025888426
0.00031181547
0.00018965387
0.00018383294
0.00032580142
0.00033458099
0.19166856
0.19166856
0.035834927
0.049486538
0.027064583
0.027064583
0.043087204
0.0082558519
)
;
    }
    procBoundary11to43
    {
        type            processor;
        value           nonuniform List<scalar> 
85
(
0.00032889982
0.00033573168
0.00034228459
2.9150146e-05
3.009334e-05
0.00022056366
0.00032889982
0.00024128276
3.009334e-05
2.9956617e-05
3.0961169e-05
0.00038775059
0.00078558345
0.00022056366
0.00034365848
3.0961169e-05
3.0874839e-05
3.0927054e-05
3.2249826e-05
0.00010690463
0.00013546157
0.00015028727
0.00017078831
0.0001961786
0.00022258811
0.00025683491
0.00038775059
0.00031051378
9.0166598e-05
9.0182641e-05
9.0207987e-05
9.0254404e-05
9.0289279e-05
9.0388271e-05
9.0388271e-05
8.997521e-05
9.0028255e-05
9.0065886e-05
9.0117713e-05
9.0117713e-05
6.3872645e-05
6.3959774e-05
6.3959774e-05
5.284811e-05
5.2998684e-05
5.3160729e-05
5.3160729e-05
6.2909272e-05
4.3902983e-05
4.4011005e-05
4.4145327e-05
4.4301895e-05
4.4472643e-05
4.4649585e-05
4.4850567e-05
4.5053142e-05
4.5249457e-05
4.5463577e-05
4.5714899e-05
4.6005981e-05
4.6321813e-05
4.666745e-05
4.4765912e-05
4.1076618e-05
0.00017582311
0.00017582311
0.00023069105
0.00026388519
0.00026666271
0.00026666271
0.00026587977
0.00027991266
0.00028224339
0.00028293388
0.00029223953
0.00030062073
0.00030546602
0.00030880433
0.00031637057
0.00031637057
0.00030981093
0.00031930751
0.00031930751
0.0003186611
0.00034228459
)
;
    }
    procBoundary11to47
    {
        type            processor;
        value           nonuniform List<scalar> 
15
(
0.00023401506
0.00022230001
0.00020791353
0.00019224698
0.00017700436
0.00016121851
0.00014064792
4.9483004e-05
7.6208883e-05
8.3687552e-05
8.3687552e-05
4.8614855e-05
3.8567734e-05
3.2063858e-05
3.2063858e-05
)
;
    }
}


// ************************************************************************* //
