/*--------------------------------*- C++ -*----------------------------------*\
| =========                 |                                                 |
| \\      /  F ield         | OpenFOAM: The Open Source CFD Toolbox           |
|  \\    /   O peration     | Version:  2506                                  |
|   \\  /    A nd           | Website:  www.openfoam.com                      |
|    \\/     M anipulation  |                                                 |
\*---------------------------------------------------------------------------*/
FoamFile
{
    version     2.0;
    format      ascii;
    arch        "LSB;label=32;scalar=64";
    class       surfaceScalarField;
    location    "0.00026";
    object      phi;
}
// * * * * * * * * * * * * * * * * * * * * * * * * * * * * * * * * * * * * * //

dimensions      [1 0 -1 0 0 0 0];

oriented        oriented;

internalField   nonuniform List<scalar> 
6721
(
0.028947276
-0.0022377774
0.043779365
-0.0024583162
0.057643461
-0.0027132339
0.054803338
-0.0029751316
-0.079782454
-0.003159439
-0.2436717
-0.0024972481
-0.2756108
-0.0025123847
-0.0027219781
-0.0095414157
-0.0018203175
0.0097634879
-0.0020019391
0.029872089
-0.0022333138
0.044337138
-0.0024526829
0.057891645
-0.0027073765
0.052051708
-0.0029714457
-0.085883134
-0.0031461484
-0.24758244
-0.0024898177
-0.27756459
-0.0025130795
-0.280772
-0.0027228964
-0.2797724
-0.0029625252
-0.27391177
-0.0032431864
-0.27058509
-0.0035375101
-0.26841559
-0.0038543176
-0.26928752
-0.0041907562
-0.27252649
-0.0045296486
-0.27530518
-0.0048865717
-0.27689037
-0.0052982225
-0.27334341
-0.0057581895
-0.27102763
-0.0062581661
-0.27124641
-0.006778219
-0.2739994
-0.0073739102
-0.27421072
-0.0080488151
-0.0087162045
-0.054083217
-0.001252255
-0.045161748
-0.0013703011
-0.03379328
-0.001505613
-0.0228443
-0.0016550816
-0.011559632
-0.0018180574
0.0075738166
-0.0019988899
0.027128939
-0.0022255777
0.042049099
-0.0024447349
0.056916273
-0.0027025938
0.051983212
-0.0029723776
-0.087023509
-0.003148776
-0.25033623
-0.0024885029
-0.2796634
-0.0025153858
-0.28251417
-0.002725435
-0.28139212
-0.00296326
-0.27637669
-0.0032408567
-0.27299978
-0.0035354923
-0.27068681
-0.0038548857
-0.27153441
-0.0041914224
-0.27433743
-0.0045292679
-0.27721438
-0.0048866622
-0.27896594
-0.0052995634
-0.27547697
-0.0057568519
-0.2731009
-0.0062581749
-0.27330851
-0.0067792485
-0.27604411
-0.0073737387
-0.27632997
-0.0080478588
-0.27865453
-0.0087160653
-0.28153678
-0.0093795588
-0.2878391
-0.010147997
-0.010894576
-0.064196035
-0.0011472208
-0.057094719
-0.0012533224
-0.048077592
-0.0013707031
-0.035940132
-0.0015053859
-0.024003629
-0.0016562198
-0.012750222
-0.0018192543
0.0054025085
-0.0019986605
0.024544077
-0.0022271715
0.040198331
-0.0024468051
0.056787945
-0.0027058135
0.054084722
-0.0029770327
-0.085105138
-0.0031612611
-0.2514069
-0.002494249
-0.28169451
-0.0025169102
-0.28420842
-0.0027269239
-0.28286167
-0.0029628274
-0.27843956
-0.0032380958
-0.27530486
-0.0035331079
-0.27294697
-0.0038545591
-0.27378991
-0.0041910535
-0.27617207
-0.0045269063
-0.27907883
-0.0048849896
-0.28097128
-0.0052992127
-0.27753552
-0.0057546618
-0.27513088
-0.0062559312
-0.27533772
-0.0067777888
-0.27806984
-0.0073713659
-0.27840547
-0.008045074
-0.2807374
-0.0087136687
-0.28363465
-0.009377619
-0.28999237
-0.010144862
-0.071877468
-0.0010520619
-0.064707395
-0.0011500683
-0.057916068
-0.0012565551
-0.049642245
-0.0013740997
-0.03822859
-0.0015077818
-0.026163686
-0.0016577258
-0.014384105
-0.0018217625
0.0047025484
-0.0020034671
0.024683
-0.0022312152
0.040542958
-0.0024511987
0.057099191
-0.0027127473
0.054941278
-0.0029884614
-0.084634451
-0.0031559528
-0.25271061
-0.002485916
-0.28370182
-0.0025179831
-0.28615603
-0.0027280361
-0.28479687
-0.0029637308
-0.2804687
-0.0032385102
-0.27737498
-0.0035325561
-0.27500025
-0.0038538885
-0.27581225
-0.0041901809
-0.27816355
-0.0045274643
-0.28109969
-0.0048853445
-0.28299809
-0.0052987301
-0.27957133
-0.0057526322
-0.27715693
-0.006254596
-0.27736638
-0.0067764819
-0.28011834
-0.0073696679
-0.28048006
-0.0080432535
-0.28282829
-0.0087126545
-0.28574001
-0.0093775597
-0.010143495
-0.080940127
-0.00096584188
-0.074497121
-0.0010551567
-0.067767744
-0.0011525893
-0.060464213
-0.0012593695
-0.051313254
-0.0013781264
-0.039750429
-0.0015123339
-0.028085914
-0.0016614493
-0.015665837
-0.0018253035
0.0033573719
-0.002005841
0.02256773
-0.0022308868
0.038891448
-0.0024513319
0.05738606
-0.0027139868
0.051430955
-0.0029951277
-0.094019179
-0.0030950094
-0.2592485
-0.0024456036
-0.28591008
-0.0025190768
-0.2879503
-0.0027299201
-0.28630035
-0.0029640918
-0.2823911
-0.0032365187
-0.27956565
-0.0035300059
-0.27719816
-0.0038540557
-0.277861
-0.0041906236
-0.27999967
-0.0045275171
-0.28296246
-0.004884722
-0.28504293
-0.0052992113
-0.28163679
-0.0057506467
-0.27914017
-0.0062538201
-0.27933458
-0.0067763968
-0.28208165
-0.0073690092
-0.28247634
-0.0080428834
-0.28482255
-0.0087137529
-0.28775345
-0.009379814
-0.010144967
-0.08688268
-0.0008892014
-0.081618304
-0.00097015167
-0.075421426
-0.0010597173
-0.06862299
-0.0011576142
-0.061568686
-0.0012645983
-0.052793422
-0.0013838304
-0.041146638
-0.0015184748
-0.028811094
-0.0016695737
-0.016735572
-0.0018344212
0.002181075
-0.002013138
0.022012235
-0.0022385575
0.038678158
-0.0024574005
0.057799873
-0.0027206199
0.036704366
-0.0030041078
-0.11888648
-0.0030329484
-0.26997025
-0.0024100143
-0.28804722
-0.0025176752
-0.28974882
-0.0027290896
-0.28808747
-0.0029625765
-0.2844385
-0.0032346233
-0.28169782
-0.0035280684
-0.27921842
-0.0038529037
-0.27970389
-0.0041884364
-0.28172934
-0.0045238955
-0.28483184
-0.0048822148
-0.28708174
-0.0052970784
-0.2836757
-0.0057479004
-0.28108243
-0.0062510057
-0.2812667
-0.0067742662
-0.28401293
-0.0073662546
-0.2844358
-0.0080407239
-0.28677362
-0.0087132884
-0.28971951
-0.0093800737
-0.010145104
-0.090569204
-0.00081966783
-0.086119027
-0.00089377194
-0.08104116
-0.00097616821
-0.075417038
-0.0010671488
-0.069032729
-0.0011667807
-0.061294824
-0.0012754695
-0.051430802
-0.0013955858
-0.039063181
-0.0015316196
-0.025477662
-0.0016840565
-0.013320048
-0.0018486681
0.0043937707
-0.0020247012
0.023014193
-0.0022510278
0.039447252
-0.0024697136
0.058871729
-0.0027325162
0.032368998
-0.003014332
-0.12681542
-0.0029990185
-0.27391342
-0.0023955491
-0.29007147
-0.0025142463
-0.29170144
-0.0027246844
-0.28998215
-0.0029595611
-0.28625949
-0.0032339347
-0.2835278
-0.003527945
-0.28097701
-0.003851529
-0.28165021
-0.0041855902
-0.28366822
-0.004519277
-0.28679308
-0.0048786912
-0.28895525
-0.0052935163
-0.28548975
-0.0057458048
-0.28293711
-0.0062470128
-0.28313446
-0.0067694903
-0.28592251
-0.007361999
-0.28634892
-0.008036522
-0.28873148
-0.0087095652
-0.29169614
-0.0093766733
-0.010140509
-0.094910681
-0.00075131827
-0.090326207
-0.00081704451
-0.084555943
-0.00089118167
-0.077280275
-0.00097498338
-0.06884752
-0.0010675653
-0.060370065
-0.001168836
-0.052494786
-0.0012784395
-0.04329781
-0.0013982284
-0.031005276
-0.0015343966
-0.018713395
-0.0016851598
-0.0077837511
-0.0018502182
0.0094666055
-0.0020322903
0.028244398
-0.0022625086
0.043334516
-0.0024844214
0.059104555
-0.0027415349
0.022931326
-0.0030100105
-0.13851217
-0.0029975606
-0.27680982
-0.0024013303
-0.29153658
-0.002510517
-0.2940426
-0.0027207072
-0.29288885
-0.0029581395
-0.28804643
-0.0032372909
-0.28471327
-0.0035311603
-0.2824163
-0.0038490716
-0.28337678
-0.0041832882
-0.28595854
-0.0045174227
-0.28888918
-0.004877795
-0.2907317
-0.0052904865
-0.28721688
-0.0057452412
-0.28480884
-0.0062453449
-0.28503158
-0.0067665859
-0.28786519
-0.0073583319
-0.28827254
-0.0080326904
-0.29071782
-0.0087048306
-0.29368699
-0.0093705326
-0.010134474
-0.1004687
-0.00068962646
-0.096381735
-0.00074860368
-0.091194592
-0.00081378127
-0.085016347
-0.00088747237
-0.076950076
-0.00097124043
-0.067792668
-0.0010645888
-0.058613361
-0.0011664591
-0.050443693
-0.0012766182
-0.041539579
-0.0013960572
-0.03096443
-0.0015306827
-0.02088801
-0.0016776246
-0.009882943
-0.0018414281
0.0095895537
-0.0020270349
0.030083319
-0.0022628831
0.045369506
-0.0024859278
0.06047616
-0.0027424224
0.03063815
-0.003005791
-0.12932255
-0.003014558
-0.27574349
-0.0024072717
-0.29326441
-0.0025099789
-0.296088
-0.0027202362
-0.29504076
-0.0029585946
-0.28973015
-0.0032390029
-0.28617675
-0.0035328563
-0.28400235
-0.0038486892
-0.28486781
-0.0041831873
-0.28799298
-0.0045193568
-0.29085859
-0.0048796747
-0.29266291
-0.0052919974
-0.28904308
-0.0057484523
-0.28658697
-0.0062470855
-0.28682103
-0.0067668404
-0.28975092
-0.0073589984
-0.29013866
-0.0080336157
-0.29264043
-0.0087040987
-0.29561142
-0.0093655899
-0.01013136
-0.10520215
-0.00063103933
-0.10174325
-0.00068458803
-0.097356573
-0.00074174056
-0.091882936
-0.00080612174
-0.085337564
-0.00087970511
-0.076709998
-0.00096379166
-0.066598562
-0.0010570315
-0.056593822
-0.0011583959
-0.048206472
-0.0012687109
-0.039993376
-0.0013895166
-0.030953222
-0.0015233904
-0.022154892
-0.0016657208
-0.010992972
-0.0018267011
0.0097479159
-0.0020125711
0.031479336
-0.0022495596
0.046965505
-0.0024731209
0.061402868
-0.0027277884
0.028985294
-0.0029878211
-0.13309416
-0.0029835738
-0.27768687
-0.0024026777
-0.29497678
-0.0025102125
-0.29793402
-0.0027204856
-0.29699392
-0.0029595159
-0.29141316
-0.0032406505
-0.28780126
-0.0035349397
-0.28574288
-0.0038503215
-0.28665034
-0.0041852035
-0.28983969
-0.0045214115
-0.29264475
-0.0048819504
-0.29444499
-0.005294811
-0.29084409
-0.005752146
-0.2884197
-0.0062507032
-0.28865434
-0.0067712855
-0.29158003
-0.0073633593
-0.29201305
-0.0080372113
-0.29451883
-0.0087077123
-0.29749387
-0.0093674061
-0.010132836
-0.10851654
-0.0005770296
-0.10528181
-0.00062739317
-0.10172096
-0.0006810381
-0.097154497
-0.00073952126
-0.09178947
-0.00080444015
-0.085591776
-0.00087751342
-0.077156213
-0.00096002545
-0.06680187
-0.0010513131
-0.056238656
-0.0011517308
-0.046474506
-0.0012613576
-0.036901898
-0.0013819398
-0.028745645
-0.0015168909
-0.021659966
-0.0016610279
-0.010793975
-0.0018218971
0.01012177
-0.0020043262
0.031649749
-0.0022347315
0.046975863
-0.0024542799
0.061612113
-0.0027077239
0.02491551
-0.0029712262
-0.1405609
-0.0029721219
-0.28016142
-0.0024017002
-0.29654173
-0.0025109684
-0.29963283
-0.0027216188
-0.29891324
-0.0029616702
-0.29286023
-0.0032436347
-0.28911148
-0.0035368444
-0.28730195
-0.0038509292
-0.28824511
-0.0041859949
-0.29161212
-0.0045267553
-0.29438799
-0.0048854129
-0.29614998
-0.00529682
-0.29254975
-0.0057551601
-0.29012745
-0.0062546415
-0.29036766
-0.0067750253
-0.29333503
-0.0073672728
-0.29378249
-0.0080418772
-0.29632439
-0.0087120286
-0.29931314
-0.0093702202
-0.10847969
-0.00052792643
-0.10671498
-0.00057455276
-0.1045687
-0.00062471719
-0.10163652
-0.00067845953
-0.097686544
-0.0007368386
-0.092648468
-0.0008016201
-0.08653209
-0.00087408635
-0.079083898
-0.00095524985
-0.070590758
-0.0010450493
-0.061863089
-0.0011434231
-0.053209311
-0.0012509158
-0.042996703
-0.0013701111
-0.030342831
-0.0015058495
-0.018413423
-0.0016551618
-0.0073029428
-0.0018176911
0.010445704
-0.0019965854
0.02940053
-0.0022226227
0.044570871
-0.0024404033
0.060428053
-0.0026941564
0.029388838
-0.0029620943
-0.13379506
-0.0028867657
-0.28116159
-0.0023863633
-0.29837949
-0.0025137584
-0.30113063
-0.0027246601
-0.30015702
-0.0029629086
-0.29496341
-0.0032428541
-0.2913005
-0.0035363268
-0.28904309
-0.0038533836
-0.28981674
-0.0041887259
-0.29298667
-0.0045293013
-0.29596782
-0.0048874651
-0.29795326
-0.0053000654
-0.29434491
-0.005756951
-0.29179459
-0.0062575343
-0.29203649
-0.0067785949
-0.29503934
-0.0073700938
-0.29553703
-0.0080441904
-0.29807871
-0.0087152866
-0.0093730939
-0.11023901
-0.00048476919
-0.1090293
-0.00052659562
-0.10724861
-0.00057299226
-0.10495795
-0.00062317489
-0.10196893
-0.00067695861
-0.098088796
-0.00073559672
-0.093275161
-0.00080000452
-0.087524019
-0.0008720174
-0.080407532
-0.00095267766
-0.072096999
-0.0010415383
-0.063454501
-0.0011396273
-0.054788312
-0.001246975
-0.044771626
-0.0013657293
-0.032977071
-0.0014991018
-0.021546663
-0.0016433549
-0.0097711275
-0.0018039422
0.0092599266
-0.0019863732
0.029037209
-0.0022156487
0.044382923
-0.0024334441
0.061165159
-0.002686854
-0.0002788611
-0.0029538516
-0.17362716
-0.0027274979
-0.29036238
-0.0023559982
-0.30016448
-0.0025141897
-0.30263911
-0.002725516
-0.30157858
-0.0029632918
-0.29663814
-0.0032425005
-0.2930605
-0.0035363381
-0.2906704
-0.0038546313
-0.2914334
-0.0041894465
-0.29439818
-0.0045289963
-0.29753711
-0.0048889226
-0.29964003
-0.0053027376
-0.29603171
-0.0057589604
-0.29342565
-0.0062588749
-0.29367528
-0.0067800885
-0.29670843
-0.0073708821
-0.29723127
-0.0080451268
-0.29978769
-0.0087167691
-0.0093739429
-0.1106122
-0.00041167488
-0.1104861
-0.00044678558
-0.11021203
-0.00048571949
-0.10933498
-0.00052881068
-0.10740938
-0.00057648891
-0.10435843
-0.00062708494
-0.10119067
-0.00068062338
-0.097183228
-0.0007375689
-0.092470809
-0.00080117001
-0.087115633
-0.00087332322
-0.079965045
-0.00095470926
-0.070943095
-0.0010449903
-0.061571925
-0.0011432527
-0.052455941
-0.0012510653
-0.043011892
-0.0013712178
-0.034093854
-0.0015055989
-0.025862572
-0.001650128
-0.013649933
-0.0018124319
0.008008003
-0.0019942542
0.029226752
-0.0022177775
0.045097099
-0.0024347102
0.061644735
-0.002688156
-0.019698664
-0.0029508844
-0.19810183
-0.0026257516
-0.29441383
-0.0023453982
-0.30168323
-0.0025141592
-0.3040722
-0.0027255397
-0.30303433
-0.0029632176
-0.29824383
-0.0032423349
-0.29479767
-0.0035361656
-0.29242804
-0.0038542486
-0.29337822
-0.004188443
-0.29602201
-0.0045261646
-0.2991753
-0.0048886086
-0.3011985
-0.0053029314
-0.29764966
-0.0057572152
-0.29513115
-0.0062583136
-0.29538706
-0.0067795308
-0.29839536
-0.0073691221
-0.29894227
-0.0080429643
-0.30152512
-0.0087153377
-0.0093730019
-0.11199958
-0.00035198202
-0.11127738
-0.00038162176
-0.11039628
-0.00041395695
-0.10943546
-0.00044940139
-0.10805819
-0.00048822025
-0.10631623
-0.00053055129
-0.10423137
-0.00057697248
-0.10168686
-0.00062716
-0.098371813
-0.00068139431
-0.094742803
-0.00073999762
-0.090611149
-0.00080477289
-0.085737562
-0.00087747643
-0.0791403
-0.00095903001
-0.071354197
-0.0010495141
-0.062727552
-0.0011486972
-0.053440569
-0.0012573025
-0.041700863
-0.0013773925
-0.027831028
-0.0015134473
-0.014460068
-0.0016612381
-0.0030093974
-0.0018242476
0.012242327
-0.0020024395
0.028813913
-0.0022233924
0.043331964
-0.0024405323
0.058930299
-0.0026916695
-0.035601199
-0.0029489094
-0.21512432
-0.0025838976
-0.29717772
-0.0023422793
-0.30326326
-0.0025140679
-0.30559918
-0.0027253477
-0.30454543
-0.002962842
-0.29981488
-0.0032417687
-0.29644041
-0.0035356106
-0.29414749
-0.0038530541
-0.29498478
-0.0041869467
-0.2978032
-0.0045253849
-0.30081159
-0.0048884805
-0.30281532
-0.0053031699
-0.29930701
-0.0057562544
-0.2968021
-0.0062563015
-0.29706328
-0.0067772898
-0.30009274
-0.0073669706
-0.30064826
-0.0080401091
-0.30324001
-0.0087126172
-0.0093710234
-0.098579873
-0.00020814165
-0.11218976
-0.00027655874
-0.11339249
-0.00030183195
-0.11308688
-0.00032643045
-0.11245465
-0.00035295042
-0.1119686
-0.0003822506
-0.11141342
-0.0004141706
-0.11086536
-0.00044951561
-0.10997691
-0.00048838625
-0.10872954
-0.00053089913
-0.10713391
-0.00057745519
-0.10485026
-0.00062771432
-0.10136503
-0.00068185197
-0.097061617
-0.00074050332
-0.0917414
-0.00080525546
-0.085292587
-0.00087805842
-0.077034396
-0.00095995475
-0.067145834
-0.0010511816
-0.057244724
-0.0011513153
-0.048134854
-0.0012605388
-0.038561392
-0.001380305
-0.027861922
-0.0015149082
-0.017904034
-0.0016606052
-0.0070622195
-0.0018218256
0.011606851
-0.0020029986
0.031756677
-0.0022326105
0.046827722
-0.0024529832
0.059931446
-0.002703004
-0.038337535
-0.0029565929
-0.21900288
-0.0025994982
-0.29839652
-0.0023430496
-0.30463236
-0.0025129172
-0.30724788
-0.0027243969
-0.30657164
-0.0029635141
-0.30138863
-0.0032443631
-0.29771248
-0.0035373215
-0.29578863
-0.0038523522
-0.29659064
-0.0041865336
-0.29961079
-0.0045281738
-0.30233363
-0.0048882705
-0.3043761
-0.0053014173
-0.30102314
-0.0057561539
-0.29855067
-0.0062552227
-0.2987854
-0.006776537
-0.30173285
-0.0073644588
-0.302353
-0.0080372121
-0.30493396
-0.0087113318
-0.009370528
-0.099988212
-0.00020885223
-0.11387926
-0.0002772687
-0.11504927
-0.00030247564
-0.11477875
-0.00032685487
-0.11409262
-0.00035332613
-0.11355963
-0.00038244803
-0.11296178
-0.00041420026
-0.11247823
-0.00044946859
-0.11169583
-0.00048846443
-0.11040154
-0.0005311864
-0.10820081
-0.00057814415
-0.10552744
-0.00062853171
-0.10210057
-0.00068217587
-0.097704483
-0.00074038878
-0.092467249
-0.00080511422
-0.086516467
-0.00087815638
-0.078736309
-0.00096031726
-0.06917593
-0.0010516291
-0.059313721
-0.0011519792
-0.049748514
-0.0012616907
-0.039583796
-0.0013825436
-0.029208221
-0.0015167655
-0.019871109
-0.0016595873
-0.0086967932
-0.0018202245
0.010924933
-0.0020026844
0.031456912
-0.0022333035
0.046643222
-0.0024542515
0.061218622
-0.0027061246
-0.032126555
-0.0029595236
-0.21472154
-0.0025901895
-0.29962275
-0.0023430668
-0.30616758
-0.0025126405
-0.30875546
-0.0027233862
-0.30818023
-0.0029622874
-0.30311246
-0.0032442575
-0.29923765
-0.0035388949
-0.29715758
-0.0038537539
-0.29795119
-0.0041863347
-0.30089996
-0.00452648
-0.30394361
-0.004888963
-0.30604066
-0.0053011565
-0.302657
-0.0057534368
-0.30010818
-0.0062544409
-0.30034476
-0.0067748764
-0.30334908
-0.0073634048
-0.30396397
-0.0080359012
-0.30658842
-0.0087095591
-0.0093681595
-0.10053495
-0.00020908359
-0.11438749
-0.00027769989
-0.11551814
-0.00030293519
-0.11516868
-0.00032727165
-0.11479957
-0.00035361257
-0.11416171
-0.00038241726
-0.1138009
-0.00041414053
-0.11353931
-0.00044934695
-0.11294869
-0.00048851328
-0.11181252
-0.00053148554
-0.10969008
-0.00057869884
-0.1067545
-0.00062938901
-0.10309186
-0.00068319828
-0.098411264
-0.00074153697
-0.092851587
-0.00080626732
-0.086738398
-0.00087938504
-0.078853557
-0.00096178837
-0.068883995
-0.0010533042
-0.05854244
-0.0011538294
-0.048590553
-0.0012639211
-0.038600761
-0.0013853951
-0.02945425
-0.0015195962
-0.021333139
-0.0016615842
-0.010011173
-0.0018217236
0.010588384
-0.0020048492
0.031864745
-0.0022352495
0.047408633
-0.0024566312
0.060583277
-0.0027076184
-0.043686918
-0.0029531746
-0.22750052
-0.0025391508
-0.30193102
-0.0023390154
-0.30770363
-0.0025118959
-0.31033715
-0.0027223582
-0.30986272
-0.0029614558
-0.30471536
-0.0032431391
-0.30070658
-0.0035381636
-0.29860987
-0.0038525351
-0.29936466
-0.0041848622
-0.30229272
-0.004525051
-0.30544915
-0.00488834
-0.30766794
-0.0053013319
-0.30425912
-0.0057529009
-0.3016465
-0.0062534338
-0.30188605
-0.0067740333
-0.30491932
-0.00736329
-0.30557033
-0.0080352935
-0.30820959
-0.0087084001
-0.0093661494
-0.10061555
-0.00020875606
-0.11463755
-0.00027747293
-0.1158294
-0.00030267497
-0.11556969
-0.00032708135
-0.11499677
-0.00035337753
-0.11447436
-0.00038236646
-0.11393168
-0.00041397632
-0.113536
-0.00044913017
-0.11279783
-0.00048813257
-0.11140996
-0.00053123586
-0.10897281
-0.00057844223
-0.10596193
-0.00062902011
-0.10220482
-0.00068263768
-0.097426897
-0.00074092411
-0.091976693
-0.00080546399
-0.085814158
-0.00087829961
-0.077651241
-0.00096068387
-0.06759045
-0.0010519525
-0.056976019
-0.0011522457
-0.046610927
-0.001262598
-0.035868249
-0.0013847733
-0.026378697
-0.0015198118
-0.01822242
-0.0016624677
-0.0072094889
-0.0018228454
0.012339978
-0.0020064453
0.032765106
-0.0022353596
0.047734532
-0.0024565115
0.058896172
-0.0027063849
-0.053418767
-0.0029467545
-0.23709647
-0.0025209207
-0.30367442
-0.00233794
-0.30895025
-0.0025111611
-0.31167672
-0.0027215701
-0.31146272
-0.0029612623
-0.30622874
-0.0032436914
-0.30202538
-0.0035382858
-0.30017259
-0.0038512923
-0.3009411
-0.0041832692
-0.30391381
-0.0045244022
-0.30693805
-0.0048880195
-0.30905901
-0.0053003899
-0.30576207
-0.0057540566
-0.30325521
-0.0062542542
-0.30348389
-0.0067755342
-0.30645904
-0.0073632577
-0.30717581
-0.0080358875
-0.30982948
-0.0087096421
-0.0093669657
-0.10106657
-0.00020757891
-0.11529769
-0.00027630389
-0.11644483
-0.00030149778
-0.1161415
-0.00032587697
-0.1155179
-0.00035228291
-0.11496454
-0.00038137491
-0.11441104
-0.0004130918
-0.11406124
-0.0004482206
-0.11345007
-0.00048703977
-0.11215025
-0.00052948163
-0.10971868
-0.00057622193
-0.10638079
-0.00062648866
-0.10260406
-0.00068016874
-0.097894289
-0.00073867078
-0.092509463
-0.00080323013
-0.086309958
-0.00087582202
-0.077990196
-0.00095752838
-0.06784771
-0.0010482128
-0.057150034
-0.0011480135
-0.04662463
-0.0012577493
-0.035706557
-0.001379223
-0.026129952
-0.001514235
-0.018005391
-0.0016577164
-0.0070067889
-0.0018179419
0.012546125
-0.0019984241
0.032890191
-0.0022249966
0.047922035
-0.0024448212
0.059652376
-0.0026944739
-0.05139814
-0.0029370786
-0.23628215
-0.0025197645
-0.30505528
-0.0023379427
-0.31038121
-0.0025109286
-0.31310471
-0.0027213213
-0.31292315
-0.0029609847
-0.30769277
-0.0032438819
-0.30341705
-0.0035378582
-0.30158639
-0.0038500867
-0.30241657
-0.0041813536
-0.30546996
-0.0045240469
-0.30847287
-0.0048876534
-0.31052899
-0.0052995644
-0.30720447
-0.0057536312
-0.30472481
-0.0062535732
-0.30496835
-0.0067749698
-0.30796337
-0.0073630969
-0.30870558
-0.0080346205
-0.31138744
-0.0087093987
-0.0093669926
-0.10025498
-0.00020675867
-0.11435229
-0.00027575753
-0.11560098
-0.0003010352
-0.1152859
-0.00032567986
-0.11467671
-0.00035240313
-0.11408281
-0.00038156137
-0.11350984
-0.00041331048
-0.11297904
-0.00044844342
-0.11213076
-0.00048729283
-0.1107983
-0.00053002343
-0.10862081
-0.00057685528
-0.10597466
-0.00062722177
-0.10243628
-0.00068075468
-0.097858803
-0.00073876606
-0.092464679
-0.00080300239
-0.086200845
-0.0008750644
-0.078358726
-0.00095602809
-0.069044937
-0.0010457249
-0.059063937
-0.0011443797
-0.049017883
-0.0012531031
-0.038149249
-0.0013741158
-0.027109605
-0.0015101577
-0.017220238
-0.0016563147
-0.0060895165
-0.001818937
0.012500448
-0.0019991911
0.03228815
-0.0022229791
0.04727992
-0.0024406379
0.059234041
-0.0026903043
-0.053010577
-0.0029323548
-0.23864201
-0.0025021545
-0.30665172
-0.0023375396
-0.31184167
-0.0025122818
-0.31437693
-0.0027225682
-0.31408285
-0.0029616246
-0.30919235
-0.0032436396
-0.30510139
-0.0035376014
-0.30317321
-0.0038505661
-0.30394032
-0.004181491
-0.30683759
-0.0045243479
-0.30988628
-0.0048878944
-0.31200975
-0.0053003123
-0.30870375
-0.0057541665
-0.30620557
-0.0062534567
-0.30645226
-0.0067750935
-0.30944877
-0.0073619093
-0.31022142
-0.008033495
-0.31292614
-0.0087083635
-0.0093646914
-0.10000767
-0.00020707484
-0.11446158
-0.00027638168
-0.11570024
-0.00030167412
-0.11531046
-0.00032622635
-0.11458149
-0.00035272797
-0.11388861
-0.00038217438
-0.11310147
-0.00041416279
-0.11238422
-0.00044945911
-0.11134408
-0.00048848156
-0.1097698
-0.00053110902
-0.10730568
-0.00057803111
-0.10407632
-0.00062872071
-0.10071163
-0.00068250649
-0.096630947
-0.00074105751
-0.092057419
-0.00080564482
-0.086777975
-0.00087789866
-0.080030448
-0.00095898792
-0.071647988
-0.0010486335
-0.062205424
-0.0011472683
-0.052031438
-0.0012564295
-0.039925907
-0.0013780997
-0.02699655
-0.0015139854
-0.015048007
-0.0016581296
-0.0032653171
-0.0018200007
0.013737751
-0.0020017238
0.031511228
-0.0022249855
0.045842836
-0.00244233
0.057751736
-0.0026928969
-0.058240203
-0.0029225512
-0.24397168
-0.0024581227
-0.30825888
-0.0023355979
-0.31323025
-0.0025137615
-0.31564006
-0.0027243007
-0.31522866
-0.002962521
-0.31057765
-0.0032429202
-0.30676631
-0.0035386167
-0.30457851
-0.0038531658
-0.30532345
-0.0041838262
-0.30810895
-0.0045241405
-0.31125324
-0.0048899505
-0.31336767
-0.0053030287
-0.31007673
-0.0057546538
-0.30760637
-0.0062554702
-0.30786855
-0.0067771752
-0.3108715
-0.0073632541
-0.31166735
-0.0080343234
-0.31438844
-0.00870942
-0.0093659589
-0.10034606
-0.00020892706
-0.1147067
-0.0002783273
-0.1158779
-0.00030349867
-0.11557111
-0.00032780178
-0.11492071
-0.00035382499
-0.11434849
-0.00038275435
-0.11379309
-0.00041430611
-0.11344244
-0.00044972515
-0.11279472
-0.00048906657
-0.11146652
-0.000531993
-0.10909443
-0.00057930571
-0.10574096
-0.00062993412
-0.10201866
-0.0006837539
-0.097418568
-0.00074257745
-0.092238811
-0.00080768905
-0.086385842
-0.00088090437
-0.078575661
-0.00096319024
-0.068807288
-0.0010547499
-0.058412464
-0.0011559053
-0.047910524
-0.0012674027
-0.037059391
-0.0013913661
-0.027390319
-0.0015264162
-0.019087587
-0.0016672022
-0.0075856432
-0.0018229295
0.012147246
-0.0020056339
0.032339953
-0.002231968
0.047918597
-0.0024527409
0.055343151
-0.0027034198
-0.075154004
-0.002900502
-0.25894626
-0.0023938603
-0.31017616
-0.0023316978
-0.31449629
-0.0025121857
-0.31701224
-0.0027222141
-0.31672761
-0.0029614687
-0.31184464
-0.0032442943
-0.30769928
-0.0035402493
-0.30578166
-0.0038530099
-0.30657849
-0.0041836452
-0.3094719
-0.0045243935
-0.31252798
-0.0048907621
-0.31465016
-0.0053039461
-0.31143324
-0.0057552259
-0.30894031
-0.0062559457
-0.30919628
-0.0067770706
-0.31222256
-0.0073641295
-0.31302663
-0.0080353943
-0.31575962
-0.0087118176
-0.009368275
-0.10317457
-0.00021162875
-0.11696302
-0.00028111695
-0.11816909
-0.00030617596
-0.11783865
-0.00033011782
-0.11724973
-0.0003558996
-0.11675046
-0.00038431065
-0.11626639
-0.00041547144
-0.11593009
-0.00045099987
-0.11499763
-0.00049076511
-0.11346269
-0.00053456452
-0.11131625
-0.00058257558
-0.10844393
-0.00063357404
-0.10386797
-0.00068786719
-0.098327171
-0.00074699453
-0.092108666
-0.00081197015
-0.085729578
-0.00088519765
-0.077476193
-0.00096774352
-0.066248722
-0.0010597097
-0.053619323
-0.0011617575
-0.040797132
-0.0012754925
-0.028235302
-0.0014032552
-0.019168936
-0.0015415853
-0.013937704
-0.0016838052
-0.0042004329
-0.0018383036
0.015659144
-0.0020254196
0.035680294
-0.002250572
0.051151897
-0.002472236
0.049360202
-0.0027199896
-0.095587858
-0.0028853941
-0.27324963
-0.0023560841
-0.3121959
-0.0023301694
-0.31577868
-0.0025104306
-0.31865506
-0.0027205043
-0.31878647
-0.0029610881
-0.31318353
-0.0032456884
-0.30861847
-0.0035406591
-0.30697648
-0.0038500786
-0.30794612
-0.0041810171
-0.31117634
-0.0045235856
-0.31391534
-0.0048896275
-0.3159717
-0.0053016593
-0.31289
-0.005755504
-0.31040013
-0.0062540241
-0.31062114
-0.0067748098
-0.31359903
-0.0073623401
-0.31442255
-0.0080343509
-0.31714197
-0.0087111684
-0.009369291
-0.10222346
-0.00021330798
-0.11634746
-0.00028358524
-0.11756242
-0.00030866205
-0.11719407
-0.00033223705
-0.1165684
-0.00035724055
-0.11603045
-0.00038455835
-0.11554897
-0.0004148979
-0.11538863
-0.0004497093
-0.11478106
-0.00049007119
-0.11337729
-0.00053588039
-0.11042771
-0.00058539317
-0.1059819
-0.00063729889
-0.10052765
-0.00069104852
-0.094848825
-0.00074798467
-0.089237547
-0.00081145177
-0.083613431
-0.00088406876
-0.076054373
-0.00096670732
-0.065747551
-0.0010583988
-0.053168973
-0.0011597372
-0.038401117
-0.0012740441
-0.022358223
-0.0014071846
-0.010963471
-0.00155265
-0.0054118387
-0.0016988797
0.0022825737
-0.0018553976
0.019233535
-0.0020388002
0.03734002
-0.0022590124
0.051218629
-0.0024804724
0.046330682
-0.0027287986
-0.10131638
-0.0029085674
-0.27678469
-0.0023891025
-0.31338879
-0.0023320267
-0.31669631
-0.0025098054
-0.31963786
-0.0027196043
-0.32005921
-0.002960967
-0.31450267
-0.0032462581
-0.31007467
-0.0035408525
-0.30853233
-0.0038496634
-0.30949601
-0.0041807409
-0.31266238
-0.0045239859
-0.31524321
-0.004888282
-0.31718686
-0.0052989838
-0.31426112
-0.0057545526
-0.311853
-0.0062531894
-0.31206011
-0.006775093
-0.31492129
-0.0073599137
-0.31582209
-0.0080328313
-0.31856244
-0.0087129485
-0.10648015
-0.00021419109
-0.12078811
-0.00028394281
-0.12167006
-0.00030884101
-0.12094755
-0.00033210786
-0.11998269
-0.00035702576
-0.11912874
-0.00038416324
-0.11840462
-0.00041451699
-0.11827092
-0.00044958869
-0.11779609
-0.00048993958
-0.1160873
-0.0005354971
-0.11244243
-0.00058529705
-0.10713895
-0.00063745288
-0.10157107
-0.00069091143
-0.095635964
-0.00074781048
-0.090140149
-0.00081118312
-0.085307141
-0.00088380888
-0.079011298
-0.00096627671
-0.069638355
-0.0010575545
-0.057166419
-0.0011585086
-0.041581248
-0.0012727826
-0.022964246
-0.0014065472
-0.0085561544
-0.0015532509
-0.0006616305
-0.001700459
0.0080711894
-0.0018572236
0.02376911
-0.0020409278
0.039600066
-0.0022606818
0.052296468
-0.0024817375
0.056459853
-0.0027291067
-0.077547421
-0.0029460011
-0.26295747
-0.002465166
-0.31434766
-0.0023348065
-0.31806784
-0.00250862
-0.32113582
-0.0027179583
-0.32171804
-0.0029595094
-0.31610585
-0.0032467321
-0.31131877
-0.0035421563
-0.3096049
-0.0038500247
-0.31058507
-0.0041785898
-0.31385932
-0.0045214658
-0.31677476
-0.0048883148
-0.31866923
-0.0052981571
-0.31557289
-0.0057520857
-0.31309177
-0.0062522209
-0.3133161
-0.0067725482
-0.31630549
-0.0073595922
-0.31714385
-0.0080321588
-0.0087098105
-0.10491731
-0.00021435642
-0.11913921
-0.00028448278
-0.12015417
-0.00030930428
-0.11955413
-0.00033239038
-0.11874553
-0.00035726199
-0.11796124
-0.00038437887
-0.11741911
-0.00041463589
-0.1173512
-0.0004495713
-0.11680851
-0.00049010246
-0.11525335
-0.00053579195
-0.11193446
-0.00058577386
-0.10690856
-0.00063800055
-0.10136232
-0.00069190592
-0.095363563
-0.00074927073
-0.08961223
-0.00081297553
-0.08445598
-0.00088550169
-0.077874959
-0.00096762574
-0.068278238
-0.0010582804
-0.055658494
-0.0011589952
-0.039961383
-0.0012735643
-0.021739603
-0.0014085911
-0.0081358493
-0.0015568467
-0.0010951806
-0.0017052218
0.0070106748
-0.0018622313
0.022880995
-0.0020454916
0.039323918
-0.0022636134
0.05219855
-0.0024843145
0.059616079
-0.002729941
-0.063102945
-0.002969185
-0.25188005
-0.0026532272
-0.31502823
-0.0023553735
-0.31930268
-0.0025093636
-0.32232493
-0.0027177749
-0.32294943
-0.0029585545
-0.31759213
-0.0032443495
-0.31279455
-0.0035409689
-0.31106243
-0.0038481343
-0.3119725
-0.0041763741
-0.31518793
-0.0045191792
-0.31820814
-0.0048878479
-0.3201309
-0.0052984458
-0.31697196
-0.0057509346
-0.31444602
-0.0062514196
-0.31466985
-0.0067718189
-0.31767529
-0.0073589227
-0.31852212
-0.0080297218
-0.0087072112
-0.10639414
-0.00021289253
-0.12097096
-0.0002834304
-0.12194713
-0.00030854215
-0.12127139
-0.00033208097
-0.12035112
-0.00035714093
-0.11953675
-0.00038452347
-0.1188411
-0.00041492634
-0.11869983
-0.00044971979
-0.11808792
-0.00049007672
-0.11636559
-0.00053553333
-0.11275034
-0.00058465014
-0.10729624
-0.00063620466
-0.10141861
-0.00069013096
-0.095171343
-0.0007485182
-0.089596952
-0.00081327526
-0.084918242
-0.00088607695
-0.079016564
-0.00096785915
-0.070090879
-0.001058211
-0.057620381
-0.001158813
-0.041163545
-0.0012731347
-0.020841889
-0.0014055932
-0.004895709
-0.0015490996
0.0036794817
-0.0016952404
0.012252466
-0.0018544439
0.026592069
-0.0020411514
0.041017406
-0.0022598676
0.052484801
-0.0024806527
0.063734605
-0.002728682
-0.0050269969
-0.002983183
-0.19207564
-0.0029560628
-0.31070089
-0.0024152774
-0.32021211
-0.0025101398
-0.32353757
-0.002718202
-0.32442227
-0.0029598559
-0.31885805
-0.003245705
-0.31412899
-0.0035408033
-0.31251862
-0.0038475645
-0.3134499
-0.0041771369
-0.31665328
-0.0045234361
-0.31944228
-0.0048885777
-0.32136659
-0.005297709
-0.31832973
-0.0057534568
-0.31580143
-0.0062543829
-0.31599906
-0.0067761832
-0.3189102
-0.0073610536
-0.31987818
-0.0080306737
-0.0087103003
-0.10405172
-0.00021085722
-0.11850057
-0.0002811053
-0.11973946
-0.0003064612
-0.11937323
-0.0003305957
-0.11873189
-0.00035649353
-0.11825358
-0.00038491535
-0.11781467
-0.00041611134
-0.11771434
-0.00045126379
-0.11728462
-0.00049099966
-0.11598071
-0.00053518945
-0.11323053
-0.00058325489
-0.10906289
-0.00063420468
-0.10436023
-0.00068838573
-0.098852605
-0.00074692095
-0.092867583
-0.00081197739
-0.086804829
-0.00088536074
-0.07915807
-0.00096769187
-0.068925573
-0.0010591699
-0.057107693
-0.0011605206
-0.044344734
-0.0012730919
-0.031522738
-0.0013993055
-0.02257693
-0.0015348626
-0.016372033
-0.0016755391
-0.0047850345
-0.0018332339
0.015377551
-0.0020228373
0.034774172
-0.0022481986
0.050029194
-0.0024711207
0.063896163
-0.0027209516
0.045734641
-0.0029749725
-0.12092741
-0.003142959
-0.29477811
-0.0025174553
-0.32150375
-0.0025151944
-0.32495814
-0.0027205486
-0.32540879
-0.0029601127
-0.32024426
-0.0032433307
-0.31549164
-0.0035401821
-0.31368172
-0.0038500492
-0.31444752
-0.0041798816
-0.3175506
-0.0045241628
-0.32070507
-0.0048899128
-0.32283387
-0.0053004687
-0.31958777
-0.0057543624
-0.31690197
-0.0062568172
-0.3171196
-0.0067785168
-0.32013944
-0.0073648263
-0.32109789
-0.0080349278
-0.0087129301
-0.10367414
-0.00021096603
-0.11813432
-0.00028123144
-0.11949458
-0.00030654076
-0.11925918
-0.00033057087
-0.11868092
-0.00035643009
-0.11827934
-0.00038471773
-0.1177718
-0.00041585202
-0.11740128
-0.00045123148
-0.11653687
-0.00049108012
-0.11505328
-0.00053522715
-0.11270391
-0.00058326812
-0.10940421
-0.00063423025
-0.10466214
-0.00068867289
-0.099318686
-0.00074773943
-0.093500553
-0.00081285379
-0.087416131
-0.00088591392
-0.079719484
-0.00096799957
-0.069240315
-0.0010593241
-0.057055916
-0.0011609284
-0.044563677
-0.0012748762
-0.03262359
-0.0014032542
-0.024102286
-0.0015402945
-0.017807603
-0.0016817363
-0.0060319965
-0.0018370942
0.014412579
-0.0020231127
0.034271041
-0.0022457823
0.049977784
-0.0024677938
0.064062441
-0.0027174311
0.063669051
-0.0029691666
-0.086192306
-0.0032159981
-0.27839621
-0.0026735848
-0.32228579
-0.0025236063
-0.326204
-0.0027207419
-0.32659042
-0.0029597431
-0.32149048
-0.0032423263
-0.31668943
-0.0035407667
-0.31481155
-0.0038514321
-0.31556453
-0.0041812278
-0.31868045
-0.0045238102
-0.32193472
-0.0048905211
-0.32407556
-0.0053020746
-0.32074737
-0.0057553516
-0.31804032
-0.0062583239
-0.31826242
-0.0067798971
-0.3213121
-0.0073658582
-0.32228433
-0.0080362563
-0.0087140868
-0.10509639
-0.00021331296
-0.11966721
-0.00028346618
-0.1209608
-0.00030859709
-0.12060138
-0.00033218159
-0.11997491
-0.00035715482
-0.11942311
-0.00038410181
-0.11894666
-0.00041426157
-0.11880016
-0.00044897315
-0.11811339
-0.00048958646
-0.11653712
-0.00053533939
-0.11334093
-0.00058478682
-0.10872041
-0.00063656687
-0.10316135
-0.00069056432
-0.097409652
-0.00074839525
-0.091767552
-0.00081265255
-0.086208638
-0.0008849141
-0.078841837
-0.00096626637
-0.068536976
-0.0010568761
-0.05551911
-0.0011581845
-0.039881111
-0.0012742034
-0.023043372
-0.0014107784
-0.01132434
-0.0015594688
-0.0055965
-0.0017076101
0.0028542759
-0.0018662904
0.02025682
-0.0020489829
0.038329804
-0.002261892
0.052803574
-0.002480453
0.065205361
-0.0027247651
0.075195332
-0.0029713251
-0.041430597
-0.0032540106
-0.24347984
-0.0028699534
-0.32158283
-0.0025362279
-0.32737926
-0.0027193451
-0.32804095
-0.0029591647
-0.32260031
-0.0032442336
-0.31758568
-0.0035422645
-0.3157679
-0.0038513156
-0.31665809
-0.0041810749
-0.31998504
-0.0045240357
-0.32315
-0.0048918821
-0.32517121
-0.0053034044
-0.32182835
-0.0057577998
-0.31913498
-0.0062596513
-0.31934944
-0.0067808145
-0.32241675
-0.0073672807
-0.32338034
-0.0080376384
-0.0087156869
-0.11135183
-0.00021633084
-0.12589569
-0.00028483522
-0.12695284
-0.00030922291
-0.12633256
-0.00033181567
-0.12539759
-0.00035563931
-0.12452161
-0.00038167957
-0.123774
-0.00041100653
-0.12357012
-0.00044557444
-0.12270759
-0.00048666611
-0.12072898
-0.00053382679
-0.11669797
-0.00058469042
-0.11095931
-0.0006371019
-0.10414952
-0.00069111926
-0.097401764
-0.00074822149
-0.09162671
-0.00081105573
-0.086972054
-0.0008820973
-0.081013443
-0.00096281056
-0.071769937
-0.0010523938
-0.058262339
-0.0011520338
-0.040117952
-0.0012671365
-0.017229607
-0.0014060837
0.0012610325
-0.0015625302
0.012031379
-0.0017163607
0.02255172
-0.0018843338
0.036289655
-0.0020724257
0.04929874
-0.0022827414
0.059666086
-0.0024982738
0.068632481
-0.0027384641
0.078171165
-0.0029821983
-0.01044733
-0.0032632179
-0.21170114
-0.0030225686
-0.31942147
-0.0025487578
-0.32843382
-0.0027182656
-0.32985019
-0.0029600028
-0.32342035
-0.003247641
-0.31846612
-0.0035442544
-0.3167754
-0.0038500974
-0.31785597
-0.0041802399
-0.32147784
-0.0045268188
-0.32437031
-0.0048938284
-0.32611963
-0.0053010271
-0.32295982
-0.0057607033
-0.32034116
-0.0062614968
-0.32053472
-0.0067816527
-0.32358249
-0.0073680485
-0.32457682
-0.0080387302
-0.11454973
-0.00021560484
-0.12889373
-0.00028416267
-0.12965747
-0.00030868795
-0.12867646
-0.00033156311
-0.12739936
-0.00035548806
-0.12626405
-0.00038161958
-0.12531318
-0.00041098
-0.12507275
-0.000445752
-0.12399888
-0.00048673608
-0.12152188
-0.0005336777
-0.11690131
-0.00058490262
-0.10991881
-0.00063726027
-0.10260713
-0.0006912406
-0.096022739
-0.00074838315
-0.091189823
-0.00081118296
-0.088256989
-0.00088215225
-0.084859267
-0.00096253118
-0.07787717
-0.0010529854
-0.065691559
-0.0011529769
-0.047405363
-0.0012682513
-0.022282783
-0.0014059623
-0.0010645287
-0.0015624468
0.013681767
-0.0017168966
0.028380262
-0.0018850876
0.041958175
-0.0020740452
0.052037285
-0.0022843003
0.060370732
-0.0024982654
0.069408029
-0.0027381715
0.079426797
-0.002982237
0.015593723
-0.0032629678
-0.1817082
-0.0031818697
-0.31675016
-0.0025835499
-0.32942403
-0.0027193319
-0.33092476
-0.0029597921
-0.32482117
-0.0032463175
-0.31962946
-0.0035444027
-0.31788979
-0.0038508671
-0.31894651
-0.0041805141
-0.32253365
-0.0045249074
-0.32550096
-0.0048937872
-0.32733032
-0.0053019323
-0.32414958
-0.0057603197
-0.32145056
-0.0062611351
-0.32163989
-0.0067809316
-0.32472676
-0.0073683043
-0.0080400033
-0.1121373
-0.00021488708
-0.12693619
-0.00028323176
-0.12802527
-0.0003078517
-0.12742309
-0.00033110837
-0.12648041
-0.00035615545
-0.12568238
-0.00038327204
-0.12478131
-0.00041367706
-0.12438997
-0.00044903531
-0.12326337
-0.00048970701
-0.12099546
-0.00053532482
-0.11690511
-0.00058473022
-0.11156024
-0.00063683525
-0.10494424
-0.00069130003
-0.098257021
-0.00074970404
-0.092433928
-0.00081367814
-0.087281263
-0.00088543755
-0.080558351
-0.00096585642
-0.07077115
-0.0010553155
-0.057255425
-0.0011553273
-0.039650234
-0.0012707565
-0.01713606
-0.0014077982
0.0018797575
-0.0015640414
0.012999311
-0.0017197562
0.023365729
-0.0018884515
0.036748572
-0.0020774612
0.049618217
-0.002290158
0.05999304
-0.0025080043
0.068970901
-0.0027462443
0.078128856
-0.0029887959
0.037155041
-0.003266026
-0.1517617
-0.0033277006
-0.31085925
-0.002635741
-0.33022474
-0.0027202111
-0.33225923
-0.0029607791
-0.32574251
-0.0032474432
-0.32071378
-0.0035448821
-0.31903698
-0.0038501153
-0.32016575
-0.0041796249
-0.32380545
-0.0045248083
-0.32669116
-0.0048944691
-0.32839897
-0.0053012464
-0.32525588
-0.0057586616
-0.32262242
-0.0062604652
-0.32280398
-0.0067808224
-0.32580697
-0.0073672652
-0.11378914
-0.00021689088
-0.12839203
-0.00028539826
-0.12936536
-0.00030981027
-0.12865997
-0.00033238398
-0.12758052
-0.00035631738
-0.12663745
-0.00038240615
-0.12578271
-0.0004118074
-0.1254057
-0.00044659761
-0.12419523
-0.00048767448
-0.12178448
-0.00053469771
-0.11769415
-0.00058615605
-0.1117058
-0.0006389853
-0.10479448
-0.00069333299
-0.098116711
-0.00075056365
-0.092640023
-0.00081380172
-0.08844328
-0.00088463573
-0.083638369
-0.00096376859
-0.075208162
-0.0010522066
-0.062220282
-0.00115184
-0.044147678
-0.0012672696
-0.01986497
-0.0014063384
0.0010720965
-0.0015647723
0.014838318
-0.0017218726
0.028499716
-0.0018958141
0.042621167
-0.0020883719
0.054080546
-0.0022985501
0.062912473
-0.0025140488
0.070909738
-0.0027504627
0.079460496
-0.002994213
0.063237944
-0.0032707895
-0.11282721
-0.0034357993
-0.29848893
-0.0026972593
-0.33080676
-0.0027221846
-0.3332194
-0.0029610198
-0.32702053
-0.0032463081
-0.32186287
-0.0035448957
-0.3202112
-0.0038503439
-0.32130542
-0.0041797971
-0.32483711
-0.0045262258
-0.32762503
-0.004894572
-0.32945712
-0.0053006943
-0.32639992
-0.0057584567
-0.32369726
-0.0062602367
-0.32384973
-0.006780588
-0.0073664209
-0.11588547
-0.00021812167
-0.13085422
-0.00028640041
-0.13167126
-0.00031056855
-0.13062427
-0.00033252408
-0.12922356
-0.00035611581
-0.12800035
-0.00038181668
-0.12696373
-0.00041093039
-0.12677379
-0.00044566741
-0.12609956
-0.0004867334
-0.12396174
-0.00053380421
-0.11914065
-0.0005854146
-0.11183922
-0.00063899551
-0.10475676
-0.0006930986
-0.097841865
-0.00074965409
-0.092467022
-0.00081233902
-0.089165567
-0.00088309649
-0.086123432
-0.0009621177
-0.079314446
-0.0010497815
-0.067060611
-0.0011481759
-0.048318986
-0.0012628543
-0.02228554
-0.0014026861
0.00031534121
-0.001562143
0.016339449
-0.0017204064
0.032265945
-0.0018962894
0.046801534
-0.0020887418
0.057163164
-0.0022983341
0.064689063
-0.0025136899
0.072073719
-0.0027497706
0.080474166
-0.0029933375
0.071956668
-0.0032691735
-0.098388655
-0.0034631446
-0.29265831
-0.0027228249
-0.33174188
-0.0027223211
-0.33436658
-0.0029602498
-0.32846429
-0.0032451589
-0.32303485
-0.0035444207
-0.32134578
-0.0038502696
-0.32237794
-0.0041794928
-0.32582142
-0.0045245457
-0.32870236
-0.0048939074
-0.33066926
-0.0053013422
-0.32756098
-0.0057565875
-0.32479625
-0.0062593697
-0.32495269
-0.0067807415
-0.0073667617
-0.11681393
-0.00021779624
-0.13177515
-0.00028572562
-0.13253171
-0.00030980037
-0.13143231
-0.00033176849
-0.12995335
-0.00035537168
-0.12868556
-0.00038098484
-0.12758947
-0.0004100402
-0.12738538
-0.00044483562
-0.12669716
-0.00048590743
-0.1244581
-0.00053291346
-0.119536
-0.00058435282
-0.11208202
-0.00063797737
-0.10499621
-0.00069225263
-0.09816774
-0.00074896998
-0.092833116
-0.0008116414
-0.08956677
-0.00088207809
-0.086775551
-0.00096050849
-0.080172648
-0.0010473818
-0.06788756
-0.0011450887
-0.049071826
-0.0012595088
-0.02294123
-0.0013992174
-7.922369e-05
-0.0015587495
0.016331044
-0.0017176602
0.03266229
-0.0018943005
0.047279344
-0.0020869892
0.057539535
-0.0022961447
0.065024544
-0.0025106303
0.072503038
-0.0027459716
0.080929908
-0.0029891412
0.074005273
-0.0032644483
-0.095384327
-0.0034601349
-0.29187998
-0.0027245509
-0.33272107
-0.0027224386
-0.33543167
-0.0029600211
-0.32967549
-0.0032448825
-0.32411554
-0.0035444712
-0.32239526
-0.0038503953
-0.32339872
-0.0041793246
-0.32682439
-0.0045245119
-0.32974453
-0.0048943607
-0.33175653
-0.0053020756
-0.32866434
-0.0057578439
-0.32586678
-0.0062603702
-0.32602342
-0.0067821132
-0.0073695582
-0.1172015
-0.00021666747
-0.1319978
-0.00028512401
-0.13275623
-0.00030930322
-0.13170071
-0.00033130318
-0.13026367
-0.0003549089
-0.12901342
-0.00038065223
-0.12794926
-0.00040975147
-0.12771542
-0.00044437273
-0.12690719
-0.0004853491
-0.12463925
-0.00053216013
-0.11972103
-0.00058319581
-0.11200974
-0.00063625856
-0.10466131
-0.00069021483
-0.097736538
-0.00074725501
-0.092558298
-0.00081028555
-0.089579155
-0.00088077534
-0.087110581
-0.00095913792
-0.080772881
-0.0010459129
-0.068657287
-0.0011435834
-0.049583885
-0.0012579235
-0.023134848
-0.001397287
2.8612341e-05
-0.0015558213
0.016871371
-0.0017138102
0.033655963
-0.0018899831
0.048381295
-0.0020823316
0.058380172
-0.0022914178
0.065423356
-0.0025051145
0.072607391
-0.0027402237
0.080936725
-0.0029830992
0.072785099
-0.003258592
-0.098027337
-0.0034534226
-0.29379882
-0.0027229488
-0.33362997
-0.0027230339
-0.33634247
-0.0029605757
-0.33063459
-0.0032453538
-0.32506891
-0.0035449057
-0.32336141
-0.0038506693
-0.32439226
-0.004179709
-0.327843
-0.0045253159
-0.33075301
-0.0048957176
-0.33270495
-0.0053032588
-0.32963073
-0.0057596077
-0.32686162
-0.0062629441
-0.32701986
-0.0067851152
-0.0073717261
-0.11495869
-0.00021617003
-0.13039376
-0.00028446055
-0.13130627
-0.00030859225
-0.13028831
-0.00033068131
-0.12893067
-0.0003544318
-0.12775284
-0.00038013673
-0.12672781
-0.0004092452
-0.12643521
-0.00044386886
-0.12577421
-0.00048506486
-0.12379018
-0.00053198989
-0.11925047
-0.0005828712
-0.11235391
-0.00063586788
-0.10543742
-0.00068984608
-0.098486138
-0.00074690635
-0.092967238
-0.00080978599
-0.089373159
-0.00088010263
-0.086205282
-0.00095830363
-0.079376266
-0.0010446169
-0.066991515
-0.0011418455
-0.04806176
-0.0012560316
-0.022440765
-0.0013952664
-0.00083349606
-0.0015535784
0.014610492
-0.0017110794
0.030608618
-0.0018875772
0.045471511
-0.0020793316
0.0562441
-0.0022878215
0.064220153
-0.0025006874
0.072187523
-0.0027363026
0.08083516
-0.0029790856
0.073600327
-0.003253886
-0.096775696
-0.0034563465
-0.293806
-0.0027324664
-0.33445248
-0.0027246025
-0.33711284
-0.00296167
-0.33151139
-0.0032455457
-0.3259917
-0.0035450292
-0.32429968
-0.0038512505
-0.32534131
-0.0041806343
-0.32877821
-0.0045264259
-0.33166282
-0.004897199
-0.33364511
-0.0053055388
-0.33056633
-0.0057616579
-0.32779789
-0.0062647565
-0.32795945
-0.0067872864
-0.0073741659
-0.11743582
-0.00021591545
-0.13230959
-0.00028415817
-0.13307037
-0.00030834026
-0.13205848
-0.00033040663
-0.13063009
-0.0003542032
-0.12935561
-0.00037991956
-0.12824726
-0.00040897541
-0.12790136
-0.00044368253
-0.12668464
-0.00048482737
-0.12382154
-0.00053179631
-0.11854763
-0.00058280744
-0.11095448
-0.00063580922
-0.10348181
-0.00068976367
-0.096846304
-0.00074707045
-0.092275007
-0.00080987296
-0.089761052
-0.00087979633
-0.087541174
-0.00095756118
-0.081682774
-0.0010434903
-0.069558895
-0.0011403632
-0.050222068
-0.0012543827
-0.023635156
-0.0013934126
-0.00035055841
-0.0015517431
0.017347315
-0.0017099164
0.034928276
-0.0018881269
0.049470376
-0.002080349
0.058874376
-0.0022881665
0.065632748
-0.0024997829
0.07323614
-0.0027345176
0.081618036
-0.0029771692
0.076085907
-0.003251368
-0.092637559
-0.0034523424
-0.29201301
-0.0027321284
-0.33505526
-0.0027252781
-0.33784465
-0.0029621187
-0.33243001
-0.0032458199
-0.3269351
-0.0035454558
-0.32528164
-0.0038514273
-0.32631705
-0.0041806538
-0.32964749
-0.0045266604
-0.3324265
-0.0048987154
-0.33443598
-0.0053066131
-0.33145374
-0.0057622823
-0.32869294
-0.00626555
-0.32884427
-0.0067882209
-0.11586593
-0.00021559512
-0.13147028
-0.00028455359
-0.1323751
-0.00030890757
-0.13133391
-0.00033104661
-0.12999088
-0.00035489157
-0.12877823
-0.0003809755
-0.12760192
-0.00041044439
-0.12717989
-0.00044544101
-0.12623151
-0.00048629031
-0.12383174
-0.00053285878
-0.11898576
-0.00058352553
-0.11201035
-0.00063643275
-0.10492145
-0.00069043501
-0.097946848
-0.0007479106
-0.092723504
-0.00081105864
-0.089550317
-0.00088138543
-0.086887723
-0.00095916733
-0.080632451
-0.0010450134
-0.068695976
-0.0011420916
-0.04974956
-0.0012557301
-0.023732106
-0.0013945375
-0.00096715836
-0.0015521115
0.016191963
-0.0017111878
0.033263038
-0.0018884904
0.04804016
-0.0020805339
0.058053206
-0.0022884534
0.065325143
-0.0025007399
0.073071701
-0.0027361596
0.081493624
-0.0029794981
0.073318201
-0.0032536517
-0.098359281
-0.0034640383
-0.29571559
-0.0027457744
-0.33605713
-0.0027263106
-0.33875907
-0.0029628074
-0.33344224
-0.0032456362
-0.3279749
-0.0035450487
-0.32636387
-0.0038508228
-0.32738337
-0.0041800901
-0.33061923
-0.0045265841
-0.33329321
-0.0048986982
-0.33531957
-0.0053057168
-0.33248834
-0.0057625451
-0.32967656
-0.0062645893
-0.0067870458
-0.11539979
-0.00021509
-0.13084805
-0.00028482046
-0.13171682
-0.00030943828
-0.1306955
-0.00033190675
-0.12935809
-0.00035589733
-0.12818424
-0.00038223496
-0.12701197
-0.00041159019
-0.12661314
-0.00044654847
-0.1255469
-0.00048765873
-0.12283818
-0.00053474856
-0.11768148
-0.00058569579
-0.11042538
-0.00063859798
-0.10335692
-0.00069260697
-0.096536097
-0.000750394
-0.09156395
-0.00081375364
-0.08871288
-0.00088444654
-0.086599363
-0.00096274303
-0.080892206
-0.0010491186
-0.069103909
-0.0011467347
-0.05032605
-0.0012603566
-0.024485978
-0.0013984722
-0.0015577307
-0.0015551218
0.016214385
-0.0017130308
0.033183386
-0.0018875078
0.047501671
-0.0020787194
0.056942511
-0.0022872399
0.064059306
-0.0025005163
0.072104686
-0.0027376811
0.080747947
-0.0029822322
0.079139644
-0.0032573681
-0.085252402
-0.0034944259
-0.28835942
-0.0027853799
-0.33647733
-0.0027289009
-0.33948954
-0.0029643395
-0.33452365
-0.0032462827
-0.32908679
-0.0035458322
-0.32750796
-0.0038514674
-0.32849257
-0.0041805536
-0.3316085
-0.0045276326
-0.33419524
-0.0048992902
-0.33625171
-0.0053061265
-0.33348666
-0.005763456
-0.3306822
-0.0062645528
-0.0067869864
-0.11298112
-0.00021543114
-0.12858359
-0.00028529085
-0.12968058
-0.00031002786
-0.12892239
-0.0003324363
-0.12779342
-0.00035646705
-0.12683908
-0.00038277156
-0.12579606
-0.00041227894
-0.12527225
-0.00044720044
-0.12407935
-0.0004882785
-0.1215097
-0.00053522049
-0.1168671
-0.00058593983
-0.1110369
-0.00063855069
-0.1044837
-0.00069247242
-0.09770024
-0.00075031116
-0.092263966
-0.00081393562
-0.088298918
-0.00088481375
-0.084297242
-0.00096352658
-0.077010401
-0.0010506596
-0.064682359
-0.0011486352
-0.046691824
-0.0012631246
-0.022642479
-0.0014016294
-0.0019790439
-0.0015588982
0.012447587
-0.0017160205
0.026990693
-0.0018906624
0.04164187
-0.0020821104
0.053279873
-0.0022906197
0.062566764
-0.0025044633
0.071824075
-0.0027407836
0.080875084
-0.0029849514
0.082590492
-0.0032601468
-0.078053431
-0.0034922356
-0.28437505
-0.0027782331
-0.33707959
-0.0027295994
-0.34016133
-0.002965007
-0.33536711
-0.0032467642
-0.32994812
-0.00354788
-0.32835579
-0.0038540044
-0.32936072
-0.0041823514
-0.33244301
-0.0045273206
-0.33501931
-0.004901312
-0.33704189
-0.0053087553
-0.3343109
-0.005763906
-0.33154611
-0.0062660406
-0.11746233
-0.00021664438
-0.13318147
-0.00028545417
-0.1340483
-0.00030980127
-0.13295739
-0.00033178645
-0.13154145
-0.00035558633
-0.13032164
-0.00038167339
-0.12914867
-0.00041107739
-0.12865755
-0.00044613462
-0.12760631
-0.0004871756
-0.12508222
-0.00053392628
-0.12014962
-0.00058478262
-0.11315374
-0.00063780856
-0.10587551
-0.00069194881
-0.098656649
-0.00074961382
-0.093225783
-0.00081290846
-0.089848783
-0.00088343122
-0.086928226
-0.00096159256
-0.080499177
-0.0010480073
-0.068371702
-0.0011453108
-0.049151262
-0.0012594626
-0.022556493
-0.0013985778
0.0010459569
-0.0015576598
0.018418649
-0.0017181866
0.035470398
-0.0018960178
0.050432038
-0.0020896615
0.060548805
-0.0022980164
0.067533157
-0.0025117348
0.074444148
-0.0027456341
0.082088196
-0.0029876807
0.077943925
-0.0032608535
-0.089437987
-0.0033771417
-0.29187743
-0.0026887548
-0.3383041
-0.0027273252
-0.34146756
-0.0029656561
-0.33624111
-0.0032492667
-0.33067879
-0.0035492075
-0.32910459
-0.0038544787
-0.33013792
-0.0041838524
-0.33326796
-0.0045314054
-0.33576462
-0.0049023453
-0.3378274
-0.0053082214
-0.33516712
-0.0057656846
-0.0062670701
-0.11838415
-0.00021625467
-0.13411801
-0.00028496458
-0.13491744
-0.00030929757
-0.13373485
-0.00033138446
-0.13226792
-0.00035525436
-0.13074601
-0.00038133296
-0.1295335
-0.00041070207
-0.12902855
-0.00044574829
-0.12795576
-0.00048686244
-0.12548157
-0.00053365849
-0.12047376
-0.00058456264
-0.11324704
-0.00063770287
-0.10599904
-0.0006919235
-0.098896055
-0.00074963158
-0.093603686
-0.00081285816
-0.090477973
-0.00088317935
-0.087954829
-0.00096095086
-0.081978968
-0.0010468806
-0.070088992
-0.0011438436
-0.051004717
-0.0012576983
-0.024430892
-0.0013965908
-0.0004521004
-0.0015552655
0.017820684
-0.0017163364
0.035753479
-0.0018930071
0.05074938
-0.0020863899
0.060325605
-0.0022938659
0.067079436
-0.0025070382
0.074132965
-0.0027411155
0.082456953
-0.0029839363
0.042869693
-0.0032596949
-0.15095017
-0.0032175387
-0.31891632
-0.0025989725
-0.34009764
-0.0027253086
-0.34248781
-0.0029653607
-0.33721211
-0.0032495876
-0.33159235
-0.0035494533
-0.32989234
-0.0038549205
-0.33077347
-0.0041840529
-0.33392263
-0.0045314799
-0.33672463
-0.0049026296
-0.3387986
-0.0053084962
-0.33610024
-0.0057651386
-0.0062673351
-0.11781238
-0.00021484814
-0.13346201
-0.00028555618
-0.13433719
-0.00031050277
-0.13331185
-0.00033331077
-0.1319327
-0.00035730289
-0.13071849
-0.00038336089
-0.12945308
-0.00041268009
-0.12892878
-0.00044770761
-0.12760041
-0.00048895494
-0.12459218
-0.00053680348
-0.11928099
-0.00058758069
-0.11210044
-0.00064022621
-0.10475258
-0.00069460318
-0.097698314
-0.00075222063
-0.09267478
-0.00081529408
-0.089807041
-0.00088616109
-0.087396954
-0.00096528643
-0.081419843
-0.0010529743
-0.069235251
-0.0011512477
-0.049944246
-0.0012653915
-0.023303854
-0.0014028582
0.00048732735
-0.0015595061
0.017544142
-0.0017167173
0.033579108
-0.0018863756
0.047586114
-0.0020767057
0.056966902
-0.0022851946
0.064088352
-0.0025000531
0.071773116
-0.0027374822
0.08073386
-0.0029825712
0.02304788
-0.00326028
-0.1774642
-0.003189017
-0.32560566
-0.002589257
-0.34103896
-0.002726124
-0.34327056
-0.0029662145
-0.33813042
-0.0032498422
-0.3325474
-0.0035494548
-0.33081108
-0.0038551253
-0.3316595
-0.0041840032
-0.33477979
-0.0045331415
-0.33763556
-0.0049039463
-0.33971377
-0.0053098834
-0.33701038
-0.0057658063
-0.0062691021
-0.11143988
-0.000213597
-0.12681644
-0.00028455682
-0.12808754
-0.00030996929
-0.12756563
-0.00033380643
-0.12665893
-0.00035915761
-0.12588747
-0.00038688448
-0.125023
-0.00041750282
-0.12457068
-0.00045278888
-0.12340819
-0.00049343591
-0.12106632
-0.00053906324
-0.11692299
-0.00058855972
-0.11142611
-0.00064073304
-0.1047783
-0.00069571899
-0.098191632
-0.00075473779
-0.092409713
-0.00081942783
-0.087306436
-0.00089174818
-0.081233635
-0.00097249296
-0.072116365
-0.0010622928
-0.059000069
-0.0011626556
-0.041428836
-0.0012779596
-0.019251822
-0.0014128323
-0.00074581497
-0.001565592
0.0097498953
-0.0017184838
0.020179956
-0.0018828709
0.034244744
-0.0020701261
0.047494712
-0.0022811395
0.058362561
-0.0025000994
0.067959659
-0.0027384626
0.077932808
-0.0029842726
0.031248845
-0.0032619502
-0.16457221
-0.0033268222
-0.32324117
-0.0026548938
-0.34148607
-0.0027294964
-0.34374726
-0.0029675132
-0.33900819
-0.0032485104
-0.33354784
-0.0035487488
-0.3318141
-0.0038550275
-0.33253096
-0.004184207
-0.33548845
-0.0045324789
-0.33837669
-0.0049040051
-0.34051674
-0.0053117055
-0.33784694
-0.0057672634
-0.0062713088
-0.11101152
-0.00021383092
-0.12640861
-0.00028483815
-0.12774516
-0.0003101316
-0.12725547
-0.00033356017
-0.12636439
-0.00035837423
-0.12564998
-0.00038563584
-0.12470725
-0.00041581385
-0.12408064
-0.00045119042
-0.12268651
-0.00049231784
-0.12009001
-0.00053913072
-0.11584343
-0.00058933222
-0.11044381
-0.00064175012
-0.10412151
-0.00069640902
-0.097896457
-0.00075519103
-0.09223366
-0.00081949818
-0.087210746
-0.00089091623
-0.081657186
-0.00097028106
-0.072841265
-0.0010580818
-0.059829694
-0.0011564011
-0.042436258
-0.0012705936
-0.020343163
-0.0014071752
-0.0016834886
-0.0015628483
0.0097564185
-0.0017195077
0.021748753
-0.0018901032
0.036459414
-0.0020816469
0.049425575
-0.0022893699
0.059876326
-0.0025040082
0.069373436
-0.0027400134
0.07884911
-0.0029851574
0.067721014
-0.0032586775
-0.1074702
-0.0034713657
-0.30330516
-0.002770018
-0.34138487
-0.0027335317
-0.34430573
-0.0029685325
-0.33978505
-0.0032475463
-0.33432542
-0.0035483365
-0.3326577
-0.0038543687
-0.33344496
-0.0041834531
-0.3363877
-0.00453132
-0.33912853
-0.0049049789
-0.34120376
-0.0053124964
-0.338557
-0.0057677116
-0.11415731
-0.00021494403
-0.13007153
-0.00028537842
-0.1311942
-0.00031012155
-0.13041344
-0.00033282509
-0.12926503
-0.00035752639
-0.12812081
-0.00038432257
-0.12695813
-0.00041460056
-0.12621895
-0.00045008301
-0.1245794
-0.00049128407
-0.12141897
-0.00053789682
-0.1160764
-0.00058855765
-0.10979896
-0.00064161727
-0.10278156
-0.00069637829
-0.095829999
-0.00075539642
-0.090911725
-0.00081972124
-0.087915103
-0.00089029609
-0.08507882
-0.00096817727
-0.079294117
-0.0010534552
-0.067735319
-0.0011507226
-0.049500983
-0.0012643672
-0.024534105
-0.0014029933
-0.0015287188
-0.0015590881
0.016214223
-0.0017208105
0.033444244
-0.0018974782
0.048396374
-0.0020914674
0.058078998
-0.0022972133
0.065124086
-0.0025091936
0.072710795
-0.0027414092
0.08071094
-0.0029856609
0.082452444
-0.0032565023
-0.076602751
-0.0035196129
-0.28491778
-0.0028515534
-0.34123733
-0.0027366144
-0.34502414
-0.0029700696
-0.34056023
-0.0032487388
-0.3350987
-0.0035486195
-0.33355952
-0.0038539478
-0.33443828
-0.0041833976
-0.33729754
-0.0045322625
-0.33970928
-0.0049048204
-0.34176814
-0.0053110873
-0.0057691098
-0.11529374
-0.00021534305
-0.13106102
-0.0002865152
-0.13198096
-0.00031146042
-0.13097419
-0.0003342314
-0.12968608
-0.00035855512
-0.12831119
-0.00038506717
-0.12721562
-0.00041474913
-0.12660897
-0.00045025415
-0.12527216
-0.00049195734
-0.12221124
-0.00053953744
-0.1166224
-0.00059083998
-0.10891522
-0.00064431234
-0.1014412
-0.00069902919
-0.09460975
-0.00075748276
-0.090091755
-0.00082144563
-0.08780579
-0.00089204431
-0.086534046
-0.00096998863
-0.081716455
-0.001055226
-0.069853052
-0.0011525114
-0.050251881
-0.0012661621
-0.023862094
-0.0014054077
-6.3908854e-05
-0.0015616655
0.018417479
-0.0017234806
0.035548369
-0.001899182
0.049939002
-0.0020926571
0.058678602
-0.002298205
0.065043399
-0.0025109911
0.072441541
-0.0027448676
0.080359197
-0.0029913733
0.08681663
-0.0032628076
-0.061939094
-0.0035440176
-0.2739652
-0.0029042001
-0.34131897
-0.0027392666
-0.34554995
-0.002970951
-0.34129755
-0.0032489625
-0.33580364
-0.0035496359
-0.33424876
-0.0038548771
-0.33518316
-0.004183639
-0.33810843
-0.0045308925
-0.34057336
-0.004905233
-0.34251384
-0.0053114048
-0.0057672965
-0.11264112
-0.00021562322
-0.12856451
-0.00028651227
-0.12975105
-0.00031154082
-0.12900488
-0.00033439913
-0.12787773
-0.00035910611
-0.12689427
-0.00038591661
-0.12577286
-0.00041613137
-0.12510998
-0.00045173164
-0.12354394
-0.00049329075
-0.12038336
-0.00054027535
-0.11513202
-0.00059127394
-0.10883134
-0.00064463823
-0.10194019
-0.00069981001
-0.095058124
-0.00075914357
-0.090216885
-0.00082381514
-0.087480023
-0.00089469729
-0.085253541
-0.00097289374
-0.079863377
-0.001058388
-0.068385305
-0.0011562123
-0.050157693
-0.0012705844
-0.02530545
-0.0014098771
-0.0027937364
-0.0015665309
0.014220961
-0.0017281819
0.030796401
-0.0019041175
0.045639731
-0.0020973072
0.055470341
-0.0023028499
0.063006845
-0.0025154741
0.071510963
-0.0027492355
0.080236506
-0.0029963269
0.088798917
-0.003269312
-0.054105007
-0.0035609951
-0.26801127
-0.0029419765
-0.34166135
-0.002742205
-0.34605846
-0.0029718683
-0.34200949
-0.0032485986
-0.33656154
-0.0035504335
-0.3349908
-0.0038566036
-0.33584074
-0.0041855933
-0.33870341
-0.0045319816
-0.34124795
-0.004905947
-0.34327876
-0.0053124752
-0.11741911
-0.00021689375
-0.133178
-0.00028654436
-0.13414575
-0.00031130997
-0.13319901
-0.00033398921
-0.1320508
-0.0003582688
-0.1305936
-0.00038446626
-0.12947936
-0.00041405179
-0.1288467
-0.00044945688
-0.12721779
-0.00049120205
-0.12377419
-0.00053897604
-0.11778753
-0.00059070075
-0.11017825
-0.00064450388
-0.10260134
-0.00069976518
-0.095758727
-0.00075822279
-0.091222112
-0.00082179744
-0.088848487
-0.00089200078
-0.087280773
-0.00096981148
-0.082189916
-0.0010548104
-0.070070609
-0.0011523643
-0.050299636
-0.0012666204
-0.023773516
-0.0014072009
0.0004460285
-0.0015650964
0.019205654
-0.0017295637
0.03651541
-0.0019072987
0.051122108
-0.0021024038
0.060095959
-0.0023092933
0.066611948
-0.0025228752
0.074081237
-0.0027565577
0.081889729
-0.0030020534
0.09095769
-0.0032727888
-0.048973678
-0.003541904
-0.26412543
-0.0028819095
-0.34232244
-0.0027389006
-0.34716017
-0.0029720204
-0.34285621
-0.003250711
-0.33716921
-0.0035525943
-0.33556683
-0.0038580839
-0.33641618
-0.0041873534
-0.339308
-0.0045354098
-0.34186078
-0.0049079147
-0.005313441
-0.11966307
-0.0002158765
-0.13539594
-0.00028644275
-0.1362207
-0.00031135782
-0.1350963
-0.00033409261
-0.13377238
-0.00035831081
-0.13225746
-0.00038454994
-0.13114686
-0.00041404108
-0.13067366
-0.00044944619
-0.1291754
-0.00049100275
-0.12570652
-0.00053870571
-0.11960266
-0.00059002397
-0.11165515
-0.00064323984
-0.10388457
-0.00069781556
-0.096982247
-0.00075637919
-0.092467509
-0.00082031096
-0.090129896
-0.00089100302
-0.088583972
-0.00096945959
-0.083510378
-0.0010554824
-0.071343376
-0.0011531175
-0.051318301
-0.0012671174
-0.023992286
-0.0014059506
0.00085780324
-0.0015634068
0.019957428
-0.0017246519
0.037706457
-0.0019004485
0.052429041
-0.0020953618
0.061298592
-0.0023031208
0.067613342
-0.0025174103
0.07473033
-0.0027511563
0.082415261
-0.0029961033
0.083449082
-0.0032679656
-0.078721306
-0.0034993415
-0.28852154
-0.0027947744
-0.34412096
-0.0027372169
-0.34809119
-0.0029724852
-0.3436254
-0.0032530505
-0.33779631
-0.0035549644
-0.33608604
-0.0038598072
-0.33694093
-0.0041879451
-0.33992699
-0.0045365085
-0.34262936
-0.0049114991
-0.0053160248
-0.11455532
-0.00021419881
-0.13077045
-0.00028593963
-0.1319825
-0.00031144708
-0.13122052
-0.0003350858
-0.13007514
-0.00036000508
-0.12904865
-0.00038739551
-0.12792273
-0.0004175611
-0.12729706
-0.00045320602
-0.1258974
-0.00049436815
-0.12307776
-0.00054113325
-0.11811941
-0.00059139452
-0.11220517
-0.0006437703
-0.10537693
-0.00069847962
-0.098224004
-0.00075734803
-0.092580788
-0.00082204574
-0.088531858
-0.00089406367
-0.084529547
-0.00097412071
-0.07778679
-0.0010626272
-0.065617705
-0.0011617538
-0.047487084
-0.0012761455
-0.023050459
-0.0014114989
-0.0010546846
-0.0015662372
0.014265549
-0.0017234148
0.029376098
-0.0018937981
0.044325314
-0.002085244
0.05540055
-0.0022945725
0.063640649
-0.0025116909
0.07150457
-0.0027471688
0.079718906
-0.0029929654
0.074705384
-0.0032652164
-0.094538442
-0.0035214676
-0.29821437
-0.0028876894
-0.34484773
-0.0027423471
-0.34847185
-0.0029746807
-0.3441816
-0.0032534894
-0.33851987
-0.0035557944
-0.33683739
-0.0038611932
-0.3376689
-0.0041894686
-0.34057842
-0.0045381506
-0.3432633
-0.0049130667
-0.0053192784
-0.11210237
-0.00021334526
-0.12769752
-0.00028504767
-0.12900772
-0.00031070149
-0.12848715
-0.00033490383
-0.12754982
-0.00036063088
-0.12657708
-0.00038868759
-0.1255291
-0.00041974312
-0.12474109
-0.0004555014
-0.12297963
-0.00049630328
-0.12015351
-0.00054188402
-0.11593503
-0.00059131307
-0.11081986
-0.00064357655
-0.10453289
-0.00069877251
-0.098219119
-0.00075829974
-0.092423313
-0.00082358778
-0.087185823
-0.00089618813
-0.081251976
-0.00097664202
-0.072366196
-0.0010661266
-0.059451088
-0.0011664869
-0.042425196
-0.0012816432
-0.020533571
-0.0014162673
-0.00076786137
-0.0015692028
0.012176723
-0.0017257337
0.024671941
-0.0018938917
0.03886861
-0.0020835504
0.051115747
-0.0022924713
0.060901563
-0.0025103923
0.069743361
-0.0027456555
0.078160055
-0.0029915422
0.089309272
-0.0032629943
-0.038486867
-0.0035684773
-0.25325242
-0.0031291899
-0.34295801
-0.0027565664
-0.34857466
-0.0029764647
-0.34478504
-0.0032523142
-0.33912332
-0.0035555021
-0.33747874
-0.0038612776
-0.3383191
-0.0041895946
-0.34121546
-0.0045376357
-0.34389141
-0.0049137853
-0.0053207352
-0.11172459
-0.00021478244
-0.12744648
-0.00028636063
-0.12882652
-0.00031159578
-0.12832575
-0.00033503811
-0.12739928
-0.00035922539
-0.1266134
-0.00038554605
-0.125626
-0.00041521468
-0.12502237
-0.00045098498
-0.1235683
-0.00049303737
-0.12079699
-0.00054124046
-0.11617089
-0.00059220811
-0.11051054
-0.00064511192
-0.10412547
-0.00069976535
-0.097618368
-0.00075873275
-0.091870184
-0.00082316927
-0.087130656
-0.00089377466
-0.082064529
-0.00097202578
-0.073948311
-0.0010580215
-0.061058198
-0.0011556216
-0.043003333
-0.001269327
-0.019819962
-0.0014084787
0.0006011019
-0.001566202
0.013943114
-0.0017294125
0.027193947
-0.0019045362
0.041881028
-0.0020999025
0.053779373
-0.0023045284
0.06305692
-0.0025164969
0.071492316
-0.0027483485
0.079784931
-0.0029931963
0.092385151
-0.0032631643
0.00083579904
-0.0035708817
-0.21243627
-0.0033023859
-0.34029677
-0.0027730831
-0.34898494
-0.0029774627
-0.345479
-0.0032516794
-0.33975162
-0.0035551621
-0.33815883
-0.003860936
-0.3390161
-0.0041896781
-0.34193001
-0.0045370803
-0.34452398
-0.0049129256
-0.0053196467
-0.12078719
-0.00021748631
-0.13619682
-0.00028675677
-0.1369591
-0.00031119794
-0.13582169
-0.00033393772
-0.13422123
-0.00035791822
-0.13255156
-0.00038400274
-0.13124185
-0.00041373906
-0.13028833
-0.00044955939
-0.12797721
-0.00049173522
-0.1239067
-0.0005397668
-0.1175267
-0.00059158793
-0.10964796
-0.00064549357
-0.10146987
-0.00070116868
-0.094988576
-0.00075988787
-0.091260336
-0.0008229038
-0.089617631
-0.00089250122
-0.089134801
-0.00096948369
-0.085349736
-0.0010529748
-0.074227606
-0.0011491178
-0.054691738
-0.0012619974
-0.027151355
-0.0014027259
0.00032672731
-0.0015613586
0.023514259
-0.0017315038
0.043655129
-0.0019133736
0.05857519
-0.0021106464
0.066139113
-0.0023148132
0.070787962
-0.0025258052
0.076640437
-0.002754704
0.0834501
-0.0029984603
0.094617905
-0.0032652483
0.018048932
-0.0035715726
-0.19195598
-0.0033110603
-0.33851482
-0.0027734108
-0.34976252
-0.0029779908
-0.34618743
-0.0032529543
-0.34019219
-0.0035562714
-0.33861006
-0.0038607241
-0.33963249
-0.0041889367
-0.34274087
-0.0045370241
-0.34525185
-0.0049131777
-0.005318666
-0.11993518
-0.00021704199
-0.13538665
-0.00028885209
-0.13609573
-0.00031398486
-0.13484836
-0.00033683386
-0.13317381
-0.00036049606
-0.13163078
-0.00038638436
-0.13039454
-0.00041577369
-0.1296654
-0.00045170681
-0.12772412
-0.00049413095
-0.12386053
-0.00054339217
-0.11758586
-0.00059560268
-0.1092188
-0.00064953731
-0.10085984
-0.00070498886
-0.094362005
-0.00076391692
-0.090809907
-0.00082686263
-0.089332694
-0.0008968905
-0.088885088
-0.00097460299
-0.085019595
-0.001059463
-0.073689062
-0.0011561095
-0.053707033
-0.0012695206
-0.025783214
-0.0014094954
0.00093799821
-0.0015673349
0.022866851
-0.0017328697
0.042337188
-0.001911393
0.056967828
-0.0021081316
0.064371553
-0.0023136028
0.068926036
-0.0025276522
0.074755584
-0.0027597485
0.081618322
-0.0030065749
0.093200422
-0.0032756085
0.0040666984
-0.0035821342
-0.20882193
-0.003350623
-0.34083427
-0.0027794876
-0.3502092
-0.0029791353
-0.34668307
-0.0032526591
-0.34078831
-0.0035557206
-0.33920668
-0.0038601302
-0.34019832
-0.0041881453
-0.34328009
-0.0045360232
-0.34582821
-0.0049122575
-0.0053173912
-0.11313862
-0.00021681422
-0.12944173
-0.00028892221
-0.1307381
-0.00031446614
-0.13000069
-0.00033795712
-0.12887976
-0.00036314111
-0.12782737
-0.00039070316
-0.12675216
-0.00042148823
-0.12602403
-0.00045764979
-0.12440701
-0.00049946377
-0.12125478
-0.00054635405
-0.11579321
-0.00059729617
-0.10934284
-0.00065082153
-0.10221698
-0.0007065754
-0.095137426
-0.00076684036
-0.0901392
-0.00083245946
-0.087324751
-0.00090422458
-0.085090187
-0.00098315605
-0.079918834
-0.0010697825
-0.068504656
-0.0011677966
-0.049919439
-0.0012827701
-0.024890833
-0.0014219095
-0.0021884386
-0.0015790579
0.014935883
-0.0017415129
0.031889908
-0.0019183809
0.04725031
-0.0021146898
0.057207413
-0.0023217613
0.064439514
-0.0025369517
0.072253901
-0.0027702106
0.080609552
-0.0030186197
0.092577236
-0.0032916674
0.02881961
-0.0036018444
-0.17775868
-0.0035158594
-0.33674317
-0.0028095595
-0.35012683
-0.0029800171
-0.34712964
-0.0032508552
-0.34141285
-0.0035542484
-0.33988071
-0.0038592674
-0.34082866
-0.0041871175
-0.34378233
-0.004533313
-0.34630875
-0.0049108844
-0.0053158403
-0.1171539
-0.00021811439
-0.13318798
-0.00028908096
-0.13410939
-0.00031403919
-0.13312878
-0.00033698665
-0.1318962
-0.00036134883
-0.13038675
-0.00038765445
-0.12920636
-0.00041781959
-0.12837184
-0.00045389812
-0.12639651
-0.00049642124
-0.12282395
-0.00054504949
-0.11686256
-0.0005970431
-0.10990512
-0.00065110833
-0.10250933
-0.00070690018
-0.095672859
-0.00076613195
-0.091168737
-0.00082979477
-0.088811466
-0.00090004012
-0.086798917
-0.00097793988
-0.081750635
-0.0010630682
-0.07034896
-0.0011599017
-0.051347836
-0.0012738645
-0.025250182
-0.001414624
-0.00038431602
-0.0015740942
0.019008498
-0.001743374
0.03727708
-0.0019241902
0.052662449
-0.0021225228
0.0619341
-0.0023301942
0.068315743
-0.0025458038
0.075244526
-0.0027783568
0.082789628
-0.0030249335
0.093767973
-0.003293898
0.04761637
-0.0035967075
-0.15383572
-0.0035593975
-0.33232705
-0.0028181091
-0.35060571
-0.0029807067
-0.3477647
-0.0032516424
-0.34195542
-0.0035551764
-0.34046483
-0.0038599907
-0.34143954
-0.0041880547
-0.3443031
-0.0045329028
-0.34664353
-0.0049104509
-0.0053147204
-0.12214661
-0.00021603002
-0.1381443
-0.00028682587
-0.13865
-0.00031173333
-0.13730988
-0.00033464795
-0.13564148
-0.00035911779
-0.13368348
-0.00038589025
-0.13250944
-0.00041613528
-0.13172778
-0.00045204553
-0.12992905
-0.00049399285
-0.12626181
-0.00054104351
-0.11964665
-0.00059185055
-0.11123054
-0.00064521809
-0.10309893
-0.00070063269
-0.0962901
-0.00076037768
-0.092243157
-0.00082525902
-0.090439214
-0.0008958316
-0.089649081
-0.00097338125
-0.085656072
-0.0010578462
-0.07439258
-0.0011544185
-0.054317951
-0.0012679377
-0.026143236
-0.001408265
0.0011512977
-0.0015656095
0.023370528
-0.0017321411
0.042920101
-0.0019108081
0.057893711
-0.0021074627
0.065762214
-0.0023115427
0.070638248
-0.00252453
0.076419821
-0.0027565745
0.083185363
-0.0030043827
0.093971864
-0.0032767295
0.045479309
-0.0035847243
-0.15692013
-0.0034724338
-0.3336332
-0.0028031988
-0.35156852
-0.0029807931
-0.3484208
-0.003255022
-0.34227376
-0.0035590491
-0.34068372
-0.0038628218
-0.34178034
-0.0041904363
-0.34492876
-0.0045394007
-0.34738147
-0.0049139143
-0.0053170216
-0.11640617
-0.000214602
-0.13264282
-0.00028506438
-0.13378548
-0.00031002187
-0.13295951
-0.00033326331
-0.13174733
-0.00035772417
-0.13058535
-0.00038452632
-0.12946366
-0.00041457353
-0.12870773
-0.00045030067
-0.12694683
-0.00049227289
-0.12361339
-0.00053923655
-0.11807199
-0.00058990868
-0.11153698
-0.00064310794
-0.10443555
-0.00069834961
-0.097533026
-0.00075734658
-0.092702147
-0.00082131281
-0.089996725
-0.00089153967
-0.08780637
-0.0009689586
-0.082523984
-0.0010537614
-0.07095935
-0.0011503984
-0.052339676
-0.0012639082
-0.02716392
-0.0014022038
-0.0038761934
-0.0015581959
0.013957596
-0.0017201574
0.031328866
-0.0018959776
0.047097251
-0.0020909837
0.057340122
-0.0022971646
0.064898475
-0.0025115202
0.073273123
-0.0027446548
0.082250696
-0.0029922745
0.094886862
-0.0032625202
0.021520999
-0.0035681002
-0.18972448
-0.0033315448
-0.3404315
-0.0027794016
-0.35209424
-0.0029813587
-0.34886047
-0.0032550541
-0.34280239
-0.0035606578
-0.34102268
-0.0038674707
-0.34185981
-0.0041953558
-0.34496854
-0.0045418224
-0.347969
-0.0049179357
-0.11925471
-0.00021263763
-0.13515422
-0.00028232047
-0.13609807
-0.00030713028
-0.13511533
-0.00033034066
-0.13375735
-0.00035521671
-0.13242546
-0.00038248102
-0.13130397
-0.00041318834
-0.13069436
-0.00044856033
-0.12892605
-0.00048950854
-0.12521244
-0.00053503813
-0.11861819
-0.00058500359
-0.1105892
-0.00063782105
-0.10268315
-0.00069307104
-0.096251274
-0.00075245866
-0.092367738
-0.00081685337
-0.090527943
-0.00088693933
-0.089308285
-0.00096374089
-0.084563756
-0.0010479013
-0.072528666
-0.0011440068
-0.052381886
-0.0012570483
-0.025453996
-0.0013942017
-0.00068956412
-0.0015495837
0.018480295
-0.0017116601
0.036446626
-0.0018874302
0.051447377
-0.0020818896
0.060188202
-0.0022858369
0.066587475
-0.002496925
0.074335766
-0.0027260496
0.082567085
-0.0029709699
0.09465996
-0.0032387269
0.0089631677
-0.0035383404
-0.20518862
-0.003132109
-0.34274697
-0.0027654286
-0.352767
-0.0029822218
-0.34944575
-0.003258624
-0.34329319
-0.0035638538
-0.34148916
-0.0038698115
-0.34230252
-0.0041972595
-0.34539666
-0.0045457428
-0.0049233657
-0.11735271
-0.00021084032
-0.13349014
-0.00028058118
-0.13449912
-0.00030550714
-0.13360537
-0.00032888124
-0.13260766
-0.00035386931
-0.13112321
-0.00038127391
-0.13000297
-0.00041196029
-0.12917274
-0.00044720304
-0.12724803
-0.00048778087
-0.12364966
-0.00053294912
-0.1175825
-0.00058223418
-0.11071523
-0.00063444825
-0.10377409
-0.00068917941
-0.097254292
-0.00074809285
-0.092559231
-0.00081243768
-0.089808624
-0.00088281012
-0.087400908
-0.00096007295
-0.08191534
-0.0010451486
-0.070347049
-0.0011412799
-0.051850965
-0.0012534892
-0.026581119
-0.001388155
-0.0027268025
-0.0015415804
0.015559044
-0.0017013012
0.03311359
-0.001873628
0.048602719
-0.0020660216
0.058373375
-0.002270084
0.065373583
-0.0024815403
0.073251966
-0.0027103942
0.081505878
-0.0029545516
0.090995182
-0.0032216342
-0.047072241
-0.0035006536
-0.26511933
-0.0029161409
-0.34789269
-0.0027520385
-0.35328144
-0.0029827535
-0.34961216
-0.0032608153
-0.34368749
-0.0035650289
-0.34190449
-0.0038715506
-0.34269586
-0.0041999448
-0.34575191
-0.0045491929
-0.0049265541
-0.11651974
-0.00021024322
-0.13274481
-0.00028079718
-0.1337725
-0.00030594517
-0.13292287
-0.00032952869
-0.13173781
-0.00035459
-0.13036384
-0.00038193758
-0.12932542
-0.00041256458
-0.12847995
-0.00044785306
-0.12668728
-0.0004884595
-0.12344293
-0.00053390391
-0.1179903
-0.00058298061
-0.11164446
-0.000634864
-0.10501234
-0.00068922066
-0.09851836
-0.0007476183
-0.093351012
-0.00081184582
-0.089593626
-0.00088287517
-0.085881772
-0.00096135071
-0.079356462
-0.0010480484
-0.067551845
-0.0011452931
-0.049687316
-0.001257536
-0.025582509
-0.0013909006
-0.0029021362
-0.001542911
0.013872069
-0.0017006832
0.029860107
-0.0018685919
0.044981201
-0.0020584086
0.055519413
-0.0022628123
0.063456714
-0.0024768821
0.071830232
-0.0027079723
0.080483604
-0.0029530425
0.085418301
-0.0032208012
-0.069922756
-0.0034793369
-0.28479399
-0.0028478249
-0.34928148
-0.0027509963
-0.3537333
-0.0029842379
-0.34993678
-0.0032622509
-0.34410112
-0.0035659018
-0.34234713
-0.0038729991
-0.34311942
-0.0042024581
-0.34611361
-0.0045524011
-0.0049278466
-0.11380801
-0.00020987858
-0.12986221
-0.00028177935
-0.13109405
-0.00030735783
-0.13046891
-0.00033139854
-0.12944032
-0.00035708917
-0.12829325
-0.0003848793
-0.1272822
-0.00041571124
-0.12654874
-0.00045118861
-0.12492185
-0.00049156605
-0.1220519
-0.00053657235
-0.11728181
-0.00058581626
-0.11158949
-0.00063795299
-0.1056002
-0.0006926915
-0.099485736
-0.00075141365
-0.09370695
-0.00081612297
-0.088552919
-0.00088778334
-0.083037869
-0.00096701227
-0.074821683
-0.0010547475
-0.062370386
-0.0011530468
-0.045146055
-0.0012659802
-0.022829136
-0.0013986847
-0.0024752179
-0.0015491167
0.011151246
-0.0017049416
0.02428997
-0.0018708615
0.038888216
-0.0020599981
0.050707228
-0.002265117
0.060119698
-0.0024811188
0.069158619
-0.0027133328
0.078331421
-0.0029613781
0.080769349
-0.0032305316
-0.079743939
-0.0035054715
-0.29162629
-0.0029325561
-0.34973994
-0.0027562497
-0.35390705
-0.0029863193
-0.35023986
-0.0032626865
-0.34449485
-0.0035664596
-0.34274224
-0.0038739917
-0.34345208
-0.0042036469
-0.34639493
-0.0045546971
-0.0049290985
-0.11103517
-0.00020973858
-0.12763859
-0.00028246734
-0.12898821
-0.00030846737
-0.12845078
-0.00033275486
-0.12749319
-0.00035885049
-0.12644029
-0.00038734756
-0.12546352
-0.00041885002
-0.12457392
-0.00045480596
-0.12284941
-0.00049538955
-0.11990153
-0.00054053615
-0.11506708
-0.00058954856
-0.1095524
-0.00064168592
-0.1036287
-0.00069678981
-0.097471545
-0.00075652959
-0.092159858
-0.00082194564
-0.087707118
-0.00089386737
-0.082970344
-0.00097318317
-0.07572792
-0.0010606293
-0.063957642
-0.0011585952
-0.047027926
-0.0012715779
-0.025181123
-0.0014043306
-0.0054775171
-0.0015542268
0.0083167752
-0.0017094313
0.022064268
-0.0018762143
0.036880187
-0.002065992
0.048466875
-0.002271197
0.057875775
-0.0024868675
0.06786634
-0.0027200826
0.077789547
-0.0029705706
0.089554014
-0.0032420133
-0.034878069
-0.0035471977
-0.25241884
-0.0031836546
-0.34784366
-0.0027747961
-0.35386365
-0.0029883594
-0.35069325
-0.0032617267
-0.34499137
-0.0035662968
-0.34324729
-0.0038742093
-0.3438947
-0.0042037894
-0.34677989
-0.0045538387
-0.1103963
-0.00021070018
-0.12697662
-0.00028349806
-0.12838066
-0.00030945751
-0.12792254
-0.00033395981
-0.12695071
-0.00036012203
-0.12595142
-0.0003889249
-0.12492624
-0.00042076349
-0.12397439
-0.00045680924
-0.12217546
-0.0004974581
-0.11915349
-0.00054224615
-0.11436977
-0.00059112299
-0.10891058
-0.00064340586
-0.1030741
-0.00069884492
-0.097047374
-0.00075926377
-0.091747418
-0.00082537687
-0.087211181
-0.00089768447
-0.082422307
-0.00097684897
-0.075154314
-0.0010640451
-0.063417981
-0.0011620209
-0.046616474
-0.001275458
-0.025289761
-0.0014095641
-0.0063000132
-0.0015607357
0.0070922441
-0.0017189797
0.020735628
-0.0018885526
0.035719707
-0.0020799515
0.047665876
-0.0022840174
0.057547756
-0.0024984697
0.068182997
-0.0027315648
0.078785636
-0.0029827357
0.091861686
-0.0032561085
0.013122726
-0.0035647635
-0.19924076
-0.0034217666
-0.34311868
-0.0028056167
-0.35381667
-0.0029897829
-0.35109171
-0.0032610059
-0.3454201
-0.0035663131
-0.34372579
-0.0038743071
-0.34443684
-0.0042032567
-0.0045515188
-0.11349698
-0.00021208329
-0.13017675
-0.00028381019
-0.13147075
-0.00030948223
-0.13087
-0.00033353443
-0.12977576
-0.00035919503
-0.12855902
-0.00038725258
-0.12738215
-0.00041848959
-0.12626778
-0.0004545122
-0.12414523
-0.0004957224
-0.12071287
-0.00054158032
-0.11536797
-0.00059128889
-0.10954004
-0.00064385097
-0.1031979
-0.000699037
-0.096710907
-0.00075892298
-0.091589398
-0.00082431766
-0.087974538
-0.00089584793
-0.084601003
-0.00097426796
-0.078577833
-0.0010604355
-0.067241088
-0.0011576092
-0.049733939
-0.00127062
-0.026234906
-0.0014055681
-0.0037411404
-0.0015594053
0.01324488
-0.0017217214
0.029324421
-0.0018948988
0.044496574
-0.0020886438
0.054967746
-0.0022935695
0.063061947
-0.0025084169
0.072005001
-0.0027400891
0.081204019
-0.0029893432
0.092969391
-0.0032597224
0.039441248
-0.0035641196
-0.16606351
-0.0035171233
-0.33771607
-0.0028234151
-0.35394446
-0.0029906153
-0.35145618
-0.0032619761
-0.34570244
-0.0035677839
-0.34410888
-0.0038749821
-0.34500169
-0.0042040446
-0.0045521253
-0.11686663
-0.00021311375
-0.13349981
-0.0002837669
-0.1346758
-0.00030890885
-0.13395937
-0.00033246815
-0.13275345
-0.00035750066
-0.13142684
-0.00038479905
-0.13019852
-0.00041525543
-0.12907453
-0.00045101125
-0.12688567
-0.00049245587
-0.12329881
-0.00053909469
-0.11767174
-0.00058928608
-0.11148318
-0.00064207042
-0.10490616
-0.00069714273
-0.098340371
-0.00075631181
-0.093316625
-0.00082085088
-0.090048086
-0.0008914572
-0.08714571
-0.00096901155
-0.081394793
-0.00105448
-0.069963958
-0.0011514355
-0.052113107
-0.0012646933
-0.027788466
-0.0014010343
-0.003888247
-0.0015564271
0.014598587
-0.0017202233
0.031915127
-0.0018947601
0.047540299
-0.0020895483
0.057649373
-0.0022934399
0.065151924
-0.0025070386
0.073595982
-0.0027366509
0.082647606
-0.002984254
0.094443032
-0.0032525707
0.04660404
-0.0035579824
-0.15802934
-0.0034076233
-0.33668778
-0.002802115
-0.35468121
-0.0029897542
-0.35212264
-0.0032627344
-0.34603093
-0.0035691093
-0.34429983
-0.0038762852
-0.34506151
-0.004205218
-0.12146416
-0.00021318456
-0.1376257
-0.00028309249
-0.13857705
-0.00030809205
-0.13759949
-0.00033150452
-0.13632511
-0.0003564484
-0.13466192
-0.00038384955
-0.13333925
-0.0004145601
-0.13244379
-0.00045011296
-0.1302592
-0.00049132125
-0.12645643
-0.00053716355
-0.12011362
-0.00058705253
-0.11276819
-0.00063972396
-0.10528628
-0.00069490391
-0.09861702
-0.00075420289
-0.093989478
-0.00081885011
-0.091438036
-0.00088948284
-0.089279278
-0.00096690979
-0.083701973
-0.0010522524
-0.071579905
-0.0011491154
-0.052168723
-0.0012621591
-0.025689664
-0.0013981121
-1.2846276e-05
-0.0015535929
0.019357655
-0.0017171815
0.037319582
-0.0018916153
0.052791363
-0.0020871567
0.062105957
-0.0022916415
0.068495287
-0.0025054845
0.075404917
-0.002733271
0.082870549
-0.0029783486
0.094564625
-0.0032432726
0.0096297507
-0.0035498456
-0.20557891
-0.0032316126
-0.34541667
-0.0027771114
-0.35589194
-0.0029891444
-0.35271146
-0.0032643433
-0.34642718
-0.0035705351
-0.34463229
-0.0038767442
-0.0042056417
-0.11863339
-0.00021094872
-0.13505028
-0.00028229812
-0.13604847
-0.00030770697
-0.13513908
-0.00033141916
-0.13383895
-0.00035680242
-0.13236073
-0.00038433813
-0.13120199
-0.00041517704
-0.13027361
-0.00045074923
-0.12833673
-0.00049157
-0.1248922
-0.00053734772
-0.11919716
-0.00058671354
-0.11270146
-0.0006388369
-0.10589425
-0.00069351528
-0.099204003
-0.00075262732
-0.093941629
-0.00081754424
-0.090291829
-0.00088881028
-0.086884199
-0.0009673924
-0.080610036
-0.0010540283
-0.068759651
-0.0011514568
-0.050525929
-0.001264133
-0.025522379
-0.0013981377
-0.0011378656
-0.0015512341
0.016790235
-0.0017113364
0.033382855
-0.0018816205
0.048730707
-0.002074309
0.058912457
-0.0022791651
0.066035092
-0.0024939771
0.073141786
-0.0027229546
0.080626694
-0.0029684479
0.092586028
-0.0032339551
-0.013245407
-0.0035410425
-0.23125285
-0.003189325
-0.34803171
-0.0027742752
-0.35613894
-0.0029906103
-0.35290032
-0.0032665053
-0.34668919
-0.0035724153
-0.34486842
-0.0038786407
-0.0042073386
-0.11403404
-0.00020965238
-0.1307754
-0.00028136401
-0.13208573
-0.0003070651
-0.13149295
-0.00033130226
-0.13044658
-0.00035733181
-0.12930885
-0.00038581107
-0.12822776
-0.00041715503
-0.12731045
-0.00045276973
-0.12555167
-0.00049305966
-0.12255928
-0.00053763801
-0.11765014
-0.0005862732
-0.11201224
-0.00063822314
-0.10589821
-0.00069308877
-0.099437187
-0.00075251961
-0.093651744
-0.0008177476
-0.088592632
-0.0008896876
-0.083129742
-0.00096906148
-0.075178831
-0.0010567912
-0.062865088
-0.0011551179
-0.045623715
-0.0012680376
-0.023268802
-0.0014004886
-0.0020613729
-0.0015508863
0.012875325
-0.0017091099
0.026939931
-0.0018769592
0.04176907
-0.0020674381
0.053320332
-0.002272251
0.06220814
-0.0024882838
0.070643218
-0.0027183251
0.079155098
-0.0029649451
0.091753302
-0.0032321497
-0.0028834382
-0.0035385764
-0.21949144
-0.0033108642
-0.34684349
-0.0027913633
-0.35591495
-0.0029934193
-0.35293645
-0.0032676703
-0.3468767
-0.0035741236
-0.34508933
-0.0038808206
-0.11380385
-0.00020984494
-0.13032689
-0.00028130051
-0.1316411
-0.00030693475
-0.13100926
-0.00033117716
-0.12986187
-0.00035706485
-0.12880341
-0.00038543457
-0.12773654
-0.00041673516
-0.12679339
-0.00045247056
-0.1250443
-0.00049296244
-0.12198877
-0.00053762653
-0.1170451
-0.00058628619
-0.11125653
-0.00063828072
-0.10530283
-0.00069322001
-0.099316351
-0.00075268537
-0.09375462
-0.00081789987
-0.088700048
-0.00088943123
-0.083230694
-0.00096789964
-0.075160142
-0.0010544911
-0.062863533
-0.0011518542
-0.045843074
-0.0012642518
-0.023903619
-0.0013972624
-0.0030503397
-0.0015487619
0.012005126
-0.0017087017
0.026432136
-0.0018789129
0.041507675
-0.0020711849
0.053141722
-0.0022752693
0.062130689
-0.0024894559
0.070956429
-0.002718529
0.079965491
-0.0029652169
0.092164608
-0.0032325413
0.027480383
-0.0035360293
-0.18177837
-0.0034654972
-0.34182897
-0.0028208948
-0.35560446
-0.0029961122
-0.35300415
-0.0032686335
-0.34701793
-0.0035755755
-0.0038831847
-0.11616267
-0.00021015978
-0.13296534
-0.00028202063
-0.13419754
-0.00030777874
-0.13353168
-0.00033194723
-0.13227553
-0.0003579026
-0.13095808
-0.00038605597
-0.12966754
-0.00041732652
-0.12842175
-0.00045316671
-0.12618143
-0.0004938848
-0.1226365
-0.0005391667
-0.1172197
-0.00058819575
-0.11134461
-0.0006402584
-0.10498618
-0.0006950341
-0.098435642
-0.00075445242
-0.093163462
-0.00081952607
-0.089370204
-0.00089098921
-0.085828219
-0.00096929384
-0.079665113
-0.0010555199
-0.068315152
-0.0011524252
-0.050919008
-0.0012646648
-0.027221458
-0.0013978212
-0.0036793961
-0.0015496723
0.014583655
-0.0017099743
0.031589041
-0.0018815774
0.047076584
-0.0020743898
0.057326664
-0.0022782917
0.064706601
-0.0024926826
0.07264206
-0.0027222391
0.08113281
-0.0029704507
0.092573692
-0.0032375813
0.045802038
-0.0035394302
-0.15779468
-0.0035548748
-0.33696136
-0.002845375
-0.35555927
-0.0029987236
-0.35320356
-0.0032709506
-0.34717858
-0.003577717
-0.0038848618
-0.11332689
-0.00021061848
-0.13010412
-0.0002824663
-0.13148862
-0.00030830386
-0.13099508
-0.000332691
-0.12991722
-0.00035885741
-0.1288214
-0.00038754235
-0.12766143
-0.00041921118
-0.1265283
-0.00045524146
-0.12447123
-0.00049580844
-0.1211329
-0.00054054112
-0.11602598
-0.00058933947
-0.11035312
-0.00064151411
-0.1042855
-0.00069675208
-0.098039515
-0.00075696264
-0.092703496
-0.0008227221
-0.088398126
-0.00089460937
-0.084050864
-0.00097318083
-0.07718854
-0.0010597118
-0.065584103
-0.0011569927
-0.048416155
-0.0012698335
-0.025924015
-0.0014035889
-0.0045909591
-0.0015558444
0.011361053
-0.0017166714
0.026913048
-0.0018885404
0.042301534
-0.002081748
0.05335611
-0.0022849781
0.061827263
-0.0024991998
0.070948376
-0.0027289006
0.080449048
-0.0029780041
0.09210233
-0.0032470312
0.056666911
-0.0035507279
-0.14250403
-0.0036434734
-0.33278683
-0.0028808024
-0.35532701
-0.0030007988
-0.35334372
-0.0032716712
-0.34740422
-0.0035791713
-0.1175251
-0.00021161556
-0.13435601
-0.0002828186
-0.13559555
-0.00030852257
-0.13494336
-0.00033282352
-0.13363837
-0.0003588953
-0.1322962
-0.00038748828
-0.13092765
-0.00041907476
-0.12961808
-0.00045510446
-0.1272786
-0.00049590248
-0.12360016
-0.00054107089
-0.11806416
-0.00059016101
-0.11204663
-0.00064249547
-0.10558689
-0.00069767359
-0.099060141
-0.0007576557
-0.093837042
-0.00082323035
-0.090050567
-0.00089495467
-0.086493168
-0.00097335715
-0.080330897
-0.0010595659
-0.068918845
-0.001156597
-0.051298606
-0.0012692268
-0.027291621
-0.0014032608
-0.0032150877
-0.0015567535
0.0154834
-0.0017210814
0.03264114
-0.001895075
0.048074082
-0.0020899642
0.058208357
-0.0022944378
0.065727333
-0.0025094635
0.073891464
-0.0027388539
0.082454631
-0.0029867926
0.093290806
-0.0032539203
0.07072364
-0.0035546608
-0.12231284
-0.0036901405
-0.32630051
-0.0029016646
-0.35550135
-0.0030023728
-0.35365596
-0.0032733224
-0.003581265
-0.11699094
-0.00021116024
-0.13389125
-0.0002829265
-0.13518381
-0.00030873806
-0.13455105
-0.00033316057
-0.13323161
-0.00035926635
-0.13199677
-0.00038790264
-0.1306716
-0.00041953897
-0.1293407
-0.00045569085
-0.12702029
-0.00049659265
-0.12338225
-0.0005417876
-0.11789587
-0.00059085461
-0.11192969
-0.00064314354
-0.10557513
-0.00069833325
-0.099100816
-0.00075834863
-0.093830141
-0.00082403151
-0.089987597
-0.00089604083
-0.086381737
-0.00097483009
-0.080130829
-0.001061586
-0.068709731
-0.0011589599
-0.051234759
-0.0012716298
-0.027471271
-0.0014052404
-0.0034468228
-0.0015580658
0.01533531
-0.0017210246
0.032650698
-0.0018937608
0.048269464
-0.0020885139
0.058425833
-0.0022933261
0.065700139
-0.0025091935
0.073449223
-0.0027378903
0.0817163
-0.0029856644
0.092397341
-0.0032521127
0.071822437
-0.0035518139
-0.11977233
-0.0037507127
-0.32524599
-0.0029578095
-0.35568476
-0.0030043752
-0.35392021
-0.0032747702
-0.0035827985
-0.11486235
-0.00021120423
-0.13190473
-0.0002831401
-0.13327925
-0.00030896553
-0.13274022
-0.00033340553
-0.13164362
-0.00035955695
-0.13046962
-0.00038827784
-0.12925342
-0.00041995772
-0.12806642
-0.00045606943
-0.12598986
-0.00049689874
-0.1227004
-0.00054203631
-0.11762695
-0.00059110863
-0.11199636
-0.00064341881
-0.10586749
-0.00069857938
-0.099359592
-0.00075866498
-0.093691999
-0.00082443355
-0.089014423
-0.00089649154
-0.084202867
-0.00097531444
-0.076890418
-0.0010621867
-0.064991777
-0.0011597219
-0.047807866
-0.0012725578
-0.025066796
-0.0014062402
-0.0026053589
-0.0015591441
0.014259524
-0.00172177
0.030131286
-0.0018943999
0.045557663
-0.0020889992
0.056508493
-0.0022939724
0.064464974
-0.0025101105
0.072286097
-0.0027386946
0.080567663
-0.0029861704
0.09085054
-0.0032519047
0.090692528
-0.0035489352
-0.083398189
-0.0038546
-0.30596117
-0.0032061965
-0.35490995
-0.0030126521
-0.35394923
-0.0032756646
-0.11682472
-0.0002112703
-0.13377466
-0.00028323297
-0.13507683
-0.00030909048
-0.13447142
-0.00033347359
-0.13324334
-0.00035953531
-0.13196079
-0.00038823487
-0.13064801
-0.00041986529
-0.12935376
-0.00045595838
-0.12708436
-0.00049677965
-0.12352035
-0.00054189907
-0.11810421
-0.00059099845
-0.11219865
-0.00064329685
-0.10586339
-0.00069844899
-0.09932224
-0.00075843756
-0.093936421
-0.00082414213
-0.089971054
-0.00089608231
-0.086243209
-0.00097472051
-0.079866536
-0.0010613274
-0.068355887
-0.0011587411
-0.050842991
-0.0012714878
-0.027034965
-0.0014051371
-0.0028769252
-0.0015579118
0.015840684
-0.0017205419
0.033054148
-0.0018932507
0.048788313
-0.0020882692
0.059089454
-0.00229332
0.066265258
-0.0025092762
0.073598537
-0.0027376132
0.0813215
-0.0029851849
0.09082331
-0.0032499873
0.10664006
-0.0035470459
-0.011413751
-0.0038973506
-0.23999854
-0.0036070036
-0.35201368
-0.003049304
-0.0032782261
-0.11482015
-0.00021157303
-0.13186797
-0.00028342827
-0.13323702
-0.00030921923
-0.13267153
-0.00033351791
-0.13158148
-0.00035957575
-0.13040444
-0.00038811755
-0.12922968
-0.00041961725
-0.12811064
-0.00045570936
-0.12609957
-0.0004965842
-0.12286113
-0.00054186515
-0.11774737
-0.00059098382
-0.11199611
-0.00064330874
-0.10581218
-0.00069843542
-0.099307692
-0.093681092
-0.089188163
-0.084711468
-0.077651447
-0.065804953
-0.0011581221
-0.048498596
-0.0012708767
-0.025527791
-0.0014047664
-0.0028636926
-0.0015580149
0.01398837
-0.001721353
0.029895567
-0.0018946335
0.045557111
-0.0020900957
0.056598258
-0.0022950721
0.064527818
-0.0025108235
0.072376
-0.0027389153
0.080494161
-0.0029865092
0.090766524
-0.0032509316
0.10650686
-0.003550169
0.055993165
-0.00389619
-0.15859604
-0.003975038
-0.34139829
-0.11878678
-0.00021301377
-0.13581945
-0.00028371619
-0.13705762
-0.00030909424
-0.1363745
-0.00033300439
-0.13500613
-0.00035836121
-0.13359135
-0.0003856469
-0.13217087
-0.0004164504
-0.13079817
-0.00045233429
-0.12844725
-0.00049372534
-0.12479108
-0.00054023134
-0.11926856
-0.1133394
-0.070117995
-0.052483497
-0.02823197
-0.0030533052
-0.0015548483
0.016952573
-0.0017227568
0.035191106
-0.0019000659
0.051433699
-0.0020974105
0.061783075
-0.00230188
0.068838628
-0.0025161968
0.076089757
-0.0027434677
0.083563041
-0.0029894861
0.093594673
-0.0032509217
0.10859034
-0.0035478909
0.099901385
-0.0038892731
-0.0041374564
-0.12386061
-0.1405894
-0.14151023
-0.00030850373
-0.14037468
-0.00033198605
-0.13852107
-0.00035667021
-0.13681606
-0.00038344169
-0.13523185
-0.00041382158
-0.1338232
-0.0004496681
-0.13130626
-0.00049141283
-0.00065586351
0.022651303
0.042731471
-0.0019047904
0.058971494
-0.0021037619
0.068111576
-0.0023073026
0.073725714
-0.0025195024
0.079670391
-0.0027450752
0.085836594
-0.0029888774
0.095138206
-0.0032483384
0.10958984
-0.0035448036
0.10938785
-0.0038871407
-0.0041201259
-0.14479654
-0.14339058
-0.00033165727
-0.14123996
-0.00035610377
-0.13925107
-0.0003827222
-0.13760679
-0.00041295712
-0.13625523
0.047586349
0.063984519
0.071906753
0.076253817
0.08154429
0.087326492
0.096241677
0.11104792
0.098411628
-0.14382635
-0.14174253
-0.13960193
)
;

boundaryField
{
    Side
    {
        type            empty;
    }
    Inlet
    {
        type            calculated;
        value           nonuniform List<scalar> 0();
    }
    Airfoil
    {
        type            calculated;
        value           uniform 0;
    }
    Outlet
    {
        type            calculated;
        value           nonuniform List<scalar> 0();
    }
    procBoundary42to10
    {
        type            processor;
        value           nonuniform List<scalar> 
100
(
-0.29392568
-0.29615306
-0.010891366
-0.29214157
-0.29421643
-0.29624762
-0.29824628
-0.30025456
-0.30220908
-0.30413148
-0.30598905
-0.010135836
-0.30108695
-0.30279349
-0.30452928
-0.30624389
-0.30793907
-0.30962082
-0.31124914
-0.31287015
-0.31444514
-0.31595598
-0.31741778
-0.31877492
-0.32016857
-0.32161223
-0.0093721545
-0.31991287
-0.32135776
-0.32276796
-0.32400937
-0.32524965
-0.32638739
-0.3276255
-0.0087177036
-0.32569022
-0.32681913
-0.0080382358
-0.32682884
-0.32792245
-0.3289959
-0.32998941
-0.33092559
-0.33178099
-0.0073743158
-0.32981295
-0.33080339
-0.33164943
-0.0067895295
-0.3323964
-0.33327801
-0.3341815
-0.33497543
-0.33574786
-0.0062712777
-0.33933234
-0.34007793
-0.34080369
-0.0057673572
-0.3439784
-0.34471484
-0.34539185
-0.34600044
-0.34659622
-0.34713268
-0.34771429
-0.34834697
-0.3487682
-0.34931346
-0.35008284
-0.005325173
-0.34839385
-0.34872085
-0.34902479
-0.34933654
-0.34979258
-0.0049293496
-0.34729788
-0.34790158
-0.34797695
-0.0045533874
-0.34535751
-0.34559226
-0.3458415
-0.0042094839
-0.34529095
-0.34549893
-0.34570908
-0.0038871419
-0.34752597
-0.34767593
-0.34781985
-0.0035838996
-0.35398019
-0.0031437484
-0.35386484
-0.0032821551
-0.09342858
-0.074797239
-0.10030707
)
;
    }
    procBoundary42to26
    {
        type            processor;
        value           nonuniform List<scalar> 
42
(
-0.00075840439
-0.00082403317
-0.00089582146
-0.00097428775
-0.0010607595
-0.0005901786
-0.00064278537
-0.10692188
-0.00069774376
0.08154401
-0.0011511613
-0.0012637266
-0.0013996446
-0.00021471706
-0.00028362474
-0.12723081
-0.00053817341
0.028761525
-0.0015511932
-0.0017235342
0.14415781
-0.00030839655
-0.00044877249
-0.13351361
-0.00049071479
-0.025334253
-0.0019082164
-0.002108224
-0.0023113513
-0.0025228301
-0.002748195
-0.0029919327
-0.0032508309
-0.0035461268
-0.0038916697
-0.0039847001
0.1454172
-0.00033320858
-0.00035778664
-0.00038394448
-0.1380246
-0.0004142532
)
;
    }
    procBoundary42to30
    {
        type            processor;
        value           nonuniform List<scalar> 
68
(
0.002236518
0.0024574798
0.0027134434
0.0029753573
0.00318353
0.0025194614
0.0025129067
0.0027223504
0.0018228503
-0.0093491724
0.0020048508
-0.27872311
0.002960531
0.0032405383
0.003535935
0.0038543313
0.0041906467
0.0045255983
0.0048841021
0.0052966836
0.0057573638
0.0062563873
0.0067756658
0.0073717846
0.0080472029
0.0087141421
0.0012553129
0.0013731265
0.0015078777
0.020681375
0.0016573667
-0.27654114
0.0093790258
0.010148019
0.010894285
0.061503366
0.0011452398
0.071353899
0.0010495469
0.078860178
0.00096255964
0.086283817
0.00088517304
0.090997588
0.00081655257
0.094188246
0.00075333871
0.098504029
0.00069217146
0.10358225
0.00063502317
0.10735216
0.0005804057
0.11056515
0.00053003904
0.10970235
0.00048534899
0.00041114998
0.11110205
0.00044616633
0.00035129641
0.11101193
0.00038012523
0.00020698032
0.00027505063
0.00030035575
0.11274153
0.00032521427
)
;
    }
}


// ************************************************************************* //
