/*--------------------------------*- C++ -*----------------------------------*\
| =========                 |                                                 |
| \\      /  F ield         | OpenFOAM: The Open Source CFD Toolbox           |
|  \\    /   O peration     | Version:  2506                                  |
|   \\  /    A nd           | Website:  www.openfoam.com                      |
|    \\/     M anipulation  |                                                 |
\*---------------------------------------------------------------------------*/
FoamFile
{
    version     2.0;
    format      ascii;
    arch        "LSB;label=32;scalar=64";
    class       volVectorField;
    location    "1.8";
    object      U;
}
// * * * * * * * * * * * * * * * * * * * * * * * * * * * * * * * * * * * * * //

dimensions      [0 1 -1 0 0 0 0];

internalField   nonuniform List<vector> 
1376
(
(94.190181 0.28331205 -3.5548432e-17)
(94.204438 0.066653305 -1.9417324e-22)
(94.250802 0.013155743 6.4023736e-17)
(94.249516 0.028518988 -9.309338e-18)
(94.261437 0.032986545 4.8742906e-17)
(94.272797 0.060023839 1.5021503e-22)
(94.285189 0.066305859 -5.1008157e-17)
(94.299155 0.043309583 8.5890673e-18)
(94.299057 0.090443695 3.9612152e-17)
(94.313503 0.11546132 -1.154198e-17)
(94.329132 0.10569412 6.0284146e-17)
(94.346894 0.14540799 5.4597905e-17)
(94.366127 0.15302776 7.2726713e-17)
(94.375555 0.16310946 0)
(94.394727 0.21589632 0)
(94.429674 0.25103519 5.6786188e-17)
(94.452206 0.25700863 5.7533444e-17)
(94.475202 0.32521469 -2.86016e-17)
(94.49743 0.37560127 4.4213217e-17)
(94.522683 0.45257107 0)
(94.556596 0.49346873 5.9139533e-17)
(94.587342 0.59202942 -3.4196896e-17)
(94.619143 0.71111732 0)
(94.655136 0.8201184 5.7041893e-17)
(94.690387 0.93105433 3.9427939e-17)
(94.735305 1.0872993 0)
(94.786608 1.2749315 2.6210507e-17)
(94.823781 1.4780602 4.026058e-17)
(94.854303 1.7027557 1.1554262e-17)
(94.890739 1.9814708 0)
(94.928549 2.284071 0)
(94.951025 2.6379598 8.7421775e-18)
(94.963169 3.056156 -1.0029271e-17)
(94.962189 3.4735096 4.6158402e-17)
(94.937555 4.1157874 0)
(94.937087 4.7307171 0)
(94.928892 5.4004177 3.4092216e-17)
(94.857193 6.4195322 -7.7342545e-17)
(94.792387 7.0667389 -3.2943818e-17)
(94.477351 11.698681 3.7904247e-17)
(94.727527 9.7195082 -7.2007747e-17)
(94.534753 12.266135 3.2637825e-17)
(94.875822 12.791038 -1.8673266e-17)
(94.889177 14.639346 0)
(96.990524 17.792782 0)
(96.993041 14.435198 -1.3140492e-17)
(96.051677 23.417638 1.3310476e-17)
(97.623938 23.548552 -1.6729648e-17)
(101.34137 36.499459 -1.6831646e-17)
(94.176726 0.16363627 7.6000392e-22)
(94.21385 0.050629438 3.7457439e-17)
(94.250656 0.0047232149 5.8231364e-17)
(94.251178 0.038798993 0)
(94.258111 0.039231031 7.9053509e-17)
(94.272092 0.062343652 0)
(94.28615 0.068469028 -6.6669686e-18)
(94.284959 0.056025931 1.5562476e-17)
(94.28997 0.073724292 -9.0710554e-18)
(94.30337 0.11428769 -3.1736138e-17)
(94.311943 0.13183768 -3.1908525e-22)
(94.335901 0.16693356 -1.4354964e-17)
(94.348385 0.17066486 -6.6739373e-17)
(94.357871 0.21004535 -9.7083772e-18)
(94.376235 0.22309333 1.129763e-17)
(94.402559 0.24706391 -3.9392892e-17)
(94.42601 0.32953796 -1.5290562e-17)
(94.450285 0.33508646 8.8963842e-18)
(94.467637 0.39918243 -6.1996149e-17)
(94.487044 0.43907841 1.1991996e-17)
(94.514928 0.54055668 -5.5751174e-17)
(94.543111 0.64334399 0)
(94.563352 0.726097 -9.3829263e-18)
(94.592393 0.83939525 -3.2667078e-17)
(94.613885 0.97637384 -5.0416506e-17)
(94.65234 1.1140371 0)
(94.688188 1.3084353 0)
(94.709436 1.5457565 -3.9268865e-17)
(94.722986 1.7446835 0)
(94.737963 2.004497 0)
(94.75074 2.3130003 6.8269307e-17)
(94.747858 2.7024352 -7.9203748e-17)
(94.736215 3.0892567 -4.0360455e-17)
(94.697721 3.5219705 -3.4686193e-17)
(94.634063 3.9920058 -2.6807918e-17)
(94.568535 4.6033806 1.5488097e-17)
(94.495275 5.3452694 -2.6710234e-17)
(94.376276 6.058597 7.1560233e-17)
(94.170012 7.2569212 -1.1828734e-17)
(94.215175 6.1747321 -2.7185017e-17)
(93.932404 9.1012937 -1.9083984e-20)
(93.805354 10.241425 -1.7941637e-17)
(93.471993 12.025062 -3.0028669e-17)
(93.140923 15.556651 4.6185264e-17)
(94.327706 17.375503 -1.313642e-17)
(92.34108 22.257613 -1.4354369e-17)
(94.182744 25.545405 -1.4815083e-17)
(95.771907 21.380315 2.0328459e-17)
(97.918191 40.981722 1.0772369e-17)
(94.163486 0.23820175 -7.7551216e-17)
(94.220812 0.082159803 4.5187589e-17)
(94.25343 0.03213073 -3.9705399e-17)
(94.252528 0.04169955 4.6144013e-17)
(94.257954 0.054834489 -9.0457186e-18)
(94.269233 0.017679097 5.2517477e-17)
(94.273973 0.051583484 0)
(94.274515 0.079524678 -1.4239168e-17)
(94.286593 0.089853185 8.3367286e-18)
(94.29675 0.08822265 4.8579948e-17)
(94.305032 0.13103538 3.3436692e-17)
(94.329153 0.16981923 -2.6454426e-17)
(94.335209 0.22742847 6.1526663e-17)
(94.345619 0.24845731 -1.7924465e-17)
(94.35971 0.25659667 -4.1747804e-17)
(94.377874 0.28715741 3.6427358e-17)
(94.400879 0.30470268 -4.2495594e-17)
(94.419245 0.34053878 -6.60017e-17)
(94.432939 0.4074144 -7.6848406e-17)
(94.449978 0.49456315 -3.3600518e-17)
(94.470256 0.54026617 7.8267181e-17)
(94.491165 0.636144 1.5199408e-17)
(94.504646 0.76021019 -7.0743869e-17)
(94.522786 0.82682561 9.2552392e-17)
(94.538341 0.98935048 3.5924205e-17)
(94.56551 1.1008072 0)
(94.585456 1.304545 0)
(94.593612 1.5314037 0)
(94.593306 1.7116551 1.0966288e-17)
(94.586055 1.9999393 -2.424606e-22)
(94.576784 2.3246851 -7.3909016e-17)
(94.554518 2.6200035 8.5309663e-18)
(94.509815 3.0134897 2.9879766e-17)
(94.43942 3.4977752 4.6406219e-17)
(94.34323 4.0144936 1.3502918e-17)
(94.219944 4.5754848 -1.5689823e-17)
(94.091706 5.2155421 -7.2974287e-17)
(93.910508 5.9862592 -4.234124e-17)
(93.702202 6.7866104 4.9269329e-17)
(93.308786 8.7636549 5.7019248e-17)
(93.079567 9.3081628 0)
(92.723552 10.842516 6.6954264e-17)
(92.169862 12.143994 1.1047652e-17)
(91.554118 15.653689 -5.1406985e-17)
(90.235237 15.617549 6.859272e-17)
(88.422113 29.740001 -7.6070999e-20)
(93.490887 28.00305 2.7312966e-17)
(91.292643 29.365726 -1.1771801e-17)
(95.826084 42.33704 -1.3418781e-17)
(94.156593 0.19602795 3.5281256e-17)
(94.225074 0.083271928 -6.1733718e-17)
(94.260005 0.022481471 0)
(94.252996 0.045024398 -7.0300862e-17)
(94.257256 0.066207506 -4.920683e-17)
(94.260977 0.046593693 2.8609935e-17)
(94.264757 0.043940455 1.1141892e-17)
(94.26955 0.053198717 0)
(94.282447 0.072817746 6.0926372e-17)
(94.290268 0.10856369 -1.7770737e-17)
(94.306008 0.13347468 -1.0294886e-17)
(94.318314 0.14368242 -1.2106971e-17)
(94.323728 0.17183026 -7.0623762e-17)
(94.330838 0.21086084 1.6461198e-17)
(94.340624 0.25895202 1.1522739e-16)
(94.355067 0.29203793 0)
(94.372237 0.3354551 0)
(94.388161 0.37109266 4.5844881e-17)
(94.399011 0.4117985 8.9191527e-17)
(94.410325 0.50230856 4.1639268e-17)
(94.419425 0.55085592 -8.4935906e-17)
(94.433954 0.63682497 -1.4167356e-17)
(94.444844 0.75646478 6.6310699e-17)
(94.45162 0.85892482 -4.8313549e-17)
(94.46272 0.99876674 -3.3846536e-17)
(94.474707 1.1378129 0)
(94.480968 1.3123562 1.5351772e-17)
(94.476965 1.5242241 4.0762349e-22)
(94.461373 1.7282183 -2.0888474e-17)
(94.435795 1.9782691 -1.2253083e-17)
(94.405938 2.2845195 5.7235083e-17)
(94.35751 2.6391663 8.3386961e-17)
(94.282893 3.0233791 -7.7978263e-17)
(94.183468 3.4154089 0)
(94.059 3.9465081 0)
(93.890605 4.4845498 0)
(93.691842 5.1868114 8.2421873e-17)
(93.45997 5.9286818 4.2928472e-17)
(93.143114 6.8215277 -6.2744343e-17)
(92.789987 7.4438909 4.6502406e-20)
(92.370043 8.8436562 0)
(91.893821 10.243733 -4.0531609e-17)
(91.208071 11.958401 4.772186e-17)
(90.536916 13.962113 0)
(88.838012 15.344945 -6.4289574e-17)
(88.714057 27.320326 9.4533177e-17)
(90.894985 23.261102 -9.0993029e-17)
(87.523106 29.494026 -5.3401151e-17)
(90.221069 46.752535 4.6486646e-17)
(94.154195 0.2092893 4.8366217e-17)
(94.219362 0.10155949 1.8807766e-17)
(94.263743 0.029044372 -2.1853107e-17)
(94.253426 0.043624076 -1.2840772e-17)
(94.251702 0.072944833 -1.4953118e-17)
(94.256095 0.071989175 -6.9865186e-17)
(94.257993 0.071021783 0)
(94.263831 0.083569518 -4.7628472e-17)
(94.269347 0.04041828 -5.5563752e-17)
(94.275591 0.091420933 1.6214463e-17)
(94.290309 0.11521808 7.5865412e-17)
(94.295007 0.084907721 -6.6403873e-17)
(94.303351 0.14653589 1.2936238e-17)
(94.307969 0.19634384 -7.0893417e-24)
(94.316666 0.23340274 -1.5892381e-16)
(94.330167 0.28879345 0)
(94.342938 0.33476494 -1.2076536e-17)
(94.356827 0.38550675 2.8262597e-17)
(94.36521 0.42964966 -1.6559341e-17)
(94.366005 0.47730729 0)
(94.366978 0.5785329 3.3758193e-17)
(94.375775 0.6604691 1.3492194e-22)
(94.384813 0.7521519 1.5399539e-17)
(94.384212 0.86344682 8.9825468e-17)
(94.384327 0.97820429 -4.2048435e-17)
(94.380823 1.1271916 2.4648942e-17)
(94.374193 1.3129833 -5.7820274e-17)
(94.359057 1.4852453 -1.6921791e-17)
(94.325048 1.7125823 -8.8380528e-22)
(94.280585 1.9628376 2.3352179e-17)
(94.231536 2.2470766 -5.475793e-17)
(94.161036 2.5654648 0)
(94.060301 2.9385228 1.5061749e-16)
(93.929238 3.3623946 0)
(93.777339 3.8251917 0)
(93.575293 4.4132703 -6.1519528e-17)
(93.325174 4.9630289 1.8129896e-17)
(93.035731 5.7561096 -6.423005e-17)
(92.673815 6.5335061 5.0597535e-17)
(92.201608 7.7920923 -5.9896992e-17)
(91.665935 8.7316481 5.3167302e-17)
(91.072831 10.124102 2.105309e-17)
(90.324501 11.629594 0)
(89.448101 13.126032 0)
(88.303431 16.258355 0)
(91.617559 4.5845065 -8.6112944e-17)
(87.663149 19.969991 9.8861433e-17)
(86.254382 23.778069 6.2492682e-17)
(86.923923 43.788593 9.4005454e-18)
(94.1508 0.20075172 4.4251557e-17)
(94.21433 0.089985493 1.7246402e-17)
(94.264491 0.031956059 8.0331918e-17)
(94.254998 0.042863632 0)
(94.249917 0.082733252 0)
(94.254479 0.05883546 0)
(94.253559 0.059101645 0)
(94.255431 0.072196078 8.7239205e-17)
(94.257263 0.082628547 2.5488759e-17)
(94.261097 0.083996161 2.9769515e-17)
(94.266641 0.12028908 -6.9516027e-17)
(94.274689 0.19421914 4.0697646e-17)
(94.283023 0.17970387 0)
(94.286315 0.22698586 -1.3933411e-17)
(94.291792 0.24854261 8.1360867e-17)
(94.304105 0.29855814 5.717675e-17)
(94.314306 0.34772785 2.2331035e-17)
(94.321277 0.36840805 -5.2241314e-17)
(94.326513 0.43562051 -4.5725424e-17)
(94.322409 0.49903119 -1.783406e-17)
(94.319569 0.5645751 -6.2683456e-17)
(94.320532 0.65680173 2.4420309e-17)
(94.323611 0.75976119 0)
(94.315773 0.87200711 -6.7137801e-17)
(94.301317 0.99005745 -7.9012932e-17)
(94.283522 1.1110783 -2.3209451e-17)
(94.265143 1.2992479 1.4973909e-16)
(94.235877 1.5015291 4.7869202e-17)
(94.185832 1.691969 1.8761248e-17)
(94.122087 1.9347409 -6.6319656e-17)
(94.055031 2.2147197 -5.2039963e-17)
(93.964543 2.5273223 6.1192827e-17)
(93.837969 2.8927488 -9.0111174e-17)
(93.679162 3.2917482 -6.392818e-17)
(93.493051 3.7428934 0)
(93.266003 4.2784342 1.1947882e-16)
(92.970161 4.860534 0)
(92.632419 5.5272679 0)
(92.205138 6.3474201 -5.0060881e-17)
(91.684262 7.136648 1.4929281e-17)
(91.056302 8.2630055 -1.0723974e-16)
(90.358689 9.4269554 -5.3649682e-17)
(89.461933 11.302256 1.240933e-20)
(88.32744 12.907406 -1.5580599e-17)
(87.463713 15.608927 0)
(83.791001 26.931408 -8.827103e-17)
(82.170523 27.888731 -1.3947492e-17)
(79.181902 35.274719 2.6511938e-17)
(80.341026 47.412358 -1.0044439e-17)
(94.143307 0.2043139 2.106775e-21)
(94.213249 0.1475934 1.5863094e-17)
(94.262995 0.044771261 -5.5497006e-17)
(94.255799 0.044742274 0)
(94.247627 0.093889107 2.5258293e-17)
(94.25073 0.079609077 -2.950975e-17)
(94.251612 0.065067552 0)
(94.250421 0.076763966 -2.0089432e-17)
(94.25107 0.093925456 -7.0497716e-17)
(94.253462 0.10365793 0)
(94.255445 0.1181129 -4.8217891e-17)
(94.262934 0.13744934 -3.7605544e-17)
(94.267537 0.17343769 -2.1966402e-17)
(94.267045 0.19060804 0)
(94.267334 0.26481073 -1.4984455e-17)
(94.273869 0.28726202 -7.0278122e-17)
(94.281316 0.30658145 8.2675595e-17)
(94.281932 0.37726404 -1.0520368e-21)
(94.284146 0.41159622 8.4534612e-17)
(94.280599 0.50077152 0)
(94.272411 0.57578608 3.8862555e-17)
(94.264902 0.65969237 0)
(94.257532 0.74314462 0)
(94.239124 0.85101158 1.566827e-17)
(94.210934 0.97482506 5.5292249e-17)
(94.181061 1.1015201 0)
(94.15386 1.254871 -7.6520337e-17)
(94.112098 1.4412892 -8.9866646e-17)
(94.044834 1.6578589 -7.0594213e-17)
(93.962824 1.8875535 4.1674541e-17)
(93.876513 2.1457223 -1.2672843e-20)
(93.767608 2.445543 -4.3516522e-17)
(93.619571 2.7785927 4.2131318e-21)
(93.434927 3.175523 8.1344629e-17)
(93.215962 3.5919786 4.833263e-17)
(92.957336 4.1089813 -2.8725361e-17)
(92.62665 4.7463461 6.856899e-17)
(92.23542 5.3442128 -8.1901147e-17)
(91.765492 6.1132037 -1.2269081e-17)
(91.166028 6.996791 1.4722544e-17)
(90.447411 8.2689181 -1.7800212e-17)
(89.627308 9.3846531 1.0752957e-16)
(88.666401 10.706282 1.3095333e-17)
(87.379395 12.461593 4.8149875e-17)
(85.799584 16.027015 -9.7847165e-18)
(84.909871 12.479405 2.0470109e-16)
(82.676175 16.973884 -1.2307541e-16)
(80.437855 22.702173 0)
(77.040842 43.021948 6.1585609e-19)
(94.132295 0.19768473 -4.9922447e-17)
(94.20543 0.097374846 -5.8435693e-17)
(94.259633 0.036522013 0)
(94.248573 0.030880944 -1.9870968e-17)
(94.237391 0.091761937 -2.3238378e-17)
(94.243058 0.10302103 5.4384235e-17)
(94.248261 0.071462173 0)
(94.246238 0.074583067 2.5209564e-22)
(94.246398 0.083534164 -5.2789424e-22)
(94.247619 0.098728449 5.084047e-17)
(94.249186 0.12716674 5.9542877e-17)
(94.251921 0.14922507 3.4840725e-17)
(94.252875 0.18136304 0)
(94.247714 0.19953679 -2.3771496e-17)
(94.241913 0.22271786 -5.5961745e-22)
(94.241178 0.30513445 3.2645791e-17)
(94.245499 0.34493157 -1.9015152e-17)
(94.243296 0.37922763 2.232336e-17)
(94.239656 0.43593245 7.8694281e-17)
(94.233777 0.5008141 -6.1516859e-17)
(94.220051 0.56852143 1.8044395e-17)
(94.201629 0.63604677 2.1213247e-17)
(94.183195 0.73746043 2.4911846e-17)
(94.156034 0.83168294 -2.9238786e-17)
(94.116859 0.94863545 1.7204994e-17)
(94.076475 1.0888976 2.0288267e-17)
(94.039406 1.2368845 0)
(93.985857 1.4095937 5.6175825e-17)
(93.903513 1.6049564 1.3259507e-16)
(93.802277 1.8297128 1.9605216e-17)
(93.695235 2.0770007 2.318717e-17)
(93.568678 2.3643235 -2.7438471e-17)
(93.400952 2.6885435 -3.2522813e-17)
(93.191836 3.0592205 0)
(92.941959 3.4811708 -6.9084452e-17)
(92.65143 3.9274114 -2.7491224e-17)
(92.297389 4.4299827 -1.6436758e-17)
(91.859373 5.0818845 1.185456e-16)
(91.343098 5.8237033 -3.5700796e-17)
(90.690151 6.7297694 7.1911901e-17)
(89.930716 7.4155866 1.7459295e-17)
(88.996349 8.6928252 -3.1937407e-17)
(87.891547 10.049855 -9.1505977e-17)
(86.412291 12.360726 7.7612965e-20)
(84.905915 12.567885 -8.0121554e-17)
(80.966941 23.143451 -1.1556211e-16)
(77.843097 26.548061 1.6108497e-17)
(73.686301 32.881827 1.0692414e-17)
(70.54669 44.537105 -1.293795e-17)
(94.121895 0.20910559 4.6283056e-17)
(94.193531 0.1443018 5.413711e-17)
(94.257596 0.045003955 3.15468e-17)
(94.24162 0.027170916 0)
(94.22487 0.084065121 2.1499227e-17)
(94.232311 0.13615316 -2.5197522e-17)
(94.240111 0.095244118 -5.8903689e-17)
(94.237364 0.085815317 2.5015151e-22)
(94.232603 0.092287518 -2.015543e-17)
(94.230753 0.10138826 2.3566631e-17)
(94.233634 0.11767634 0)
(94.233916 0.15205324 0)
(94.23346 0.1606342 0)
(94.226385 0.18172286 0)
(94.216175 0.24068553 -2.5943162e-17)
(94.21078 0.29598054 -6.066094e-17)
(94.210972 0.33547086 3.5384235e-17)
(94.205437 0.37716506 -2.0768931e-17)
(94.193737 0.42180951 -7.3288927e-17)
(94.180632 0.46944812 0)
(94.161376 0.5414071 -1.0095548e-16)
(94.133676 0.6272797 1.9775794e-17)
(94.106849 0.70792783 2.3261743e-17)
(94.073495 0.82030444 0)
(94.025906 0.9378153 0)
(93.974186 1.050917 -7.5944736e-17)
(93.92427 1.184776 -4.4764407e-17)
(93.858541 1.3463765 0)
(93.763381 1.5363056 -6.2291686e-17)
(93.643901 1.7495392 0)
(93.515156 1.9880831 6.5579241e-17)
(93.369553 2.2487411 2.5918201e-17)
(93.184523 2.5571924 4.6134498e-17)
(92.953071 2.8885681 7.3294366e-17)
(92.676513 3.3024875 2.1889533e-17)
(92.351518 3.72244 0)
(91.961243 4.2918023 -6.2944892e-17)
(91.493538 4.8491188 0)
(90.936612 5.4815283 9.1788265e-17)
(90.247748 6.1738287 3.1414695e-20)
(89.365983 7.2987929 -8.4970373e-17)
(88.361454 8.3575103 2.0886578e-17)
(87.1479 9.6173012 -1.0387265e-19)
(85.69225 10.63153 -8.0766437e-17)
(83.209852 15.5979 1.0228974e-16)
(81.951108 11.405636 1.0504099e-16)
(78.712738 15.319154 1.3682257e-16)
(74.529008 21.902353 1.8345294e-16)
(67.321066 39.973837 -6.8615892e-18)
(94.108718 0.20666608 -2.155895e-17)
(94.18406 0.10465297 -2.5228e-17)
(94.26341 0.039425117 -5.8790156e-17)
(94.244258 0.036688651 0)
(94.222297 0.05764879 0)
(94.224396 0.13070993 0)
(94.230805 0.12787931 5.4889004e-17)
(94.227989 0.11274181 3.2020479e-17)
(94.218215 0.095830127 -3.7435909e-17)
(94.208078 0.091048773 8.6156342e-22)
(94.207384 0.11304209 -2.5706559e-17)
(94.20912 0.14384014 -5.9922658e-17)
(94.206835 0.16787433 -1.1162787e-22)
(94.199527 0.19665297 4.1184895e-17)
(94.187015 0.22015446 -2.4181914e-17)
(94.178325 0.27127822 -2.9721451e-21)
(94.174185 0.31840541 3.3256534e-17)
(94.164883 0.36619407 -3.8894084e-17)
(94.147525 0.41322756 -3.0342135e-21)
(94.127731 0.47221567 0)
(94.103287 0.53832314 1.2601719e-16)
(94.069792 0.60965593 -3.7040058e-17)
(94.034443 0.69324577 4.3591677e-17)
(93.995053 0.78508391 5.1279675e-17)
(93.939624 0.88923575 -6.0381264e-17)
(93.874519 1.0063206 3.5629814e-17)
(93.810295 1.1379716 4.2053287e-17)
(93.732734 1.2910677 -4.9618907e-17)
(93.625957 1.469333 0)
(93.490267 1.6671573 0)
(93.34016 1.8822764 -4.1235525e-17)
(93.173197 2.1304687 -4.8959028e-17)
(92.970106 2.4165817 0)
(92.718293 2.7396182 -6.9452955e-17)
(92.418053 3.0920176 -8.3171029e-17)
(92.062545 3.534071 0)
(91.645085 3.942192 0)
(91.141311 4.5137106 1.8159533e-17)
(90.541316 5.1501099 -1.10128e-16)
(89.798339 5.9944954 -1.0745485e-16)
(88.890559 6.6803137 1.6451897e-17)
(87.797224 7.7858252 6.1204367e-17)
(86.483559 8.9551054 8.87854e-17)
(84.736256 11.14865 1.5998144e-17)
(82.930612 10.721593 0)
(79.036243 18.228603 -1.053207e-16)
(74.725761 22.791067 0)
(69.401043 27.740024 5.9091247e-19)
(61.641994 39.956584 -1.332079e-16)
(94.0839 0.21242451 4.0358456e-17)
(94.17425 0.14352526 0)
(94.26963 0.043244864 5.5102359e-17)
(94.249073 0.072107717 3.2209218e-17)
(94.222085 -0.066143723 -3.778711e-17)
(94.218312 0.12228437 0)
(94.226394 0.12151371 0)
(94.224153 0.1215442 -6.013016e-17)
(94.212169 0.11267251 0)
(94.195469 0.098961494 3.2410772e-22)
(94.185378 0.13648151 -4.8061421e-17)
(94.186132 0.15465544 2.804058e-17)
(94.181869 0.166511 3.2863396e-17)
(94.17148 0.18219597 -3.8572267e-17)
(94.15481 0.2089032 4.5280968e-17)
(94.140537 0.25115511 5.3203002e-17)
(94.132577 0.29495772 3.1191149e-17)
(94.121947 0.33258556 -7.3030201e-17)
(94.102077 0.38403873 4.286189e-17)
(94.077558 0.44698273 0)
(94.048718 0.51151869 -2.9607074e-17)
(94.010266 0.58119198 2.6102548e-21)
(93.965848 0.65760907 2.4608283e-21)
(93.917744 0.73894916 -9.6508694e-17)
(93.854652 0.83362128 5.6833635e-17)
(93.777051 0.94515725 -6.7098474e-17)
(93.697977 1.0680969 0)
(93.60897 1.2068023 4.6806048e-17)
(93.491851 1.3659998 -2.768156e-17)
(93.342568 1.548416 3.2833985e-17)
(93.17235 1.7543584 0)
(92.984115 1.9822156 0)
(92.761575 2.2411651 5.5204453e-17)
(92.491484 2.5411799 -6.59319e-17)
(92.168065 2.8712649 7.9009483e-17)
(91.788451 3.2425124 -2.3757471e-17)
(91.336675 3.710866 5.7337463e-17)
(90.800803 4.1720982 1.7369656e-17)
(90.164517 4.7541706 2.1112679e-17)
(89.401175 5.3276657 5.166925e-17)
(88.429825 6.2173052 6.3608759e-17)
(87.275908 7.0079358 -7.8956659e-17)
(85.851393 8.2903665 0)
(84.152456 8.9689482 0)
(81.522915 12.83395 0)
(78.865451 12.028743 -1.3345662e-17)
(74.953565 14.240585 1.6244426e-16)
(68.905134 20.475231 -4.1207066e-16)
(59.469215 34.356642 -4.7000287e-18)
(94.052348 0.20555038 -7.5966988e-17)
(94.157772 0.13763275 9.6095432e-21)
(94.266491 0.0062533128 3.6217033e-21)
(94.248947 0.066757138 -6.0635831e-17)
(94.21705 -0.066034886 3.5472464e-17)
(94.206989 0.090932572 4.1486472e-17)
(94.216934 0.11591465 -4.8524053e-17)
(94.221467 0.12147726 5.6837374e-17)
(94.212333 0.11854367 0)
(94.192677 0.087073431 0)
(94.177296 0.10865218 4.5603403e-17)
(94.173842 0.14970089 -2.665844e-17)
(94.167667 0.1602335 -3.1102663e-17)
(94.153322 0.17988908 3.6418316e-17)
(94.13093 0.20101171 1.1662031e-21)
(94.109254 0.2357275 0)
(94.094673 0.27533611 0)
(94.080645 0.32112067 -3.447337e-17)
(94.058471 0.3628064 4.0442069e-17)
(94.029299 0.40500895 -2.377351e-17)
(93.994545 0.46145589 5.5900606e-17)
(93.950657 0.52941225 6.5755368e-17)
(93.898286 0.60010812 -3.8713798e-17)
(93.840789 0.68288816 -2.280349e-17)
(93.770271 0.7783054 1.0748135e-16)
(93.682307 0.87933732 3.1718855e-17)
(93.588874 0.98824323 4.5344763e-21)
(93.487916 1.1131432 2.2167489e-17)
(93.36075 1.2607402 2.6224203e-17)
(93.200148 1.4300562 -6.2221809e-17)
(93.013157 1.615017 -3.6992558e-17)
(92.805248 1.822748 4.4018251e-17)
(92.563353 2.0586528 -1.0494378e-16)
(92.275045 2.3273511 6.2712949e-17)
(91.931956 2.6316953 1.8822638e-17)
(91.527424 2.9766942 4.531663e-17)
(91.05132 3.3589152 -1.0948709e-16)
(90.481219 3.8362521 -9.9622691e-17)
(89.80916 4.3244483 0)
(88.999893 4.99649 0)
(88.000386 5.6529202 0)
(86.759496 6.5290409 -1.9117275e-17)
(85.276274 7.5196446 -7.226143e-17)
(83.314887 9.2632118 -1.5342094e-17)
(80.996747 9.6129754 2.9860481e-17)
(77.347758 13.62051 7.9624379e-17)
(72.294707 18.17733 9.3158732e-18)
(65.064076 23.415466 2.2594913e-16)
(55.104299 32.848008 -2.5477043e-18)
(94.020978 0.19894894 0)
(94.139089 0.11589787 4.2138992e-17)
(94.262645 0.062946962 -4.0256137e-21)
(94.246845 0.087237035 2.8678575e-17)
(94.213292 -0.018531218 0)
(94.197132 0.075772876 0)
(94.201895 0.11439996 0)
(94.210532 0.11563782 2.2236705e-22)
(94.206389 0.11656052 3.1407025e-17)
(94.189624 0.080778206 -7.3705626e-17)
(94.174496 0.089592245 -4.3288328e-17)
(94.170256 0.13196812 1.0134722e-16)
(94.162816 0.14874727 0)
(94.145828 0.16636062 3.4636946e-17)
(94.119676 0.19069249 -4.0613745e-17)
(94.091833 0.22484302 0)
(94.06941 0.26114406 5.5900809e-17)
(94.049076 0.2953899 3.27598e-17)
(94.021929 0.33518566 -3.8423138e-17)
(93.986526 0.38316691 -9.0291133e-17)
(93.94412 0.43352504 4.8740365e-22)
(93.893392 0.49056584 0)
(93.833629 0.55729051 -7.3541718e-17)
(93.767628 0.62884941 4.3327853e-17)
(93.690472 0.70846482 5.1046503e-21)
(93.594245 0.79934554 3.0149664e-17)
(93.487497 0.89917264 4.6192091e-21)
(93.374057 1.0118467 2.1095417e-17)
(93.237207 1.1405492 -4.9941956e-17)
(93.066528 1.2879919 5.9258488e-17)
(92.865494 1.4542142 1.0209554e-20)
(92.64026 1.6395433 -6.2963983e-17)
(92.380536 1.8514045 7.5106273e-17)
(92.074389 2.0875568 2.9957466e-17)
(91.713226 2.3618559 -3.5962285e-17)
(91.286917 2.6643228 -2.1682047e-17)
(90.785935 3.0094076 5.2415534e-17)
(90.191677 3.4074209 1.5913691e-17)
(89.483428 3.8844322 3.8922871e-17)
(88.643986 4.3720662 -2.3904906e-17)
(87.607586 5.0572786 -1.4817211e-17)
(86.32496 5.7429002 1.8481691e-17)
(84.754845 6.6796832 1.8701008e-16)
(82.79498 7.5973427 4.4967607e-17)
(80.089865 9.6639423 1.9487545e-17)
(76.64547 10.844202 -9.1744356e-17)
(71.897061 12.74182 -1.5576044e-16)
(64.467505 16.937224 -2.3108499e-16)
(53.137291 27.60985 1.7482584e-16)
(93.989338 0.18588627 -6.8616805e-17)
(94.120242 0.11891056 4.0193484e-17)
(94.259203 0.011970267 -7.0464954e-17)
(94.245985 0.053420191 8.2145602e-17)
(94.21215 0.004516766 0)
(94.191597 0.010370916 -3.7626333e-17)
(94.190447 0.11136006 0)
(94.192282 0.10858266 -2.5562866e-17)
(94.18653 0.1024504 2.9924734e-17)
(94.17102 0.10044566 3.5089809e-17)
(94.158219 0.076504615 4.1235875e-17)
(94.156947 0.074669071 -4.8251307e-17)
(94.150812 0.088526091 0)
(94.134934 0.11390182 -6.6057275e-17)
(94.109613 0.14333052 7.7536854e-17)
(94.079871 0.17641926 5.0567995e-22)
(94.051694 0.21192177 -5.3392626e-17)
(94.025219 0.25099076 -9.3931845e-17)
(93.993215 0.29268307 1.101868e-16)
(93.952102 0.33727255 -2.6356e-21)
(93.902136 0.38753045 5.0721974e-17)
(93.843597 0.44302271 2.9842101e-17)
(93.776465 0.49957946 3.1818645e-22)
(93.701905 0.55995755 -4.1414821e-17)
(93.617531 0.62949821 2.3888944e-22)
(93.514809 0.70906135 2.8828722e-17)
(93.397009 0.79714986 -6.8186314e-17)
(93.271109 0.89628492 -4.0358883e-17)
(93.124856 1.009813 6.9916279e-21)
(92.945006 1.1397432 0)
(92.731748 1.284172 0)
(92.491102 1.445387 2.0113442e-17)
(92.215609 1.6276574 9.1623664e-21)
(91.893142 1.8354432 -5.7456903e-17)
(91.514934 2.0673339 -3.4517723e-17)
(91.069396 2.3355536 2.0817845e-17)
(90.545064 2.6436827 2.5200563e-17)
(89.925815 2.9800837 -1.5338199e-17)
(89.190321 3.3869036 1.8743292e-17)
(88.314154 3.8647911 0)
(87.250962 4.3925678 -4.2935063e-17)
(85.921972 5.0831295 -1.7904987e-17)
(84.288252 5.8242701 -9.0817678e-17)
(82.222182 6.9413286 -7.3062342e-17)
(79.49917 8.0575811 1.9147444e-17)
(75.754407 9.833769 -6.4800513e-18)
(70.305671 13.156566 -1.3647512e-16)
(61.648954 18.347373 3.3098773e-16)
(49.769773 25.383083 -1.8414946e-16)
(93.958284 0.16545243 5.4834463e-21)
(94.101478 0.10148422 3.8588003e-17)
(94.254761 0.035496787 4.5101635e-17)
(94.245206 0.037924496 -7.8878479e-17)
(94.213131 0.091012124 -3.077502e-17)
(94.187747 -0.088623078 3.6093906e-17)
(94.1837 0.073845393 6.3374049e-17)
(94.178848 0.11458297 -4.9281244e-17)
(94.169648 0.12876262 2.8806985e-17)
(94.155674 0.13672601 -3.3731694e-17)
(94.141624 0.10763309 -5.9283015e-17)
(94.131987 0.088409114 -2.3124579e-17)
(94.120026 0.092546722 -5.7559553e-22)
(94.103267 0.10197154 6.3393014e-17)
(94.080957 0.11522039 -3.71729e-17)
(94.05429 0.13642053 6.5441675e-17)
(94.025866 0.16648478 -5.1222039e-17)
(93.996865 0.20154586 -3.0062643e-17)
(93.962378 0.23872933 1.7255393e-21)
(93.918117 0.27709665 -2.0725284e-17)
(93.863537 0.31799966 -2.4375861e-17)
(93.799087 0.36463954 5.7373458e-17)
(93.725855 0.41700099 -6.7570995e-17)
(93.643892 0.47340633 -3.9821853e-17)
(93.552109 0.53529282 2.3484059e-17)
(93.443503 0.60417463 0)
(93.317019 0.67827085 -3.0985868e-21)
(93.179636 0.76071875 1.9413896e-17)
(93.024384 0.85581784 -6.9020627e-17)
(92.836982 0.96543173 2.7308613e-17)
(92.613511 1.0875141 0)
(92.359307 1.2251001 0)
(92.069802 1.3792951 0)
(91.733371 1.5563692 8.3110138e-17)
(91.339853 1.7530194 -3.3291368e-17)
(90.87737 1.97619 -4.0173195e-17)
(90.333987 2.2284239 0)
(89.69168 2.5285415 -2.962997e-17)
(88.931212 2.8529019 0)
(88.025821 3.2558634 -2.2356629e-17)
(86.930613 3.7049679 8.3190174e-17)
(85.571738 4.2598139 -1.7412606e-17)
(83.880766 4.9129664 1.1008456e-17)
(81.753073 5.7129449 2.8504654e-17)
(78.951311 6.7996336 -9.3468176e-18)
(75.046998 8.4385269 -6.3274886e-18)
(69.522687 10.116983 2.0764738e-16)
(60.968448 12.933915 -1.1448229e-16)
(48.295183 19.899586 4.4754494e-18)
(93.931588 0.13832658 0)
(94.084909 0.088878023 0)
(94.252743 0.01961567 -4.3603312e-17)
(94.2423 0.020284012 2.5406324e-17)
(94.210776 0.055012594 -1.488393e-17)
(94.182657 0.030319983 3.4861119e-17)
(94.173972 -0.014718306 -2.0409308e-17)
(94.164981 0.046732836 2.3842731e-17)
(94.157862 0.1023503 -2.7904734e-17)
(94.150182 0.084790429 6.528203e-17)
(94.136913 0.071943107 -5.7292068e-17)
(94.119268 0.07104222 2.369685e-22)
(94.099048 0.080166634 -5.2358409e-17)
(94.077637 0.092759458 -1.5336024e-17)
(94.053758 0.10464372 3.5947768e-17)
(94.025698 0.11834115 -4.2152821e-17)
(93.994364 0.13650174 2.4739951e-17)
(93.962187 0.15913454 -9.8047481e-22)
(93.926136 0.18697076 -1.3684515e-21)
(93.880636 0.22049895 2.0037572e-17)
(93.823707 0.25936887 0)
(93.755966 0.30165461 -2.7747894e-17)
(93.6793 0.34472686 6.5365362e-17)
(93.592542 0.38902114 5.7788428e-17)
(93.494809 0.43775707 4.6227961e-21)
(93.381341 0.49318877 -5.3668325e-17)
(93.248526 0.55394565 6.3473645e-17)
(93.101315 0.62148032 -1.8795966e-17)
(92.93726 0.69929877 2.2279808e-17)
(92.743818 0.78752207 -2.6445955e-17)
(92.51271 0.88551358 0)
(92.247097 0.9941805 -3.7523931e-17)
(91.94519 1.1192884 0)
(91.597104 1.2597342 0)
(91.191284 1.4191872 0)
(90.714348 1.5967956 0)
(90.154357 1.8003065 0)
(89.494738 2.0337206 4.3128827e-17)
(88.711486 2.3082477 -1.7593311e-17)
(87.781339 2.6128488 0)
(86.657759 2.9955023 0)
(85.269816 3.4319182 -1.6941868e-17)
(83.534309 3.968305 2.1493357e-17)
(81.344984 4.6378165 4.8670244e-17)
(78.461996 5.5313429 9.1675311e-18)
(74.494051 6.578894 5.0093784e-17)
(68.658086 8.674075 -7.1455875e-17)
(59.326748 11.916011 -3.4768773e-18)
(45.91035 17.182573 -1.9358765e-16)
(93.910713 0.10572964 3.1005917e-17)
(94.068486 0.068684975 -3.6324996e-17)
(94.249036 0.016163112 2.1225501e-17)
(94.240013 0.010689735 8.3233855e-22)
(94.212737 0.056652125 1.2089677e-21)
(94.183303 0.012479865 -3.3932793e-17)
(94.162507 -0.031666156 -1.6139807e-22)
(94.151488 0.077751367 2.3263614e-17)
(94.146589 0.091599115 1.3597208e-17)
(94.140275 0.075531368 -1.5881551e-17)
(94.129552 0.062680987 -5.5753373e-17)
(94.112801 0.056135831 4.3524656e-17)
(94.091165 0.058122654 5.0993366e-17)
(94.067882 0.066067632 -2.9886563e-17)
(94.041904 0.078148997 -1.7516044e-17)
(94.0106 0.093586379 -2.0534994e-17)
(93.974342 0.11112164 1.2045162e-17)
(93.936644 0.13026284 4.2442256e-17)
(93.896804 0.15147011 0)
(93.849015 0.17397126 -1.9517765e-17)
(93.789672 0.19868024 0)
(93.719092 0.22695293 -2.7024809e-17)
(93.639874 0.25824478 1.5915061e-17)
(93.550088 0.29217188 0)
(93.448247 0.32966218 -2.213768e-17)
(93.331252 0.3717532 3.9216763e-17)
(93.194423 0.41736338 0)
(93.040034 0.46769223 0)
(92.868238 0.52595217 -2.1718517e-17)
(92.669781 0.59280601 -1.2893163e-17)
(92.43362 0.66623379 3.0661256e-17)
(92.159269 0.74779858 1.8277412e-17)
(91.846935 0.84110709 -9.5636149e-21)
(91.489174 0.94940975 1.3085947e-17)
(91.074502 1.0678767 1.5736704e-17)
(90.58731 1.2012956 0)
(90.014182 1.3535285 0)
(89.340587 1.5295148 0)
(88.541821 1.7309806 0)
(87.590618 1.9689165 0)
(86.445507 2.2425515 0)
(85.033373 2.5752361 0)
(83.266549 2.98459 3.1538327e-17)
(81.028319 3.4828666 -6.8027121e-17)
(78.085541 4.1337083 9.0151748e-18)
(74.008009 5.0675751 -1.1043694e-16)
(68.073316 6.2731047 -7.486006e-17)
(58.537164 8.4406848 -1.034739e-16)
(44.874691 12.047371 2.0123202e-16)
(93.897175 0.071118618 1.520672e-17)
(94.056746 0.046097454 1.7812209e-17)
(94.246693 0.0096417589 -2.0824468e-17)
(94.238736 0.004359467 0)
(94.211038 0.043010203 1.4218108e-17)
(94.178988 0.0073801422 -1.6652923e-17)
(94.157285 -0.023382418 -1.9505328e-17)
(94.14886 0.026302939 4.5646292e-17)
(94.13997 0.065831561 -1.3328418e-17)
(94.129233 0.063261561 5.4590289e-17)
(94.118987 0.046063378 -3.6504627e-17)
(94.105587 0.036390994 -3.8200869e-22)
(94.085927 0.034750762 3.7511539e-17)
(94.062474 0.037442778 -4.3987004e-17)
(94.035743 0.043367569 1.7191705e-17)
(94.004002 0.053052666 1.0078889e-17)
(93.966494 0.065474934 -1.1824927e-17)
(93.92537 0.079606046 -3.4714781e-17)
(93.881259 0.096086844 1.6308468e-17)
(93.829857 0.11490262 1.9158547e-17)
(93.767353 0.13573906 0)
(93.694254 0.15796684 0)
(93.613288 0.18005959 1.5622715e-17)
(93.521445 0.2023666 0)
(93.416558 0.22669974 0)
(93.296834 0.25427612 -1.2834438e-17)
(93.157488 0.28465475 3.0353487e-17)
(92.998431 0.31842428 4.0023379e-21)
(92.820762 0.35758551 -1.0662709e-17)
(92.61857 0.40255711 1.265996e-17)
(92.379973 0.45200035 -4.5183546e-17)
(92.100265 0.50641619 8.977199e-18)
(91.779877 0.56993709 0)
(91.41478 0.64309571 -1.2871025e-17)
(90.994836 0.72459457 0)
(90.502098 0.81506438 9.3385134e-18)
(89.92067 0.91817868 1.1324143e-17)
(89.237197 1.038881 -6.9039315e-18)
(88.428482 1.1780417 -9.5064074e-21)
(87.464498 1.3377391 3.1288559e-17)
(86.303288 1.527419 -6.4830147e-18)
(84.874099 1.7577682 -2.4456524e-17)
(83.085971 2.0313369 -4.6722054e-17)
(80.815529 2.3775122 3.3594266e-17)
(77.830611 2.8287083 0)
(73.689416 3.4200911 2.4286537e-17)
(67.624112 4.3329199 6.9684074e-17)
(57.884432 5.830289 1.0957994e-16)
(43.752044 8.3380704 7.9858507e-19)
(93.889915 0.035498829 3.0078869e-17)
(94.050135 0.022410481 -6.607903e-18)
(94.245345 0.0041911232 -2.058079e-17)
(94.237556 0.0025688813 1.8010019e-17)
(94.208816 0.013805758 -7.0312057e-18)
(94.177309 0.024874833 4.1176268e-18)
(94.155188 -0.022691156 9.640917e-18)
(94.14272 -0.013746393 -3.3830183e-17)
(94.132304 0.059268278 -9.1179361e-23)
(94.124268 0.053581968 7.7165863e-18)
(94.116308 0.032691481 9.0240299e-18)
(94.10367 0.019571217 -2.1107932e-17)
(94.083851 0.013607476 1.8551534e-17)
(94.058995 0.012181707 -1.4504391e-17)
(94.030654 0.013367825 1.275306e-17)
(93.99873 0.017578273 9.9710453e-18)
(93.961627 0.023718043 -5.8498837e-18)
(93.919512 0.03184475 2.0605567e-17)
(93.873357 0.042796862 -4.0334606e-18)
(93.820208 0.055891377 6.913549e-22)
(93.756084 0.070079699 -2.2296209e-17)
(93.681644 0.084764554 6.5618433e-18)
(93.599664 0.098522787 3.864985e-18)
(93.506222 0.11168054 1.8228221e-17)
(93.399157 0.1254671 -1.6134097e-17)
(93.277711 0.14019398 2.7807092e-22)
(93.136915 0.15558872 -3.7558548e-18)
(92.974931 0.17226261 -8.9018143e-18)
(92.793275 0.19216554 0)
(92.588576 0.21533176 -9.4110541e-18)
(92.348985 0.2404891 4.1057333e-17)
(92.066163 0.267061 -1.7808303e-17)
(91.739972 0.29952397 1.0647092e-17)
(91.370174 0.33764755 1.9154646e-17)
(90.947913 0.38041235 0)
(90.452365 0.42656467 -1.8557991e-17)
(89.865508 0.47907446 -1.6891964e-17)
(89.175586 0.54198494 6.8626061e-18)
(88.36098 0.61438065 2.6964313e-21)
(87.38984 0.69680986 -2.5996644e-17)
(86.218786 0.79423611 1.2952518e-17)
(84.778291 0.91426706 1.6300499e-17)
(82.976846 1.0644082 0)
(80.689243 1.2529786 6.7433825e-18)
(77.682 1.5005641 2.2421762e-18)
(73.510769 1.8486326 2.1465767e-17)
(67.388775 2.36137 -6.6115662e-18)
(57.524668 3.2853354 -2.589528e-18)
(43.171381 4.4116155 2.3825505e-17)
(93.887995 -0.0017902778 0)
(94.048221 -0.0020414952 -2.1925424e-18)
(94.244745 -0.0011143753 0)
(94.237283 -0.0042222877 -3.5650416e-25)
(94.208951 0.011170007 -3.5027864e-18)
(94.178466 0.011361035 -8.2044698e-18)
(94.152654 -0.052429081 2.400963e-18)
(94.138437 -0.011261136 2.8094664e-18)
(94.129443 0.044245489 0)
(94.120595 0.018117892 -3.8430952e-18)
(94.113924 0.00094171393 0)
(94.104759 -0.0054576823 0)
(94.086791 -0.0094823998 0)
(94.060709 -0.010987416 3.6132323e-18)
(94.02981 -0.014406543 -8.4732708e-18)
(93.996325 -0.017559786 0)
(93.958629 -0.019261518 -2.9152078e-18)
(93.915695 -0.018930941 3.4227042e-18)
(93.868515 -0.016496123 4.0206476e-18)
(93.814662 -0.012899054 0)
(93.749907 -0.0088925128 -2.7782149e-18)
(93.675423 -0.0046840866 3.2714027e-18)
(93.594 -0.0015992943 -3.8541031e-18)
(94.512962 0.11468632 4.9135126e-19)
(94.482775 0.088357852 -1.6950653e-18)
(94.441522 0.097578107 6.3145565e-18)
(94.42291 0.05053583 -3.2340157e-19)
(94.402309 0.025576874 0)
(94.370648 0.020491293 9.5238658e-18)
(94.353967 0.021204557 -2.0734774e-19)
(94.342997 0.021361662 1.7818148e-19)
(94.323847 0.019382804 2.495849e-18)
(94.314957 0.016199719 -8.6745758e-18)
(94.32537 -0.002731429 -1.6751559e-17)
(94.291688 0.0097756809 6.4242935e-18)
(94.288551 -0.032104339 5.5540127e-18)
(94.28827 0.0084158812 2.3926331e-18)
(94.333609 -0.078217736 -1.607413e-20)
(95.825489 0.98736045 -5.6754856e-18)
(95.648436 0.89396644 0)
(95.493623 0.82036717 -8.7993676e-18)
(95.342913 0.77265839 1.5413793e-17)
(95.196557 0.48125548 0)
(95.073286 0.49481074 5.9213675e-18)
(94.976706 0.53460114 0)
(94.878989 0.38495291 -4.48898e-18)
(94.797664 0.36051709 -7.8264985e-18)
(94.700333 0.2431371 0)
(94.633871 0.17193691 -7.2169721e-19)
(94.593247 0.10796277 6.397257e-19)
(94.55593 0.11751346 0)
(94.507083 0.15608046 1.498624e-17)
(94.468756 0.11321054 4.1603986e-19)
(94.437994 0.092959764 -5.458309e-18)
(94.41269 0.069080525 -3.1315484e-19)
(94.396194 0.034981739 1.7368842e-17)
(94.370543 0.033053771 -2.2080155e-17)
(94.354724 0.022932011 1.3161156e-17)
(94.343085 0.034856261 -1.7395989e-19)
(94.324517 0.030270364 -1.5043891e-19)
(94.31327 0.042159246 -8.2287179e-18)
(94.322037 0.0028620028 1.4427627e-17)
(94.28864 0.021018639 -6.1302806e-18)
(94.285451 -0.036750874 -5.3273747e-18)
(94.288638 0.017170893 -1.7896311e-20)
(94.331456 -0.069846363 -1.5426518e-20)
(98.622541 6.9073061 4.8486355e-18)
(98.046212 4.8694798 4.2791985e-18)
(97.786629 4.3336167 -1.1576837e-17)
(97.445811 3.5052106 3.4139382e-18)
(97.138165 2.7118085 0)
(96.852653 2.5722419 -2.6880777e-18)
(96.580026 2.1806235 2.3605643e-18)
(96.334956 1.9162263 1.872624e-17)
(96.106327 1.6759921 -1.8286126e-18)
(95.892265 1.4093634 0)
(95.711151 1.1989317 0)
(95.551573 0.96209453 0)
(95.408071 0.75389102 2.5896048e-17)
(95.278907 0.54942488 -8.5106875e-18)
(95.149722 0.57526777 8.2800382e-19)
(95.043066 0.43569978 1.449518e-18)
(94.950653 0.39853368 -1.2642571e-18)
(94.851857 0.33835369 0)
(94.788081 0.23711154 9.6416008e-19)
(94.692955 0.25398465 -1.3610255e-17)
(94.621795 0.18196115 -2.3015744e-17)
(94.573651 0.19980186 -1.921221e-17)
(94.543657 0.15208782 -5.396404e-19)
(94.493993 0.11801726 -1.5867787e-17)
(94.458532 0.067913276 1.2141334e-18)
(94.434255 0.10855194 -2.2563479e-17)
(94.401984 0.089550861 -6.0435941e-19)
(94.386487 0.058994626 -1.6443666e-17)
(94.370834 0.044100766 1.4411565e-17)
(94.354447 0.069192367 -1.242628e-17)
(94.339607 0.049393558 -1.6931325e-19)
(94.326389 0.0380025 1.8559442e-17)
(94.310471 0.06116007 1.6078584e-17)
(94.312283 0.012643703 0)
(94.287156 0.017806202 0)
(94.283069 -0.038630673 4.0062592e-20)
(94.282393 0.013911014 -5.1900086e-20)
(94.330896 -0.071413059 1.4890777e-20)
(106.14442 17.312549 6.3259415e-18)
(105.20035 7.5342484 -6.5717986e-18)
(105.82999 14.134718 -1.0979486e-17)
(102.09129 8.2617269 9.8218708e-18)
(102.49201 10.723171 0)
(101.03662 5.8535343 -1.2107584e-17)
(101.54861 7.8232478 3.3492057e-18)
(99.43076 8.586879 -1.9259158e-17)
(97.663202 6.028483 -5.426533e-18)
(98.147281 5.416887 0)
(97.741379 4.6229386 -3.1274537e-17)
(97.491819 4.1428951 3.9431499e-18)
(97.194184 3.5674385 0)
(96.889012 3.4616989 -3.0697352e-18)
(96.607206 2.9732095 2.6890771e-18)
(96.370246 2.5408255 0)
(96.159183 2.179216 -3.5344383e-17)
(95.957574 1.8323 1.8251192e-17)
(95.770452 1.5639763 -1.60176e-18)
(95.607027 1.3130368 0)
(95.460281 1.1158566 1.2270808e-18)
(95.325476 0.94327505 -3.7476105e-17)
(95.204807 0.81110601 1.8674648e-18)
(95.084461 0.59890759 -2.4378805e-17)
(94.983979 0.51811643 -1.4145942e-18)
(94.894529 0.33672094 1.2281121e-18)
(94.816061 0.32770677 -1.0696276e-18)
(94.755105 0.27841588 1.3943902e-17)
(94.694528 0.2729828 -1.2719152e-17)
(94.620596 0.23725513 4.5765559e-17)
(94.557399 0.20072728 1.9097972e-17)
(94.521606 0.16042966 1.7236969e-17)
(94.484943 0.12988803 -4.5583151e-19)
(94.451482 0.14012749 7.8804639e-19)
(94.425024 0.1222511 2.1365549e-17)
(94.39304 0.10189589 -2.9186184e-19)
(94.379243 0.080476277 -6.6711633e-24)
(94.367258 0.096425389 2.1948808e-19)
(94.348495 0.055733228 -2.3965256e-17)
(94.332951 0.065857393 2.8094055e-24)
(94.323419 0.040147351 -1.8111852e-17)
(94.307199 0.049585551 -3.0925219e-17)
(94.303664 0.017233362 0)
(94.286144 0.016252172 2.3134957e-17)
(94.281934 -0.036337229 -7.7397829e-20)
(94.273994 0.016485311 1.6606868e-20)
(94.330353 -0.064219303 -2.9195791e-17)
(106.67176 22.428983 0)
(108.94309 12.874667 0)
(105.61015 19.425988 0)
(103.83848 11.548795 6.5753638e-18)
(105.28794 14.993924 1.8849724e-17)
(101.83171 10.045792 -1.1278136e-17)
(101.9359 10.383853 -1.4511211e-17)
(99.873478 10.113608 -4.1695929e-18)
(99.218751 7.9476794 -6.9993091e-18)
(99.293881 1.6211859 1.2487061e-17)
(98.20242 6.7955872 1.6738975e-17)
(97.86396 4.7301524 2.0859208e-17)
(97.460096 5.1613432 4.5764312e-18)
(97.139391 4.3745741 -1.5985836e-17)
(96.875682 4.0779251 7.0407336e-18)
(96.597611 3.3335564 3.0818816e-18)
(96.365966 2.8226357 0)
(96.167163 2.4240184 -2.3758102e-18)
(95.981693 2.065885 1.8726984e-17)
(95.810363 1.7792742 -4.1942553e-17)
(95.651532 1.4996905 2.715293e-17)
(95.508682 1.3333953 -1.3960937e-18)
(95.377831 1.1333576 1.8289518e-17)
(95.254872 1.0237238 1.9135594e-17)
(95.142958 0.83154882 -3.7055456e-18)
(95.029187 0.73049433 5.1501149e-17)
(94.935982 0.60404058 2.3747035e-17)
(94.847464 0.60099066 -1.2110019e-18)
(94.778334 0.3961987 1.0507414e-18)
(94.709989 0.37566759 2.8957043e-17)
(94.659814 0.25176066 2.5872403e-17)
(94.606732 0.28298341 -2.1876246e-17)
(94.549632 0.18611738 1.8355541e-17)
(94.513614 0.17096674 -1.6433339e-17)
(94.477804 0.15040919 0)
(94.444462 0.14496656 3.829323e-19)
(94.416737 0.12308389 -6.5762905e-19)
(94.388566 0.11163157 -7.241638e-24)
(94.375792 0.11024288 -3.1262388e-17)
(94.360289 0.1129615 0)
(94.342411 0.082157523 2.3518589e-17)
(94.325317 0.079233994 -2.0220562e-17)
(94.315601 0.045358591 1.3477566e-19)
(94.303558 0.051968071 2.960404e-17)
(94.297873 0.020282152 2.5639774e-17)
(94.277489 0.019608896 -2.1995622e-17)
(94.280562 -0.0066715443 3.8099614e-17)
(94.262259 0.035993409 -1.594179e-20)
(94.328914 -0.061486949 5.5649707e-17)
(106.33487 25.453786 -2.0579802e-17)
(108.4174 14.95184 8.2678003e-18)
(104.82988 23.05236 -1.3807053e-17)
(102.46363 14.156228 -2.1384599e-20)
(103.58717 15.267932 1.9123079e-20)
(101.22871 12.941949 1.7281368e-17)
(100.63503 12.694051 3.4452185e-17)
(99.081196 9.4677589 -1.7234901e-17)
(97.838056 7.8640935 1.1205319e-17)
(98.849843 -1.8933531 -2.0157525e-17)
(98.806759 7.2107754 -2.7966348e-17)
(97.355953 6.5830987 -1.5796902e-17)
(97.002598 5.5094046 1.3781726e-17)
(96.747941 4.6442895 2.0197129e-17)
(96.537617 3.9125736 -1.4160621e-17)
(96.321566 3.3465565 3.1090303e-18)
(96.126123 3.0231702 -2.4473742e-17)
(95.954164 2.553133 0)
(95.800329 2.2139043 3.1169309e-17)
(95.657753 1.8622169 1.8095419e-18)
(95.517362 1.6152903 4.2534861e-21)
(95.39326 1.3337843 1.3798854e-18)
(95.278087 1.1483828 -2.0416733e-17)
(95.173376 0.92753021 0)
(95.073339 0.80314493 2.7291301e-17)
(94.975671 0.70705255 -2.3725462e-17)
(94.890967 0.60523352 -2.1962516e-17)
(94.814602 0.4519202 -1.1909572e-18)
(94.752218 0.48514674 -3.1005206e-17)
(94.68586 0.40427494 -2.9482883e-17)
(94.628594 0.29359822 2.4553862e-17)
(94.576208 0.2473063 -6.5562177e-19)
(94.549292 0.17744146 -1.816474e-17)
(94.506097 0.22726144 0)
(94.466115 0.17072061 -4.27825e-19)
(94.435864 0.17775875 -1.9973086e-23)
(94.411388 0.12209468 6.4065685e-19)
(94.386162 0.12386196 -2.764249e-19)
(94.370994 0.12573381 3.0361437e-17)
(94.353635 0.09932187 -2.0390787e-19)
(94.337064 0.093278243 -2.4474441e-24)
(94.31831 0.079206629 1.9496518e-17)
(94.311779 0.050951735 -1.3054069e-19)
(94.300619 0.059661763 2.236178e-19)
(94.293015 0.0233457 -2.4766844e-17)
(94.269322 0.034776954 -4.2196135e-17)
(94.275807 -0.031048559 -7.2927566e-17)
(94.249667 0.042689099 0)
(94.328742 -0.065896593 -5.3406632e-17)
(107.98794 30.21669 1.8183395e-17)
(107.51672 17.89288 -7.6393153e-18)
(103.98051 21.493532 -1.4381911e-17)
(100.50159 21.956934 -2.9103967e-17)
(101.07691 16.694132 -6.3261234e-18)
(99.606313 13.656298 1.5435314e-20)
(99.265526 11.258848 -3.4819919e-17)
(98.201445 10.77859 1.7798976e-17)
(97.565254 10.429999 8.2452767e-18)
(96.022014 23.735092 4.2989128e-17)
(97.251558 7.2714841 -5.8822847e-18)
(96.795414 6.2691025 -5.292202e-18)
(96.599314 5.0359388 4.1945961e-17)
(96.401475 4.5857508 4.0845683e-18)
(96.21987 3.969043 -2.856863e-17)
(96.040758 3.5730991 -2.8060584e-17)
(95.877235 3.0787807 1.9010167e-17)
(95.742905 2.6460483 -4.0937339e-22)
(95.621893 2.3096411 -2.8974025e-17)
(95.505623 1.9822273 5.4156029e-17)
(95.384559 1.7000927 -2.1985068e-17)
(95.276465 1.4545115 -1.3654181e-18)
(95.176004 1.2416877 3.7935908e-17)
(95.082524 1.0856953 -2.0589682e-18)
(94.986768 0.90042004 1.7851541e-18)
(94.907837 0.70008847 0)
(94.838316 0.610972 0)
(94.770938 0.58341853 0)
(94.717304 0.45092261 3.2157294e-17)
(94.666948 0.38635716 0)
(94.614922 0.44768736 -7.2582336e-17)
(94.563547 0.25206831 4.1530107e-17)
(94.536746 0.35889679 -3.5266113e-17)
(94.491094 0.23715466 3.0335447e-17)
(94.453509 0.18399663 -2.6525485e-17)
(94.424126 0.16355355 3.5727957e-19)
(94.405852 0.14167761 -3.0957431e-19)
(94.380711 0.12861277 0)
(94.363271 0.11085577 0)
(94.34585 0.10024316 0)
(94.329956 0.074197216 0)
(94.312961 0.070743137 0)
(94.308383 0.053707151 0)
(94.298841 0.043390061 2.7689333e-17)
(94.286899 0.010277732 9.2556453e-20)
(94.266394 0.032750845 4.0742092e-17)
(94.270884 -0.024960238 3.4976472e-17)
(94.235131 0.034662515 5.8786069e-20)
(94.329343 -0.077896589 2.5766297e-17)
(107.6901 31.112731 9.1157135e-18)
(107.16337 22.203676 -9.4175787e-18)
(103.5605 22.334638 -7.1931059e-18)
(100.16912 15.805731 -3.7247487e-20)
(98.977044 17.350221 -2.5691196e-17)
(98.352359 14.286397 -2.3514916e-17)
(97.647588 13.299809 2.0313548e-17)
(97.368566 11.2261 3.672411e-17)
(97.36583 8.8511192 -2.4635153e-17)
(97.544591 0.7976834 -2.7827875e-17)
(96.25898 6.9083359 -6.0966659e-18)
(96.31916 6.0210366 0)
(96.160519 5.617889 -8.4842968e-17)
(96.024297 4.6761533 4.1100972e-17)
(95.882866 4.1826976 -3.5982842e-18)
(95.749323 3.5779046 3.4288024e-17)
(95.63749 3.0760349 -8.1485274e-18)
(95.541617 2.6413765 7.0932542e-18)
(95.444561 2.289159 2.8800693e-17)
(95.354503 1.9259941 -5.7279757e-17)
(95.255208 1.6680635 3.1097919e-18)
(95.165026 1.4310757 -2.6975129e-18)
(95.08168 1.2475727 -3.9778331e-17)
(94.996667 1.0543347 2.0264216e-18)
(94.910065 0.88726667 2.8139688e-21)
(94.840315 0.78708538 4.851837e-17)
(94.779074 0.67102721 4.3235159e-17)
(94.722583 0.53472042 8.116397e-23)
(94.670903 0.45545602 -9.7662085e-19)
(94.626756 0.41354285 0)
(94.595253 0.20806752 4.6796223e-17)
(94.559762 0.43049514 -8.15411e-17)
(94.510054 0.20274286 3.4548791e-17)
(94.47564 0.21892915 -3.0318547e-17)
(94.445183 0.20836931 2.706866e-17)
(94.41196 0.16520715 -6.9149584e-19)
(94.392866 0.17651679 0)
(94.37309 0.14253264 -5.1323394e-19)
(94.35697 0.11377977 4.4021728e-19)
(94.340298 0.1005619 3.8021631e-19)
(94.324187 0.071280258 -3.2665804e-19)
(94.307317 0.068860582 0)
(94.298694 0.057458001 0)
(94.297083 0.031989942 -2.6667192e-17)
(94.281138 0.0072128044 0)
(94.265309 0.013134304 0)
(94.265967 -0.0075517908 -6.5741175e-20)
(94.217589 0.026995599 -5.7671901e-17)
(94.301846 -0.087327721 2.4261096e-20)
(103.81747 32.369654 -2.8646129e-17)
(108.75294 3.2146052 5.4954388e-17)
(104.18602 24.165658 1.709695e-17)
(100.00659 13.004771 4.1454181e-17)
(98.123506 14.986339 -6.9949237e-20)
(97.241866 14.34242 0)
(96.78474 11.705706 4.2901661e-17)
(96.572774 10.688675 -7.5670537e-17)
(96.488692 10.017544 0)
(95.742075 14.532161 -3.4035656e-20)
(95.960105 7.2290524 3.2164428e-17)
(95.825778 6.6389386 2.6570133e-22)
(95.756265 5.3710028 2.3901957e-17)
(95.655858 4.7704776 4.1759629e-18)
(95.564552 4.0576678 3.5973366e-18)
(95.481688 3.4982569 -6.2711846e-18)
(95.409174 3.0811759 8.161693e-18)
(95.344383 2.6636795 -2.36275e-18)
(95.267209 2.3183207 -6.5556018e-17)
(95.194641 1.978282 2.8408319e-17)
(95.118994 1.7097191 0)
(95.047299 1.4521697 -2.6639872e-18)
(94.984852 1.2678485 3.9231834e-17)
(94.908852 1.0882215 -3.1900828e-17)
(94.838555 0.93291911 -2.7585344e-17)
(94.776811 0.77758611 -4.7579187e-17)
(94.726224 0.68845702 -8.095181e-17)
(94.678653 0.5975556 3.436456e-17)
(94.630231 0.53946906 6.0164771e-17)
(94.588326 0.43075871 5.3471419e-17)
(94.552558 0.42300172 0)
(94.534575 0.28263231 7.8830235e-17)
(94.492881 0.29083948 3.2171934e-17)
(94.461626 0.25330697 5.9875542e-17)
(94.436415 0.23258844 -7.8325713e-19)
(94.403842 0.21693422 0)
(94.381207 0.17388107 0)
(94.366955 0.15901588 0)
(94.355517 0.12057537 5.5027608e-17)
(94.336896 0.086072678 0)
(94.321559 0.080037969 -4.0518821e-17)
(94.303471 0.068273195 0)
(94.287441 0.048547751 -2.301345e-19)
(94.289457 0.017144866 1.9929655e-19)
(94.276529 0.0284099 4.3921007e-17)
(94.258553 0.03238147 -3.754878e-17)
(94.260076 -0.0053479804 -6.4600544e-17)
(94.202556 0.02525717 5.5202093e-17)
(94.262656 -0.059144013 0)
(101.91319 33.398611 3.0501438e-17)
(101.21059 25.275706 -5.2371564e-17)
(101.30491 24.079205 0)
(98.801804 18.712114 9.1700186e-18)
(97.248749 16.478164 1.8622455e-17)
(96.341307 12.908196 0)
(95.901292 12.892328 6.4421706e-20)
(95.750685 9.7782742 -4.4090402e-20)
(95.736637 9.1519666 2.5552832e-17)
(95.994788 2.7757126 3.6833955e-17)
(95.424171 6.9902135 4.497381e-17)
(95.407512 5.8633641 4.4564067e-17)
(95.364737 5.2820143 4.8348163e-18)
(95.316211 4.6296392 -3.3472066e-17)
(95.257211 4.0528194 2.8955637e-17)
(95.221585 3.613957 -5.0166126e-17)
(95.183837 3.1117299 0)
(95.149454 2.6949693 2.3484513e-18)
(95.098702 2.3386598 3.2523538e-17)
(95.040413 1.9996567 -5.2700588e-18)
(94.984975 1.7242911 3.0361659e-18)
(94.933123 1.5108287 0)
(94.885622 1.2835432 -7.0246591e-17)
(94.820499 1.101634 2.9313004e-17)
(94.76579 0.91792446 0)
(94.714829 0.8063877 -4.7996056e-17)
(94.674975 0.6884994 4.0135583e-17)
(94.633601 0.59126528 1.9287187e-21)
(94.595185 0.50951747 -1.1917417e-16)
(94.557292 0.41932298 -5.0473628e-17)
(94.522645 0.37364579 6.8863504e-19)
(94.501192 0.31724989 -5.9002298e-19)
(94.478034 0.30723018 -3.1706859e-17)
(94.448667 0.27369795 -1.1355707e-16)
(94.417687 0.21119501 7.5378456e-19)
(94.394973 0.2312024 -1.2996023e-18)
(94.37562 0.17203195 5.5937779e-19)
(94.359058 0.14158844 0)
(94.352734 0.13775113 -1.0613133e-16)
(94.328568 0.075701565 3.5321511e-19)
(94.314607 0.099136073 -6.3882704e-22)
(94.303056 0.065478168 2.6242589e-19)
(94.283767 0.052065228 5.6317212e-17)
(94.278173 0.049971393 0)
(94.269708 0.061141773 -8.4219631e-17)
(94.251128 0.02574938 3.5908169e-17)
(94.254713 0.0049916139 5.9680972e-20)
(94.195192 0.02953265 -5.3110476e-17)
(94.216659 -0.0076416122 4.5637863e-17)
)
;

boundaryField
{
    Side
    {
        type            empty;
    }
    Inlet
    {
        type            freestreamVelocity;
        freestreamValue uniform (94.24 0 0);
        value           nonuniform List<vector> 
30
(
(94.221985 0.10244722 -1.2854512e-17)
(94.218109 0.056614305 2.629435e-22)
(94.214807 0.078429895 -2.5534379e-17)
(94.214071 0.060941034 1.0968213e-17)
(94.21502 0.060928643 1.4080452e-17)
(94.215925 0.054184062 1.1943754e-17)
(94.216081 0.050541266 5.2115433e-22)
(94.215913 0.044210796 -1.1164803e-17)
(94.2165 0.041607348 9.2092956e-18)
(94.217202 0.035888092 -3.7437667e-18)
(94.216885 0.031455703 5.9762576e-18)
(94.21697 0.025226188 -9.3230549e-18)
(94.218502 0.019527782 0)
(94.221204 0.013938639 -5.1452156e-18)
(94.224824 0.0089130814 2.9539852e-22)
(94.22906 0.0049066729 0)
(94.23328 0.0021576808 6.3275418e-19)
(94.236839 0.00065566836 1.4019627e-19)
(94.239185 8.2632863e-05 7.001648e-20)
(94.24 0 0)
(94.286785 -0.039092653 -8.0337326e-21)
(94.285711 -0.034910251 -7.7104031e-21)
(94.285431 -0.035693012 7.4425698e-21)
(94.285161 -0.03209872 -1.4592926e-17)
(94.284443 -0.030733453 2.7815783e-17)
(94.284356 -0.032936787 -2.6693988e-17)
(94.284653 -0.038932212 1.2877829e-17)
(94.270909 -0.043643646 1.2124932e-20)
(94.251324 -0.029562731 0)
(94.22833 -0.0038206512 2.2818006e-17)
)
;
    }
    Airfoil
    {
        type            noSlip;
    }
    Outlet
    {
        type            inletOutlet;
        inletValue      nonuniform List<vector> 0();
        value           nonuniform List<vector> 0();
    }
    procBoundary7to0
    {
        type            processor;
        value           nonuniform List<vector> 
50
(
(93.50074 0.00032462885 -4.5432815e-18)
(93.393482 0.0013468688 0)
(93.271851 0.0012834413 0)
(93.130682 -0.0001070329 -3.7472533e-18)
(92.967194 -0.0023027309 0)
(92.783304 -0.0037925145 0)
(92.57726 -0.004873547 -3.1297847e-18)
(92.337467 -0.0066660137 7.4489663e-18)
(92.05331 -0.0098157271 0)
(91.723984 -0.011485379 1.0632105e-17)
(91.35235 -0.011458377 0)
(90.930111 -0.012764729 0)
(90.434079 -0.016044538 -4.6350926e-18)
(89.845002 -0.019988141 -5.6263196e-18)
(89.152312 -0.022447159 4.0903274e-25)
(88.336102 -0.02562313 0)
(87.363425 -0.031267882 0)
(86.188595 -0.039566615 0)
(84.742871 -0.04417747 8.1724121e-18)
(82.936407 -0.047098839 0)
(80.642848 -0.049389789 6.7791799e-18)
(77.628248 -0.053505776 -1.8026977e-17)
(73.447669 -0.058384372 0)
(67.300143 -0.089189818 -8.9577722e-18)
(57.360273 -0.095002195 -1.416317e-17)
(42.872006 -0.29474839 1.0723547e-21)
(93.892077 -0.039223151 0)
(94.051577 -0.027126384 -1.2230234e-21)
(94.245641 -0.0066721033 -1.0291156e-17)
(94.238455 -0.0084114615 -6.003159e-18)
(94.210003 -0.0017182346 1.7573467e-17)
(94.176167 -0.0062766592 -2.058291e-17)
(94.14925 -0.052765424 2.1716198e-17)
(94.146469 -0.020298704 -8.4644465e-18)
(94.141747 0.0024012351 6.5779046e-18)
(94.125511 0.0072909742 -1.1553973e-17)
(94.111612 -0.015198544 1.9336819e-23)
(94.101657 -0.02857606 -1.0568489e-17)
(94.084964 -0.036647698 -1.8540826e-17)
(94.060219 -0.046051646 1.4498075e-17)
(94.030656 -0.053235853 -1.2752941e-17)
(93.998613 -0.059504722 -5.0611987e-22)
(93.962289 -0.064443885 1.4623802e-17)
(93.920505 -0.068222904 1.0301695e-17)
(93.874436 -0.071052894 0)
(93.82161 -0.073880477 -7.1102741e-18)
(93.757513 -0.077786225 1.3935371e-17)
(93.683951 -0.083475504 -3.2814847e-18)
(93.50074 0.00032462885 -4.5432815e-18)
(93.603552 -0.092316942 7.7326169e-18)
)
;
    }
    procBoundary7to8
    {
        type            processor;
        value           nonuniform List<vector> 
53
(
(94.511846 0.090959716 -2.4737729e-19)
(94.482618 0.065585191 -1.5078631e-18)
(94.449264 0.079816881 -2.6765314e-18)
(94.433257 0.026798155 -3.3482014e-19)
(94.405615 0.026383554 0)
(94.371624 0.027308381 -1.7300648e-18)
(94.352807 0.016163427 -1.9300016e-18)
(94.343053 0.017423293 -9.2304233e-20)
(94.325481 0.013256782 8.0279586e-20)
(94.316534 0.0068153907 0)
(94.32462 -0.0033811892 -5.6898528e-18)
(94.295761 0.038414078 -5.2319377e-20)
(94.291505 -0.035059232 -2.8879334e-18)
(94.286734 0.0034152547 2.4508452e-18)
(94.335813 -0.086284522 6.485235e-18)
(95.911026 1.2030693 -5.7122025e-18)
(95.713052 0.94906876 5.0312608e-18)
(95.539484 0.80287593 0)
(95.386523 0.67433958 7.7756471e-18)
(95.237774 0.72368377 -1.696038e-18)
(95.094632 0.39048888 3.6855001e-18)
(94.993072 0.17936739 -6.4810276e-19)
(94.89952 0.30391557 -5.1660228e-18)
(94.813267 0.28978143 8.0043491e-18)
(94.733127 0.27163815 4.2855396e-19)
(94.663966 0.1904412 1.4951615e-18)
(94.61003 0.15490391 2.6343994e-18)
(94.551369 0.10610467 5.5394226e-19)
(94.551369 0.10610467 5.5394226e-19)
(99.321181 5.1836769 9.8745181e-18)
(98.715822 4.5830894 0)
(98.199358 3.7342598 -1.5784267e-21)
(97.786155 3.7364381 -3.3790383e-18)
(97.370805 3.0738509 0)
(97.038837 2.40048 -1.3242932e-17)
(96.760596 2.157307 2.3454346e-18)
(96.492631 1.7279597 2.0699827e-18)
(96.245601 1.4424231 -1.8282912e-18)
(96.020291 1.2006932 0)
(96.020291 1.2006932 0)
(107.15594 17.16688 6.4143545e-18)
(105.59204 6.8013322 0)
(105.23565 13.817518 -1.0710748e-17)
(102.46448 10.923342 9.3390399e-18)
(103.35396 10.380768 -4.0513605e-18)
(101.15569 12.318106 -6.858236e-21)
(101.44669 7.7451135 3.2575268e-18)
(99.663322 10.70128 -1.5796613e-17)
(98.550024 5.9838458 1.0382227e-17)
(98.550024 5.9838458 1.0382227e-17)
(107.27565 21.920521 3.2328976e-20)
(109.27936 8.906126 7.5156302e-18)
(109.27936 8.906126 7.5156302e-18)
)
;
    }
}


// ************************************************************************* //
