/*--------------------------------*- C++ -*----------------------------------*\
| =========                 |                                                 |
| \\      /  F ield         | OpenFOAM: The Open Source CFD Toolbox           |
|  \\    /   O peration     | Version:  2506                                  |
|   \\  /    A nd           | Website:  www.openfoam.com                      |
|    \\/     M anipulation  |                                                 |
\*---------------------------------------------------------------------------*/
FoamFile
{
    version     2.0;
    format      ascii;
    arch        "LSB;label=32;scalar=64";
    note        "nPoints:7130  nCells:3415  nFaces:13809  nInternalFaces:6681";
    class       labelList;
    location    "constant/polyMesh";
    object      neighbour;
}
// * * * * * * * * * * * * * * * * * * * * * * * * * * * * * * * * * * * * * //


6681
(
1
62
2163
2
63
2182
3
64
2202
4
65
2222
5
66
2243
6
67
2264
7
68
2286
8
69
2309
9
70
2332
10
71
2357
11
72
2385
12
73
2413
13
74
2441
14
75
2470
15
76
2499
16
77
2529
17
78
2559
18
79
2589
19
80
2620
20
81
2651
21
82
2682
22
83
2714
23
84
2746
24
85
2778
25
86
2810
26
87
2842
27
88
2874
28
89
2903
29
90
2929
30
91
2955
31
92
2977
32
93
2997
33
94
3017
34
95
3036
35
96
3055
36
97
3073
37
98
3091
38
99
3109
39
100
3126
40
101
3143
41
102
3160
42
103
3176
43
104
3192
44
105
3208
45
106
3224
46
107
3239
47
108
3254
48
109
3269
49
110
3284
50
111
3299
51
112
3314
52
113
3327
53
114
3340
54
115
3352
55
116
3363
56
117
3373
57
118
3382
58
119
3390
59
120
3397
60
121
3403
61
122
3408
123
3412
63
126
64
127
65
128
66
129
67
130
68
131
69
132
70
133
71
134
72
135
73
136
74
137
75
138
76
139
77
140
78
141
79
142
80
143
81
144
82
145
83
146
84
147
85
148
86
149
87
150
88
151
89
152
90
153
91
154
92
155
93
156
94
157
95
158
96
159
97
160
98
161
99
162
100
163
101
164
102
165
103
166
104
167
105
168
106
169
107
170
108
171
109
172
110
173
111
174
112
175
113
176
114
177
115
178
116
179
117
180
118
181
119
182
120
183
121
184
122
185
123
186
124
187
125
188
189
127
128
190
129
191
130
192
131
193
132
194
133
195
134
196
135
197
136
198
137
199
138
200
139
201
140
202
141
203
142
204
143
205
144
206
145
207
146
208
147
209
148
210
149
211
150
212
151
213
152
214
153
215
154
216
155
217
156
218
157
219
158
220
159
221
160
222
161
223
162
224
163
225
164
226
165
227
166
228
167
229
168
230
169
231
170
232
171
233
172
234
173
235
174
236
175
237
176
238
177
239
178
240
179
241
180
242
181
243
182
244
183
245
184
246
185
247
186
248
187
249
188
250
189
251
252
191
253
192
254
193
255
194
256
195
257
196
258
197
259
198
260
199
261
200
262
201
263
202
264
203
265
204
266
205
267
206
268
207
269
208
270
209
271
210
272
211
273
212
274
213
275
214
276
215
277
216
278
217
279
218
280
219
281
220
282
221
283
222
284
223
285
224
286
225
287
226
288
227
289
228
290
229
291
230
292
231
293
232
294
233
295
234
296
235
297
236
298
237
299
238
300
239
301
240
302
241
303
242
304
243
305
244
306
245
307
246
308
247
309
248
310
249
311
250
312
251
313
252
314
315
254
316
255
317
256
318
257
319
258
320
259
321
260
322
261
323
262
324
263
325
264
326
265
327
266
328
267
329
268
330
269
331
270
332
271
333
272
334
273
335
274
336
275
337
276
338
277
339
278
340
279
341
280
342
281
343
282
344
283
345
284
346
285
347
286
348
287
349
288
350
289
351
290
352
291
353
292
354
293
355
294
356
295
357
296
358
297
359
298
360
299
361
300
362
301
363
302
364
303
365
304
366
305
367
306
368
307
369
308
370
309
371
310
372
311
373
312
374
313
375
314
376
315
377
378
317
318
379
319
380
320
381
321
382
322
383
323
384
324
385
325
386
326
387
327
388
328
389
329
390
330
391
331
392
332
393
333
394
334
395
335
396
336
397
337
398
338
399
339
400
340
401
341
402
342
403
343
404
344
405
345
406
346
407
347
408
348
409
349
410
350
411
351
412
352
413
353
414
354
415
355
416
356
417
357
418
358
419
359
420
360
421
361
422
362
423
363
424
364
425
365
426
366
427
367
428
368
429
369
430
370
431
371
432
372
433
373
434
374
435
375
436
376
437
377
438
378
439
440
380
441
381
442
382
443
383
444
384
445
385
446
386
447
387
448
388
449
389
450
390
451
391
452
392
453
393
454
394
455
395
456
396
457
397
458
398
459
399
460
400
461
401
462
402
463
403
464
404
465
405
466
406
467
407
468
408
469
409
470
410
471
411
472
412
473
413
474
414
475
415
476
416
477
417
478
418
479
419
480
420
481
421
482
422
483
423
484
424
485
425
486
426
487
427
488
428
489
429
490
430
491
431
492
432
493
433
494
434
495
435
496
436
497
437
498
438
499
439
500
440
501
502
442
503
443
504
444
505
445
506
446
507
447
508
448
509
449
510
450
511
451
512
452
513
453
514
454
515
455
516
456
517
457
518
458
519
459
520
460
521
461
522
462
523
463
524
464
525
465
526
466
527
467
528
468
529
469
530
470
531
471
532
472
533
473
534
474
535
475
536
476
537
477
538
478
539
479
540
480
541
481
542
482
543
483
544
484
545
485
546
486
547
487
548
488
549
489
550
490
551
491
552
492
553
493
554
494
555
495
556
496
557
497
558
498
559
499
560
500
561
501
562
502
563
564
504
565
505
566
506
567
507
568
508
569
509
570
510
571
511
572
512
573
513
574
514
575
515
576
516
577
517
578
518
579
519
580
520
581
521
582
522
583
523
584
524
585
525
586
526
587
527
588
528
589
529
590
530
591
531
592
532
593
533
594
534
595
535
596
536
597
537
598
538
599
539
600
540
601
541
602
542
603
543
604
544
605
545
606
546
607
547
608
548
609
549
610
550
611
551
612
552
613
553
614
554
615
555
616
556
617
557
618
558
619
559
620
560
621
561
622
562
623
563
624
564
625
566
567
626
568
627
569
628
570
629
571
630
572
631
573
632
574
633
575
634
576
635
577
636
578
637
579
638
580
639
581
640
582
641
583
642
584
643
585
644
586
645
587
646
588
647
589
648
590
649
591
650
592
651
593
652
594
653
595
654
596
655
597
656
598
657
599
658
600
659
601
660
602
661
603
662
604
663
605
664
606
665
607
666
608
667
609
668
610
669
611
670
612
671
613
672
614
673
615
674
616
675
617
676
618
677
619
678
620
679
621
680
622
681
623
682
624
683
625
684
685
627
686
628
687
629
688
630
689
631
690
632
691
633
692
634
693
635
694
636
695
637
696
638
697
639
698
640
699
641
700
642
701
643
702
644
703
645
704
646
705
647
706
648
707
649
708
650
709
651
710
652
711
653
712
654
713
655
714
656
715
657
716
658
717
659
718
660
719
661
720
662
721
663
722
664
723
665
724
666
725
667
726
668
727
669
728
670
729
671
730
672
731
673
732
674
733
675
734
676
735
677
736
678
737
679
738
680
739
681
740
682
741
683
742
684
743
685
744
745
687
746
688
747
689
748
690
749
691
750
692
751
693
752
694
753
695
754
696
755
697
756
698
757
699
758
700
759
701
760
702
761
703
762
704
763
705
764
706
765
707
766
708
767
709
768
710
769
711
770
712
771
713
772
714
773
715
774
716
775
717
776
718
777
719
778
720
779
721
780
722
781
723
782
724
783
725
784
726
785
727
786
728
787
729
788
730
789
731
790
732
791
733
792
734
793
735
794
736
795
737
796
738
797
739
798
740
799
741
800
742
801
743
802
744
803
745
804
805
747
806
748
807
749
808
750
809
751
810
752
811
753
812
754
813
755
814
756
815
757
816
758
817
759
818
760
819
761
820
762
821
763
822
764
823
765
824
766
825
767
826
768
827
769
828
770
829
771
830
772
831
773
832
774
833
775
834
776
835
777
836
778
837
779
838
780
839
781
840
782
841
783
842
784
843
785
844
786
845
787
846
788
847
789
848
790
849
791
850
792
851
793
852
794
853
795
854
796
855
797
856
798
857
799
858
800
859
801
860
802
861
803
862
804
863
805
864
865
807
867
808
868
809
869
810
870
811
871
812
872
813
873
814
874
815
875
816
876
817
877
818
878
819
879
820
880
821
881
822
882
823
883
824
884
825
885
826
886
827
887
828
888
829
889
830
890
831
891
832
892
833
893
834
894
835
895
836
896
837
897
838
898
839
899
840
900
841
901
842
902
843
903
844
904
845
905
846
906
847
907
848
908
849
909
850
910
851
911
852
912
853
913
854
914
855
915
856
916
857
917
858
918
859
919
860
920
861
921
862
922
863
923
864
924
865
925
866
926
927
868
928
869
929
870
930
871
931
872
932
873
933
874
934
875
935
876
936
877
937
878
938
879
939
880
940
881
941
882
942
883
943
884
944
885
945
886
946
887
947
888
948
889
949
890
950
891
951
892
952
893
953
894
954
895
955
896
956
897
957
898
958
899
959
900
960
901
961
902
962
903
963
904
964
905
965
906
966
907
967
908
968
909
969
910
970
911
971
912
972
913
973
914
974
915
975
916
976
917
977
918
978
919
979
920
980
921
981
922
982
923
983
924
984
925
985
926
986
927
987
988
929
989
930
990
931
991
932
992
933
993
934
994
935
995
936
996
937
997
938
998
939
999
940
1000
941
1001
942
1002
943
1003
944
1004
945
1005
946
1006
947
1007
948
1008
949
1009
950
1010
951
1011
952
1012
953
1013
954
1014
955
1015
956
1016
957
1017
958
1018
959
1019
960
1020
961
1021
962
1022
963
1023
964
1024
965
1025
966
1026
967
1027
968
1028
969
1029
970
1030
971
1031
972
1032
973
1033
974
1034
975
1035
976
1036
977
1037
978
1038
979
1039
980
1040
981
1041
982
1042
983
1043
984
1044
985
1045
986
1046
987
1047
988
1048
1049
990
1051
991
1052
992
1053
993
1054
994
1055
995
1056
996
1057
997
1058
998
1059
999
1060
1000
1061
1001
1062
1002
1063
1003
1064
1004
1065
1005
1066
1006
1067
1007
1068
1008
1069
1009
1070
1010
1071
1011
1072
1012
1073
1013
1074
1014
1075
1015
1076
1016
1077
1017
1078
1018
1079
1019
1080
1020
1081
1021
1082
1022
1083
1023
1084
1024
1085
1025
1086
1026
1087
1027
1088
1028
1089
1029
1090
1030
1091
1031
1092
1032
1093
1033
1094
1034
1095
1035
1096
1036
1097
1037
1098
1038
1099
1039
1100
1040
1101
1041
1102
1042
1103
1043
1104
1044
1105
1045
1106
1046
1107
1047
1108
1048
1109
1049
1110
1050
1111
1112
1052
1113
1053
1114
1054
1115
1055
1116
1056
1117
1057
1118
1058
1119
1059
1120
1060
1121
1061
1122
1062
1123
1063
1124
1064
1125
1065
1126
1066
1127
1067
1128
1068
1129
1069
1130
1070
1131
1071
1132
1072
1133
1073
1134
1074
1135
1075
1136
1076
1137
1077
1138
1078
1139
1079
1140
1080
1141
1081
1142
1082
1143
1083
1144
1084
1145
1085
1146
1086
1147
1087
1148
1088
1149
1089
1150
1090
1151
1091
1152
1092
1153
1093
1154
1094
1155
1095
1156
1096
1157
1097
1158
1098
1159
1099
1160
1100
1161
1101
1162
1102
1163
1103
1164
1104
1165
1105
1166
1106
1167
1107
1168
1108
1169
1109
1170
1110
1171
1111
1172
1112
1173
1114
1174
1115
1175
1116
1176
1117
1177
1118
1178
1119
1179
1120
1180
1121
1181
1122
1182
1123
1183
1124
1184
1125
1185
1126
1186
1127
1187
1128
1188
1129
1189
1130
1190
1131
1191
1132
1192
1133
1193
1134
1194
1135
1195
1136
1196
1137
1197
1138
1198
1139
1199
1140
1200
1141
1201
1142
1202
1143
1203
1144
1204
1145
1205
1146
1206
1147
1207
1148
1208
1149
1209
1150
1210
1151
1211
1152
1212
1153
1213
1154
1214
1155
1215
1156
1216
1157
1217
1158
1218
1159
1219
1160
1220
1161
1221
1162
1222
1163
1223
1164
1224
1165
1225
1166
1226
1167
1227
1168
1228
1169
1229
1170
1230
1171
1231
1172
1232
1173
1175
1233
1176
1234
1177
1235
1178
1236
1179
1237
1180
1238
1181
1239
1182
1240
1183
1241
1184
1242
1185
1243
1186
1244
1187
1245
1188
1246
1189
1247
1190
1248
1191
1249
1192
1250
1193
1251
1194
1252
1195
1253
1196
1254
1197
1255
1198
1256
1199
1257
1200
1258
1201
1259
1202
1260
1203
1261
1204
1262
1205
1263
1206
1264
1207
1265
1208
1266
1209
1267
1210
1268
1211
1269
1212
1270
1213
1271
1214
1272
1215
1273
1216
1274
1217
1275
1218
1276
1219
1277
1220
1278
1221
1279
1222
1280
1223
1281
1224
1282
1225
1283
1226
1284
1227
1285
1228
1286
1229
1287
1230
1288
1231
1289
1232
1290
1234
1291
1235
1292
1236
1293
1237
1294
1238
1295
1239
1296
1240
1297
1241
1298
1242
1299
1243
1300
1244
1301
1245
1302
1246
1303
1247
1304
1248
1305
1249
1306
1250
1307
1251
1308
1252
1309
1253
1310
1254
1311
1255
1312
1256
1313
1257
1314
1258
1315
1259
1316
1260
1317
1261
1318
1262
1319
1263
1320
1264
1321
1265
1322
1266
1323
1267
1324
1268
1325
1269
1326
1270
1327
1271
1328
1272
1329
1273
1330
1274
1331
1275
1332
1276
1333
1277
1334
1278
1335
1279
1336
1280
1337
1281
1338
1282
1339
1283
1340
1284
1341
1285
1342
1286
1343
1287
1344
1288
1345
1289
1346
1290
1347
1292
1293
1348
1294
1349
1295
1350
1296
1351
1297
1352
1298
1353
1299
1354
1300
1355
1301
1356
1302
1357
1303
1358
1304
1359
1305
1360
1306
1361
1307
1362
1308
1363
1309
1364
1310
1365
1311
1366
1312
1367
1313
1368
1314
1369
1315
1370
1316
1371
1317
1372
1318
1373
1319
1374
1320
1375
1321
1376
1322
1377
1323
1378
1324
1379
1325
1380
1326
1381
1327
1382
1328
1383
1329
1384
1330
1385
1331
1386
1332
1387
1333
1388
1334
1389
1335
1390
1336
1391
1337
1392
1338
1393
1339
1394
1340
1395
1341
1396
1342
1397
1343
1398
1344
1399
1345
1400
1346
1401
1347
1402
1403
1349
1404
1350
1405
1351
1406
1352
1407
1353
1408
1354
1409
1355
1410
1356
1411
1357
1412
1358
1413
1359
1414
1360
1415
1361
1416
1362
1417
1363
1418
1364
1419
1365
1420
1366
1421
1367
1422
1368
1423
1369
1424
1370
1425
1371
1426
1372
1427
1373
1428
1374
1429
1375
1430
1376
1431
1377
1432
1378
1433
1379
1434
1380
1435
1381
1436
1382
1437
1383
1438
1384
1439
1385
1440
1386
1441
1387
1442
1388
1443
1389
1444
1390
1445
1391
1446
1392
1447
1393
1448
1394
1449
1395
1450
1396
1451
1397
1452
1398
1453
1399
1454
1400
1455
1401
1456
1402
1457
1403
1458
1459
1405
1460
1406
1461
1407
1462
1408
1463
1409
1464
1410
1465
1411
1466
1412
1467
1413
1468
1414
1469
1415
1470
1416
1471
1417
1472
1418
1473
1419
1474
1420
1475
1421
1476
1422
1477
1423
1478
1424
1479
1425
1480
1426
1481
1427
1482
1428
1483
1429
1484
1430
1485
1431
1486
1432
1487
1433
1488
1434
1489
1435
1490
1436
1491
1437
1492
1438
1493
1439
1494
1440
1495
1441
1496
1442
1497
1443
1498
1444
1499
1445
1500
1446
1501
1447
1502
1448
1503
1449
1504
1450
1505
1451
1506
1452
1507
1453
1508
1454
1509
1455
1510
1456
1511
1457
1512
1458
1513
1459
1461
1514
1462
1515
1463
1516
1464
1517
1465
1518
1466
1519
1467
1520
1468
1521
1469
1522
1470
1523
1471
1524
1472
1525
1473
1526
1474
1527
1475
1528
1476
1529
1477
1530
1478
1531
1479
1532
1480
1533
1481
1534
1482
1535
1483
1536
1484
1537
1485
1538
1486
1539
1487
1540
1488
1541
1489
1542
1490
1543
1491
1544
1492
1545
1493
1546
1494
1547
1495
1548
1496
1549
1497
1550
1498
1551
1499
1552
1500
1553
1501
1554
1502
1555
1503
1556
1504
1557
1505
1558
1506
1559
1507
1560
1508
1561
1509
1562
1510
1563
1511
1564
1512
1565
1513
1515
1566
1516
1567
1517
1568
1518
1569
1519
1570
1520
1571
1521
1572
1522
1573
1523
1574
1524
1575
1525
1576
1526
1577
1527
1578
1528
1579
1529
1580
1530
1581
1531
1582
1532
1583
1533
1584
1534
1585
1535
1586
1536
1587
1537
1588
1538
1589
1539
1590
1540
1591
1541
1592
1542
1593
1543
1594
1544
1595
1545
1596
1546
1597
1547
1598
1548
1599
1549
1600
1550
1601
1551
1602
1552
1603
1553
1604
1554
1605
1555
1606
1556
1607
1557
1608
1558
1609
1559
1610
1560
1611
1561
1612
1562
1613
1563
1614
1564
1615
1565
1567
1616
1568
1617
1569
1618
1570
1619
1571
1620
1572
1621
1573
1622
1574
1623
1575
1624
1576
1625
1577
1626
1578
1627
1579
1628
1580
1629
1581
1630
1582
1631
1583
1632
1584
1633
1585
1634
1586
1635
1587
1636
1588
1637
1589
1638
1590
1639
1591
1640
1592
1641
1593
1642
1594
1643
1595
1644
1596
1645
1597
1646
1598
1647
1599
1648
1600
1649
1601
1650
1602
1651
1603
1652
1604
1653
1605
1654
1606
1655
1607
1656
1608
1657
1609
1658
1610
1659
1611
1660
1612
1661
1613
1662
1614
1663
1615
1617
1664
1618
1665
1619
1666
1620
1667
1621
1668
1622
1669
1623
1670
1624
1671
1625
1672
1626
1673
1627
1674
1628
1675
1629
1676
1630
1677
1631
1678
1632
1679
1633
1680
1634
1681
1635
1682
1636
1683
1637
1684
1638
1685
1639
1686
1640
1687
1641
1688
1642
1689
1643
1690
1644
1691
1645
1692
1646
1693
1647
1694
1648
1695
1649
1696
1650
1697
1651
1698
1652
1699
1653
1700
1654
1701
1655
1702
1656
1703
1657
1704
1658
1705
1659
1706
1660
1707
1661
1708
1662
1709
1663
1665
1710
1666
1711
1667
1712
1668
1713
1669
1714
1670
1715
1671
1716
1672
1717
1673
1718
1674
1719
1675
1720
1676
1721
1677
1722
1678
1723
1679
1724
1680
1725
1681
1726
1682
1727
1683
1728
1684
1729
1685
1730
1686
1731
1687
1732
1688
1733
1689
1734
1690
1735
1691
1736
1692
1737
1693
1738
1694
1739
1695
1740
1696
1741
1697
1742
1698
1743
1699
1744
1700
1745
1701
1746
1702
1747
1703
1748
1704
1749
1705
1750
1706
1751
1707
1752
1708
1753
1709
1754
1711
1755
1712
1756
1713
1757
1714
1758
1715
1759
1716
1760
1717
1761
1718
1762
1719
1763
1720
1764
1721
1765
1722
1766
1723
1767
1724
1768
1725
1769
1726
1770
1727
1771
1728
1772
1729
1773
1730
1774
1731
1775
1732
1776
1733
1777
1734
1778
1735
1779
1736
1780
1737
1781
1738
1782
1739
1783
1740
1784
1741
1785
1742
1786
1743
1787
1744
1788
1745
1789
1746
1790
1747
1791
1748
1792
1749
1793
1750
1794
1751
1795
1752
1796
1753
1797
1754
1756
1798
1757
1799
1758
1800
1759
1801
1760
1802
1761
1803
1762
1804
1763
1805
1764
1806
1765
1807
1766
1808
1767
1809
1768
1810
1769
1811
1770
1812
1771
1813
1772
1814
1773
1815
1774
1816
1775
1817
1776
1818
1777
1819
1778
1820
1779
1821
1780
1822
1781
1823
1782
1824
1783
1825
1784
1826
1785
1827
1786
1828
1787
1829
1788
1830
1789
1831
1790
1832
1791
1833
1792
1834
1793
1835
1794
1836
1795
1837
1796
1797
1799
1838
1800
1839
1801
1840
1802
1841
1803
1842
1804
1843
1805
1844
1806
1845
1807
1846
1808
1847
1809
1848
1810
1849
1811
1850
1812
1851
1813
1852
1814
1853
1815
1854
1816
1855
1817
1856
1818
1857
1819
1858
1820
1859
1821
1860
1822
1861
1823
1862
1824
1863
1825
1864
1826
1865
1827
1866
1828
1867
1829
1868
1830
1869
1831
1870
1832
1871
1833
1872
1834
1873
1835
1874
1836
1875
1837
1839
1840
1876
1841
1877
1842
1878
1843
1879
1844
1880
1845
1881
1846
1882
1847
1883
1848
1884
1849
1885
1850
1886
1851
1887
1852
1888
1853
1889
1854
1890
1855
1891
1856
1892
1857
1893
1858
1894
1859
1895
1860
1896
1861
1897
1862
1898
1863
1899
1864
1900
1865
1901
1866
1902
1867
1903
1868
1904
1869
1905
1870
1906
1871
1907
1872
1908
1873
1909
1874
1875
1877
1910
1878
1911
1879
1912
1880
1913
1881
1914
1882
1915
1883
1916
1884
1917
1885
1918
1886
1919
1887
1920
1888
1921
1889
1922
1890
1923
1891
1924
1892
1925
1893
1926
1894
1927
1895
1928
1896
1929
1897
1930
1898
1931
1899
1932
1900
1933
1901
1934
1902
1935
1903
1936
1904
1937
1905
1938
1906
1907
1908
1909
1911
1939
1912
1940
1913
1941
1914
1942
1915
1943
1916
1944
1917
1945
1918
1946
1919
1947
1920
1948
1921
1949
1922
1950
1923
1951
1924
1952
1925
1953
1926
1954
1927
1955
1928
1956
1929
1957
1930
1958
1931
1959
1932
1960
1933
1961
1934
1962
1935
1963
1936
1964
1937
1965
1938
1966
1967
1940
1968
1941
1969
1942
1970
1943
1971
1944
1972
1945
1973
1946
1974
1947
1975
1948
1976
1949
1977
1950
1978
1951
1979
1952
1980
1953
1981
1954
1982
1955
1983
1956
1984
1957
1985
1958
1986
1959
1987
1960
1988
1961
1989
1962
1990
1963
1964
1965
1966
1967
1969
1991
1970
1992
1971
1993
1972
1994
1973
1995
1974
1996
1975
1997
1976
1998
1977
1999
1978
2000
1979
2001
1980
2002
1981
2003
1982
2004
1983
2005
1984
2006
1985
2007
1986
2008
1987
2009
1988
2010
1989
2011
1990
2012
2013
1992
1993
1994
1995
2014
1996
2015
1997
2016
1998
2017
1999
2018
2000
2019
2001
2020
2002
2021
2003
2022
2004
2023
2005
2024
2006
2025
2007
2026
2008
2027
2009
2028
2010
2029
2011
2030
2012
2031
2013
2032
2033
2015
2016
2017
2034
2018
2035
2019
2036
2020
2037
2021
2038
2022
2039
2023
2040
2024
2041
2025
2042
2026
2043
2027
2044
2028
2045
2029
2046
2030
2047
2031
2048
2032
2049
2033
2050
2051
2035
2036
2037
2052
2038
2053
2039
2054
2040
2055
2041
2056
2042
2057
2043
2058
2044
2059
2045
2060
2046
2061
2047
2062
2048
2063
2049
2064
2050
2065
2051
2053
2054
2055
2056
2066
2057
2067
2058
2068
2059
2069
2060
2070
2061
2071
2062
2072
2063
2073
2064
2074
2065
2075
2067
2068
2069
2070
2071
2076
2072
2077
2073
2078
2074
2079
2075
2080
2077
2078
2079
2080
2082
2086
2083
2087
2084
2088
2089
2086
2091
2087
2092
2088
2093
2089
2094
2095
2091
2099
2092
2100
2093
2101
2094
2102
2095
2103
2096
2104
2097
2105
2106
2099
2108
2100
2109
2101
2110
2102
2111
2103
2112
2104
2113
2105
2114
2106
2115
2116
2108
2119
2109
2120
2110
2121
2111
2122
2112
2123
2113
2124
2114
2125
2115
2126
2116
2127
2117
2128
2129
2119
2132
2120
2133
2121
2134
2122
2135
2123
2136
2124
2137
2125
2138
2126
2139
2127
2140
2128
2141
2129
2142
2130
2143
2144
2132
2148
2133
2149
2134
2150
2135
2151
2136
2152
2137
2153
2138
2154
2139
2155
2140
2156
2141
2157
2142
2158
2143
2159
2144
2160
2161
2146
2164
2147
2165
2148
2166
2149
2167
2150
2168
2151
2169
2152
2170
2153
2171
2154
2172
2155
2173
2156
2174
2157
2175
2158
2176
2159
2177
2160
2178
2161
2179
2162
2180
2181
2164
2182
2165
2183
2166
2184
2167
2185
2168
2186
2169
2187
2170
2188
2171
2189
2172
2190
2173
2191
2174
2192
2175
2193
2176
2194
2177
2195
2178
2196
2179
2197
2180
2198
2181
2199
2200
2183
2202
2184
2203
2185
2204
2186
2205
2187
2206
2188
2207
2189
2208
2190
2209
2191
2210
2192
2211
2193
2212
2194
2213
2195
2214
2196
2215
2197
2216
2198
2217
2199
2218
2200
2219
2201
2220
2221
2203
2222
2204
2223
2205
2224
2206
2225
2207
2226
2208
2227
2209
2228
2210
2229
2211
2230
2212
2231
2213
2232
2214
2233
2215
2234
2216
2235
2217
2236
2218
2237
2219
2238
2220
2239
2221
2240
2241
2223
2243
2224
2244
2225
2245
2226
2246
2227
2247
2228
2248
2229
2249
2230
2250
2231
2251
2232
2252
2233
2253
2234
2254
2235
2255
2236
2256
2237
2257
2238
2258
2239
2259
2240
2260
2241
2261
2242
2262
2263
2244
2264
2245
2265
2246
2266
2247
2267
2248
2268
2249
2269
2250
2270
2251
2271
2252
2272
2253
2273
2254
2274
2255
2275
2256
2276
2257
2277
2258
2278
2259
2279
2260
2280
2261
2281
2262
2282
2263
2283
2284
2265
2286
2266
2287
2267
2288
2268
2289
2269
2290
2270
2291
2271
2292
2272
2293
2273
2294
2274
2295
2275
2296
2276
2297
2277
2298
2278
2299
2279
2300
2280
2301
2281
2302
2282
2303
2283
2304
2284
2305
2285
2306
2307
2287
2309
2288
2310
2289
2311
2290
2312
2291
2313
2292
2314
2293
2315
2294
2316
2295
2317
2296
2318
2297
2319
2298
2320
2299
2321
2300
2322
2301
2323
2302
2324
2303
2325
2304
2326
2305
2327
2306
2328
2307
2329
2308
2330
2331
2310
2332
2311
2333
2312
2334
2313
2335
2314
2336
2315
2337
2316
2338
2317
2339
2318
2340
2319
2341
2320
2342
2321
2343
2322
2344
2323
2345
2324
2346
2325
2347
2326
2348
2327
2349
2328
2350
2329
2351
2330
2352
2331
2353
2354
2333
2357
2334
2358
2335
2359
2336
2360
2337
2361
2338
2362
2339
2363
2340
2364
2341
2365
2342
2366
2343
2367
2344
2368
2345
2369
2346
2370
2347
2371
2348
2372
2349
2373
2350
2374
2351
2375
2352
2376
2353
2377
2354
2378
2355
2379
2356
2380
2381
2358
2385
2359
2386
2360
2387
2361
2388
2362
2389
2363
2390
2364
2391
2365
2392
2366
2393
2367
2394
2368
2395
2369
2396
2370
2397
2371
2398
2372
2399
2373
2400
2374
2401
2375
2402
2376
2403
2377
2404
2378
2405
2379
2406
2380
2407
2381
2408
2382
2409
2383
2410
2384
2411
2412
2386
2413
2387
2414
2388
2415
2389
2416
2390
2417
2391
2418
2392
2419
2393
2420
2394
2421
2395
2422
2396
2423
2397
2424
2398
2425
2399
2426
2400
2427
2401
2428
2402
2429
2403
2430
2404
2431
2405
2432
2406
2433
2407
2434
2408
2435
2409
2436
2410
2437
2411
2438
2412
2439
2440
2414
2441
2415
2442
2416
2443
2417
2444
2418
2445
2419
2446
2420
2447
2421
2448
2422
2449
2423
2450
2424
2451
2425
2452
2426
2453
2427
2454
2428
2455
2429
2456
2430
2457
2431
2458
2432
2459
2433
2460
2434
2461
2435
2462
2436
2463
2437
2464
2438
2465
2439
2466
2440
2467
2468
2442
2470
2443
2471
2444
2472
2445
2473
2446
2474
2447
2475
2448
2476
2449
2477
2450
2478
2451
2479
2452
2480
2453
2481
2454
2482
2455
2483
2456
2484
2457
2485
2458
2486
2459
2487
2460
2488
2461
2489
2462
2490
2463
2491
2464
2492
2465
2493
2466
2494
2467
2495
2468
2496
2469
2497
2498
2471
2499
2472
2500
2473
2501
2474
2502
2475
2503
2476
2504
2477
2505
2478
2506
2479
2507
2480
2508
2481
2509
2482
2510
2483
2511
2484
2512
2485
2513
2486
2514
2487
2515
2488
2516
2489
2517
2490
2518
2491
2519
2492
2520
2493
2521
2494
2522
2495
2523
2496
2524
2497
2525
2498
2526
2527
2500
2529
2501
2530
2502
2531
2503
2532
2504
2533
2505
2534
2506
2535
2507
2536
2508
2537
2509
2538
2510
2539
2511
2540
2512
2541
2513
2542
2514
2543
2515
2544
2516
2545
2517
2546
2518
2547
2519
2548
2520
2549
2521
2550
2522
2551
2523
2552
2524
2553
2525
2554
2526
2555
2527
2556
2528
2557
2558
2530
2559
2531
2560
2532
2561
2533
2562
2534
2563
2535
2564
2536
2565
2537
2566
2538
2567
2539
2568
2540
2569
2541
2570
2542
2571
2543
2572
2544
2573
2545
2574
2546
2575
2547
2576
2548
2577
2549
2578
2550
2579
2551
2580
2552
2581
2553
2582
2554
2583
2555
2584
2556
2585
2557
2586
2558
2587
2588
2560
2589
2561
2590
2562
2591
2563
2592
2564
2593
2565
2594
2566
2595
2567
2596
2568
2597
2569
2598
2570
2599
2571
2600
2572
2601
2573
2602
2574
2603
2575
2604
2576
2605
2577
2606
2578
2607
2579
2608
2580
2609
2581
2610
2582
2611
2583
2612
2584
2613
2585
2614
2586
2615
2587
2616
2588
2617
2618
2590
2620
2591
2621
2592
2622
2593
2623
2594
2624
2595
2625
2596
2626
2597
2627
2598
2628
2599
2629
2600
2630
2601
2631
2602
2632
2603
2633
2604
2634
2605
2635
2606
2636
2607
2637
2608
2638
2609
2639
2610
2640
2611
2641
2612
2642
2613
2643
2614
2644
2615
2645
2616
2646
2617
2647
2618
2648
2619
2649
2650
2621
2651
2622
2652
2623
2653
2624
2654
2625
2655
2626
2656
2627
2657
2628
2658
2629
2659
2630
2660
2631
2661
2632
2662
2633
2663
2634
2664
2635
2665
2636
2666
2637
2667
2638
2668
2639
2669
2640
2670
2641
2671
2642
2672
2643
2673
2644
2674
2645
2675
2646
2676
2647
2677
2648
2678
2649
2679
2650
2680
2681
2652
2682
2653
2683
2654
2684
2655
2685
2656
2686
2657
2687
2658
2688
2659
2689
2660
2690
2661
2691
2662
2692
2663
2693
2664
2694
2665
2695
2666
2696
2667
2697
2668
2698
2669
2699
2670
2700
2671
2701
2672
2702
2673
2703
2674
2704
2675
2705
2676
2706
2677
2707
2678
2708
2679
2709
2680
2710
2681
2711
2712
2683
2714
2684
2715
2685
2716
2686
2717
2687
2718
2688
2719
2689
2720
2690
2721
2691
2722
2692
2723
2693
2724
2694
2725
2695
2726
2696
2727
2697
2728
2698
2729
2699
2730
2700
2731
2701
2732
2702
2733
2703
2734
2704
2735
2705
2736
2706
2737
2707
2738
2708
2739
2709
2740
2710
2741
2711
2742
2712
2743
2713
2744
2745
2715
2746
2716
2747
2717
2748
2718
2749
2719
2750
2720
2751
2721
2752
2722
2753
2723
2754
2724
2755
2725
2756
2726
2757
2727
2758
2728
2759
2729
2760
2730
2761
2731
2762
2732
2763
2733
2764
2734
2765
2735
2766
2736
2767
2737
2768
2738
2769
2739
2770
2740
2771
2741
2772
2742
2773
2743
2774
2744
2775
2745
2776
2777
2747
2778
2748
2779
2749
2780
2750
2781
2751
2782
2752
2783
2753
2784
2754
2785
2755
2786
2756
2787
2757
2788
2758
2789
2759
2790
2760
2791
2761
2792
2762
2793
2763
2794
2764
2795
2765
2796
2766
2797
2767
2798
2768
2799
2769
2800
2770
2801
2771
2802
2772
2803
2773
2804
2774
2805
2775
2806
2776
2807
2777
2808
2809
2779
2810
2780
2811
2781
2812
2782
2813
2783
2814
2784
2815
2785
2816
2786
2817
2787
2818
2788
2819
2789
2820
2790
2821
2791
2822
2792
2823
2793
2824
2794
2825
2795
2826
2796
2827
2797
2828
2798
2829
2799
2830
2800
2831
2801
2832
2802
2833
2803
2834
2804
2835
2805
2836
2806
2837
2807
2838
2808
2839
2809
2840
2841
2811
2842
2812
2843
2813
2844
2814
2845
2815
2846
2816
2847
2817
2848
2818
2849
2819
2850
2820
2851
2821
2852
2822
2853
2823
2854
2824
2855
2825
2856
2826
2857
2827
2858
2828
2859
2829
2860
2830
2861
2831
2862
2832
2863
2833
2864
2834
2865
2835
2866
2836
2867
2837
2868
2838
2869
2839
2870
2840
2871
2841
2872
2873
2843
2874
2844
2875
2845
2876
2846
2877
2847
2878
2848
2879
2849
2880
2850
2881
2851
2882
2852
2883
2853
2884
2854
2885
2855
2886
2856
2887
2857
2888
2858
2889
2859
2890
2860
2891
2861
2892
2862
2893
2863
2894
2864
2895
2865
2896
2866
2897
2867
2898
2868
2899
2869
2900
2870
2901
2871
2902
2872
2873
2875
2903
2876
2904
2877
2905
2878
2906
2879
2907
2880
2908
2881
2909
2882
2910
2883
2911
2884
2912
2885
2913
2886
2914
2887
2915
2888
2916
2889
2917
2890
2918
2891
2919
2892
2920
2893
2921
2894
2922
2895
2923
2896
2924
2897
2925
2898
2926
2899
2927
2900
2928
2901
2902
2904
2929
2905
2930
2906
2931
2907
2932
2908
2933
2909
2934
2910
2935
2911
2936
2912
2937
2913
2938
2914
2939
2915
2940
2916
2941
2917
2942
2918
2943
2919
2944
2920
2945
2921
2946
2922
2947
2923
2948
2924
2949
2925
2950
2926
2951
2927
2952
2928
2953
2954
2930
2955
2931
2956
2932
2957
2933
2958
2934
2959
2935
2960
2936
2961
2937
2962
2938
2963
2939
2964
2940
2965
2941
2966
2942
2967
2943
2968
2944
2969
2945
2970
2946
2971
2947
2972
2948
2973
2949
2974
2950
2975
2951
2976
2952
2953
2954
2956
2977
2957
2978
2958
2979
2959
2980
2960
2981
2961
2982
2962
2983
2963
2984
2964
2985
2965
2986
2966
2987
2967
2988
2968
2989
2969
2990
2970
2991
2971
2992
2972
2993
2973
2994
2974
2995
2975
2996
2976
2978
2997
2979
2998
2980
2999
2981
3000
2982
3001
2983
3002
2984
3003
2985
3004
2986
3005
2987
3006
2988
3007
2989
3008
2990
3009
2991
3010
2992
3011
2993
3012
2994
3013
2995
3014
2996
3015
3016
2998
3017
2999
3018
3000
3019
3001
3020
3002
3021
3003
3022
3004
3023
3005
3024
3006
3025
3007
3026
3008
3027
3009
3028
3010
3029
3011
3030
3012
3031
3013
3032
3014
3033
3015
3034
3016
3035
3018
3036
3019
3037
3020
3038
3021
3039
3022
3040
3023
3041
3024
3042
3025
3043
3026
3044
3027
3045
3028
3046
3029
3047
3030
3048
3031
3049
3032
3050
3033
3051
3034
3052
3035
3053
3054
3037
3055
3038
3056
3039
3057
3040
3058
3041
3059
3042
3060
3043
3061
3044
3062
3045
3063
3046
3064
3047
3065
3048
3066
3049
3067
3050
3068
3051
3069
3052
3070
3053
3071
3054
3072
3056
3073
3057
3074
3058
3075
3059
3076
3060
3077
3061
3078
3062
3079
3063
3080
3064
3081
3065
3082
3066
3083
3067
3084
3068
3085
3069
3086
3070
3087
3071
3088
3072
3089
3090
3074
3091
3075
3092
3076
3093
3077
3094
3078
3095
3079
3096
3080
3097
3081
3098
3082
3099
3083
3100
3084
3101
3085
3102
3086
3103
3087
3104
3088
3105
3089
3106
3090
3107
3108
3092
3109
3093
3110
3094
3111
3095
3112
3096
3113
3097
3114
3098
3115
3099
3116
3100
3117
3101
3118
3102
3119
3103
3120
3104
3121
3105
3122
3106
3123
3107
3124
3108
3125
3110
3126
3111
3127
3112
3128
3113
3129
3114
3130
3115
3131
3116
3132
3117
3133
3118
3134
3119
3135
3120
3136
3121
3137
3122
3138
3123
3139
3124
3140
3125
3141
3142
3127
3143
3128
3144
3129
3145
3130
3146
3131
3147
3132
3148
3133
3149
3134
3150
3135
3151
3136
3152
3137
3153
3138
3154
3139
3155
3140
3156
3141
3157
3142
3158
3159
3144
3160
3145
3161
3146
3162
3147
3163
3148
3164
3149
3165
3150
3166
3151
3167
3152
3168
3153
3169
3154
3170
3155
3171
3156
3172
3157
3173
3158
3174
3159
3175
3161
3176
3162
3177
3163
3178
3164
3179
3165
3180
3166
3181
3167
3182
3168
3183
3169
3184
3170
3185
3171
3186
3172
3187
3173
3188
3174
3189
3175
3190
3191
3177
3192
3178
3193
3179
3194
3180
3195
3181
3196
3182
3197
3183
3198
3184
3199
3185
3200
3186
3201
3187
3202
3188
3203
3189
3204
3190
3205
3191
3206
3207
3193
3208
3194
3209
3195
3210
3196
3211
3197
3212
3198
3213
3199
3214
3200
3215
3201
3216
3202
3217
3203
3218
3204
3219
3205
3220
3206
3221
3207
3222
3223
3209
3224
3210
3225
3211
3226
3212
3227
3213
3228
3214
3229
3215
3230
3216
3231
3217
3232
3218
3233
3219
3234
3220
3235
3221
3236
3222
3237
3223
3238
3225
3239
3226
3240
3227
3241
3228
3242
3229
3243
3230
3244
3231
3245
3232
3246
3233
3247
3234
3248
3235
3249
3236
3250
3237
3251
3238
3252
3253
3240
3254
3241
3255
3242
3256
3243
3257
3244
3258
3245
3259
3246
3260
3247
3261
3248
3262
3249
3263
3250
3264
3251
3265
3252
3266
3253
3267
3268
3255
3269
3256
3270
3257
3271
3258
3272
3259
3273
3260
3274
3261
3275
3262
3276
3263
3277
3264
3278
3265
3279
3266
3280
3267
3281
3268
3282
3283
3270
3284
3271
3285
3272
3286
3273
3287
3274
3288
3275
3289
3276
3290
3277
3291
3278
3292
3279
3293
3280
3294
3281
3295
3282
3296
3283
3297
3298
3285
3299
3286
3300
3287
3301
3288
3302
3289
3303
3290
3304
3291
3305
3292
3306
3293
3307
3294
3308
3295
3309
3296
3310
3297
3311
3298
3312
3313
3300
3314
3301
3315
3302
3316
3303
3317
3304
3318
3305
3319
3306
3320
3307
3321
3308
3322
3309
3323
3310
3324
3311
3325
3312
3326
3313
3315
3327
3316
3328
3317
3329
3318
3330
3319
3331
3320
3332
3321
3333
3322
3334
3323
3335
3324
3336
3325
3337
3326
3338
3339
3328
3340
3329
3341
3330
3342
3331
3343
3332
3344
3333
3345
3334
3346
3335
3347
3336
3348
3337
3349
3338
3350
3339
3351
3341
3352
3342
3353
3343
3354
3344
3355
3345
3356
3346
3357
3347
3358
3348
3359
3349
3360
3350
3361
3351
3362
3353
3363
3354
3364
3355
3365
3356
3366
3357
3367
3358
3368
3359
3369
3360
3370
3361
3371
3362
3372
3364
3373
3365
3374
3366
3375
3367
3376
3368
3377
3369
3378
3370
3379
3371
3380
3372
3381
3374
3382
3375
3383
3376
3384
3377
3385
3378
3386
3379
3387
3380
3388
3381
3389
3383
3390
3384
3391
3385
3392
3386
3393
3387
3394
3388
3395
3389
3396
3391
3397
3392
3398
3393
3399
3394
3400
3395
3401
3396
3402
3398
3403
3399
3404
3400
3405
3401
3406
3402
3407
3404
3408
3405
3409
3406
3410
3407
3411
3409
3412
3410
3413
3411
3414
3413
3414
)


// ************************************************************************* //
