/*--------------------------------*- C++ -*----------------------------------*\
| =========                 |                                                 |
| \\      /  F ield         | OpenFOAM: The Open Source CFD Toolbox           |
|  \\    /   O peration     | Version:  2506                                  |
|   \\  /    A nd           | Website:  www.openfoam.com                      |
|    \\/     M anipulation  |                                                 |
\*---------------------------------------------------------------------------*/
FoamFile
{
    version     2.0;
    format      ascii;
    arch        "LSB;label=32;scalar=64";
    class       volVectorField;
    location    "2.45";
    object      U;
}
// * * * * * * * * * * * * * * * * * * * * * * * * * * * * * * * * * * * * * //

dimensions      [0 1 -1 0 0 0 0];

internalField   nonuniform List<vector> 
1376
(
(64.939314 -11.22503 2.4291674e-17)
(85.054045 -7.8592145 -5.9232751e-17)
(87.025633 -11.400863 5.5485374e-17)
(88.750882 -8.4881037 -2.5592885e-17)
(89.298432 -8.0614809 0)
(89.885161 -7.711143 -1.0956971e-17)
(90.470848 -6.4763412 0)
(90.993055 -6.0466495 1.0844833e-20)
(91.466442 -5.312659 -1.7358069e-17)
(91.935695 -4.9147985 -8.0174511e-18)
(92.353545 -4.2502691 -1.7747659e-21)
(92.682261 -4.0313617 0)
(92.933672 -3.1982973 0)
(93.198788 -3.0741923 0)
(93.499021 -2.6498781 0)
(93.686616 -2.6112958 0)
(93.833345 -2.2628501 9.3331527e-18)
(93.995542 -1.9021567 2.04047e-21)
(94.157171 -1.7596549 1.5993775e-17)
(94.254416 -1.4414338 2.2295054e-17)
(94.307377 -1.3111002 -6.9110848e-18)
(94.352846 -1.180099 3.2000732e-17)
(94.394219 -1.1178861 -5.9079769e-18)
(94.437499 -0.96326432 1.5467552e-22)
(94.465839 -0.82446595 5.0527032e-18)
(94.484872 -0.71192883 0)
(94.487555 -0.6022463 3.4652097e-17)
(76.125269 -5.338304 -3.0951522e-17)
(89.30943 -10.627536 4.0896996e-17)
(90.312301 -4.8820175 0)
(90.916098 -6.842935 0)
(91.197023 -5.1241124 0)
(91.540658 -4.9393462 -1.1945579e-17)
(91.782379 -4.5044003 0)
(92.094862 -4.4316974 3.0760487e-17)
(92.38011 -3.9092585 -3.7962418e-17)
(92.692021 -3.8592543 2.636136e-17)
(92.958401 -3.4918207 0)
(93.214858 -3.2963067 -1.5045432e-17)
(93.405622 -3.2216487 1.3920481e-17)
(93.598797 -2.9023446 1.2887743e-17)
(93.795116 -2.5804518 1.1928458e-17)
(93.978991 -2.3650251 2.2058853e-17)
(94.075651 -2.1033187 2.0455482e-17)
(94.182055 -1.9056391 -9.4693838e-18)
(94.296742 -1.6923872 1.0933094e-21)
(94.383786 -1.6247426 8.3122971e-22)
(94.438641 -1.4685537 5.4452953e-22)
(94.474659 -1.3141593 -2.7648945e-17)
(94.51634 -1.1095005 3.1913619e-17)
(94.543777 -0.9111021 0)
(94.541919 -0.7990534 -5.4547757e-18)
(94.540362 -0.66676936 -3.5385813e-17)
(94.532442 -0.60044455 -3.7367442e-17)
(94.518917 -0.49702561 0)
(94.501 -0.43069502 6.3806261e-17)
(79.273372 -11.201497 0)
(91.948004 -9.8435204 -2.6113488e-17)
(91.883565 -11.595502 6.4130045e-17)
(92.549341 -9.8647637 -6.6663156e-17)
(92.463594 -9.5551532 3.4219261e-17)
(92.706917 -9.0737275 5.0836462e-17)
(92.825977 -7.7756097 1.1744418e-17)
(92.98514 -7.3624136 -1.0891442e-17)
(93.135798 -6.3512324 -2.014802e-17)
(93.316707 -5.847652 3.681323e-21)
(93.457885 -5.0638241 5.1824879e-17)
(93.659795 -4.7314955 -1.5976504e-17)
(93.825709 -3.9654875 0)
(93.949248 -3.5351575 0)
(94.096471 -3.2684628 -2.5268718e-17)
(94.253787 -2.8265835 -1.1681607e-17)
(94.325777 -2.5219473 -4.3167913e-17)
(94.397376 -2.2634119 2.9934219e-17)
(94.475408 -2.0137056 2.7687025e-17)
(94.561452 -1.7689724 3.4041786e-17)
(94.615503 -1.4811465 -7.8372572e-18)
(94.613246 -1.2743699 5.7958199e-17)
(94.618892 -1.1056221 -2.0157849e-17)
(94.62023 -0.95830932 -6.2071757e-18)
(94.60717 -0.86141693 4.0045867e-17)
(94.595048 -0.73372951 4.7603873e-17)
(94.578447 -0.62111077 -2.4401924e-18)
(94.559106 -0.53452047 4.4975811e-18)
(94.536333 -0.45359655 -2.0733409e-18)
(94.509021 -0.36860817 -1.9160785e-18)
(82.299215 -5.9007877 -2.0011883e-17)
(93.887483 -11.330818 3.6644445e-17)
(94.107034 -6.9406949 -8.4241833e-18)
(94.31651 -8.5652383 -1.5592521e-17)
(94.160848 -6.590666 7.2007346e-18)
(94.243679 -6.7246795 -1.1261783e-20)
(94.157018 -5.9059585 -1.23516e-17)
(94.172179 -5.7374753 -1.142703e-17)
(94.141825 -5.132304 2.1130119e-17)
(94.161266 -4.9256166 0)
(94.145561 -4.464484 9.0358933e-18)
(94.260719 -4.2604579 -8.3861773e-18)
(94.339896 -3.9454229 -1.5516695e-17)
(94.430874 -3.7572179 0)
(94.48995 -3.2925305 -3.3137594e-17)
(94.55102 -3.0753788 6.1275193e-18)
(94.651424 -2.7516054 -5.6436376e-18)
(94.709543 -2.3546136 2.6065871e-17)
(94.724937 -1.9748877 -1.4474291e-17)
(94.739621 -1.7165558 -3.5685659e-17)
(94.759262 -1.4960004 6.1224013e-24)
(94.738874 -1.3323859 -3.7944933e-18)
(94.723113 -1.1254005 0)
(94.698319 -0.97461514 -4.8528386e-17)
(94.677346 -0.84206511 -5.0655292e-17)
(94.659417 -0.72708015 2.7415237e-18)
(94.629376 -0.61776598 3.7931262e-17)
(94.600275 -0.5085887 0)
(94.570646 -0.43310065 6.8615119e-17)
(94.538733 -0.35856373 -1.264361e-16)
(94.514936 -0.28856223 -1.817145e-18)
(84.334211 -11.145465 2.1061192e-17)
(95.959694 -9.8836192 -2.8910858e-17)
(95.236486 -10.316053 8.8875781e-18)
(95.575825 -10.021189 -8.2164984e-18)
(95.157105 -9.1396344 -1.5181021e-17)
(95.268251 -9.3186282 1.4008921e-17)
(95.105352 -8.0028993 -1.2995142e-17)
(95.072242 -7.9487487 -1.2007167e-17)
(94.978467 -6.7522668 -1.1111776e-17)
(94.919653 -6.4244066 -1.0287876e-17)
(94.843441 -5.4414287 -9.54175e-18)
(94.86527 -4.9917834 -8.7830103e-18)
(94.883286 -4.2456209 1.6205662e-17)
(94.937376 -3.7405872 -7.4693022e-18)
(94.923102 -3.1841588 4.1456862e-17)
(94.898143 -2.8006077 -6.3882731e-18)
(94.945924 -2.4789253 -1.7686377e-17)
(94.974451 -2.2567325 -4.3434416e-17)
(94.962698 -1.9700904 1.5006813e-17)
(94.912662 -1.7389077 0)
(94.890181 -1.5036405 4.2878334e-18)
(94.864323 -1.3283762 -6.6980455e-17)
(94.83595 -1.1534381 -2.8981986e-17)
(94.786599 -0.97573411 8.0301506e-17)
(94.744058 -0.83702124 4.6333293e-17)
(94.719231 -0.70692544 4.8194876e-17)
(94.678528 -0.6048085 -4.1712376e-17)
(94.637768 -0.50477001 -3.8434512e-17)
(94.601923 -0.4389004 -1.3903105e-16)
(94.568023 -0.36055621 6.2814341e-17)
(94.536702 -0.28955573 -1.8599966e-18)
(94.504215 -0.25094137 5.6340303e-17)
(94.472609 -0.19707884 5.0095567e-17)
(86.376601 -4.9060817 -4.4093841e-17)
(97.234755 -10.969725 2.0152532e-17)
(96.630327 -7.0130925 0)
(96.861578 -8.7783018 -8.5827591e-18)
(96.419225 -6.7103926 7.9383043e-18)
(96.50217 -7.2663508 0)
(96.200738 -6.1672545 0)
(96.15639 -6.3101761 1.253812e-17)
(95.92336 -5.4739808 1.3192558e-20)
(95.818225 -5.4822783 -1.0710284e-17)
(95.658299 -4.6844162 -9.18792e-21)
(95.548633 -4.5693815 1.8291593e-17)
(95.465139 -3.9963159 -8.4412125e-18)
(95.402171 -3.848366 0)
(95.346311 -3.4747258 0)
(95.26518 -3.1475303 0)
(95.216206 -2.6892364 2.4562198e-17)
(95.197996 -2.3981435 2.2647255e-17)
(95.191872 -2.0889465 5.1811222e-18)
(95.125887 -1.8020295 3.3455941e-17)
(95.04203 -1.5496946 -3.5404988e-17)
(94.983213 -1.3041488 3.2648823e-17)
(94.934339 -1.1244663 3.0007105e-17)
(94.878578 -0.96788839 -2.7551122e-17)
(94.815052 -0.8064204 -1.016305e-16)
(94.773578 -0.70106428 -4.6703382e-17)
(94.726418 -0.6018132 -2.6747063e-18)
(94.676719 -0.50543613 4.4259912e-17)
(94.632887 -0.42502334 6.7776881e-17)
(94.597404 -0.36044443 2.0676326e-18)
(94.558502 -0.27711022 0)
(94.519415 -0.24009784 -5.5577359e-17)
(94.486756 -0.19340299 5.0834956e-17)
(94.459559 -0.14949465 0)
(87.873755 -11.191021 0)
(98.691561 -9.582016 -1.0508299e-17)
(97.411547 -9.2755813 -1.9430897e-17)
(97.811893 -9.848072 8.9349995e-18)
(97.302939 -8.2523502 2.4792911e-17)
(97.263452 -8.9473747 7.6378535e-18)
(96.955293 -7.4828589 -1.4152119e-17)
(96.912099 -7.6879908 -1.3055198e-17)
(96.633591 -6.5172646 1.2060238e-17)
(96.557589 -6.4361116 1.1116139e-17)
(96.361324 -5.410857 3.0773783e-17)
(96.17643 -5.1467685 -5.6904158e-17)
(96.038041 -4.2647375 1.7494195e-17)
(95.881582 -3.8937764 1.6158239e-17)
(95.772047 -3.2120414 -7.4513376e-18)
(95.66394 -2.9035404 -3.4228278e-17)
(95.53612 -2.525993 3.7926819e-17)
(95.425712 -2.2181719 -1.1715863e-17)
(95.380974 -1.9981584 -1.6169065e-17)
(95.326896 -1.7202462 -9.5342386e-21)
(95.214567 -1.4970562 7.9984562e-21)
(95.107351 -1.2725484 0)
(95.024545 -1.118253 3.4783567e-17)
(94.966208 -0.98379967 -3.5398402e-18)
(94.898115 -0.81911143 5.2071958e-21)
(94.830392 -0.68148454 -2.9847655e-18)
(94.770557 -0.58682677 2.7386405e-18)
(94.717243 -0.49513232 0)
(94.665014 -0.40900051 0)
(94.625526 -0.34349012 -6.9369191e-17)
(94.578866 -0.27520614 -9.7352356e-23)
(94.534575 -0.23845153 -5.451148e-17)
(94.5005 -0.1946937 0)
(94.471377 -0.15180231 0)
(94.442723 -0.1090989 8.5394644e-17)
(89.503207 -2.9819338 0)
(99.568448 -10.731467 3.2859879e-17)
(98.700401 -6.0480224 -2.0096382e-17)
(98.879944 -8.8081997 0)
(98.521469 -6.0226747 -1.710235e-17)
(98.26606 -7.4015397 -5.2897736e-21)
(97.995491 -5.599634 2.9280973e-17)
(97.825085 -6.1675057 -1.3541631e-17)
(97.441521 -5.0957189 0)
(97.337816 -5.2750231 -1.152844e-17)
(97.067235 -4.4875257 -1.0637279e-17)
(96.815916 -4.4570011 3.9271229e-17)
(96.598123 -3.8634202 1.8068615e-17)
(96.367472 -3.6740894 0)
(96.149534 -3.3444012 0)
(95.998454 -2.9619483 2.8389823e-17)
(95.8614 -2.6247167 -2.6023375e-17)
(95.692573 -2.2280578 0)
(95.55178 -1.9413577 0)
(95.482981 -1.7183043 -3.5717406e-17)
(95.379239 -1.5069254 3.2662145e-17)
(95.249783 -1.2914126 3.4304115e-17)
(95.130021 -1.056865 -5.9277461e-17)
(95.046633 -0.93258288 -3.6340257e-18)
(94.977085 -0.76867978 4.9802137e-17)
(94.8906 -0.64790856 6.0793711e-18)
(94.812313 -0.55468587 -2.7944061e-18)
(94.755096 -0.48750168 -3.8300835e-17)
(94.699258 -0.39643718 7.2312907e-17)
(94.652338 -0.33419231 2.1315969e-18)
(94.597765 -0.27399238 -1.9464015e-18)
(94.549942 -0.23012892 1.2169968e-21)
(94.514178 -0.19235474 5.1729031e-17)
(94.482906 -0.1528831 -9.2812699e-17)
(94.451909 -0.10068542 -8.6944259e-17)
(94.416419 -0.098914555 -7.8147025e-17)
(90.578196 -11.69682 -1.8949061e-17)
(100.78981 -9.324693 3.4592317e-17)
(99.529075 -7.872776 1.0577057e-17)
(99.703064 -9.5389366 -1.95721e-17)
(99.351792 -6.9047059 -3.4461407e-21)
(99.082466 -8.4527384 1.6618038e-17)
(98.837299 -6.4886729 -1.5293563e-17)
(98.573554 -7.1329152 -2.1211821e-17)
(98.102519 -5.7996312 1.965555e-17)
(97.924121 -5.887289 0)
(97.603284 -4.934679 0)
(97.341751 -4.8150019 -2.0563779e-17)
(97.042969 -4.0063123 -3.7914763e-17)
(96.803679 -3.7526522 4.3532382e-18)
(96.554761 -3.1183482 -4.0053137e-18)
(96.293398 -2.8410781 -3.7104921e-18)
(96.132091 -2.513958 2.7257804e-17)
(95.991097 -2.2209285 -7.6142157e-22)
(95.784239 -1.8974116 2.5813774e-17)
(95.630001 -1.629692 4.2431863e-17)
(95.511942 -1.4170302 0)
(95.381002 -1.2418698 -3.5572344e-17)
(95.248419 -1.0336707 6.7134305e-17)
(95.133384 -0.88533286 -1.8706124e-18)
(95.043847 -0.75537495 -5.4873906e-17)
(94.946148 -0.638931 0)
(94.857722 -0.52661348 1.4312812e-18)
(94.790987 -0.47056696 -2.6152467e-18)
(94.732782 -0.37862689 -7.5067035e-17)
(94.677454 -0.31492555 1.3884545e-16)
(94.615475 -0.26485853 6.3429532e-17)
(94.56468 -0.22489392 1.1664752e-21)
(94.527161 -0.1819693 -5.2383181e-17)
(94.494281 -0.15653081 9.5171906e-17)
(94.460473 -0.097670164 6.7426874e-19)
(94.422624 -0.095464047 7.7856964e-17)
(92.099297 0.06950699 6.5590892e-18)
(101.58023 -10.260632 -5.9068271e-18)
(100.44366 -5.0032667 -2.2098237e-17)
(100.65094 -7.8137802 2.0268472e-17)
(100.04991 -5.5003213 0)
(100.03429 -6.6102049 0)
(99.602237 -5.2366958 0)
(99.416017 -5.866939 2.9095463e-17)
(98.878788 -4.6835482 -1.347355e-17)
(98.563464 -5.0053645 1.2491345e-17)
(98.15691 -4.1139013 1.7291624e-17)
(97.886392 -4.1716024 2.5531203e-21)
(97.458584 -3.5859901 -9.7740117e-18)
(97.175862 -3.4628186 4.5084255e-18)
(96.948704 -3.0558081 0)
(96.640132 -2.7702647 0)
(96.35715 -2.4537336 -2.8125606e-17)
(96.220316 -2.1541131 2.5712619e-17)
(96.037661 -1.8199789 -2.341298e-17)
(95.815302 -1.559697 -4.5840864e-17)
(95.636397 -1.3438216 2.4882921e-18)
(95.487938 -1.1916541 -3.8790301e-17)
(95.3528 -1.015791 2.0756633e-18)
(95.231025 -0.84381345 0)
(95.112343 -0.68345511 5.5718243e-17)
(94.992773 -0.62035905 -5.102505e-17)
(94.90376 -0.49836538 -4.7860824e-17)
(94.827531 -0.43874962 4.3655436e-17)
(94.762513 -0.36106489 0)
(94.698893 -0.30977918 -7.0088056e-17)
(94.632948 -0.26053672 -6.3814504e-17)
(94.579445 -0.21833844 1.161885e-16)
(94.538979 -0.17891701 0)
(94.505682 -0.15712497 7.4218771e-19)
(94.468323 -0.10042819 -8.7620923e-17)
(94.430226 -0.084057291 1.2189382e-18)
(94.410434 -0.052413952 -3.6398062e-22)
(93.310988 -13.474525 -2.5356008e-21)
(102.8569 -7.5343023 -3.1046723e-17)
(100.9921 -7.0321846 1.1428204e-17)
(101.43807 -8.4178572 -2.0945342e-17)
(100.63745 -5.7800219 -9.6871499e-18)
(100.65235 -7.1492436 1.7836057e-17)
(100.05127 -5.3923999 -8.2676811e-18)
(99.92111 -6.1648689 -2.2743696e-17)
(99.460907 -4.8908543 -3.7636268e-21)
(99.125205 -5.3709128 6.407948e-18)
(98.654652 -4.2874287 -2.3735909e-17)
(98.354396 -4.349357 2.177686e-17)
(97.88287 -3.554928 2.0066899e-17)
(97.515201 -3.4069784 -4.6453863e-18)
(97.242319 -2.8356895 4.2644531e-18)
(97.007387 -2.5541061 3.858322e-18)
(96.66544 -2.2047759 -3.5622183e-18)
(96.397399 -2.0452405 -2.6472651e-17)
(96.213475 -1.790581 3.0237789e-18)
(96.00535 -1.5195549 1.9237167e-17)
(95.792888 -1.2772979 4.0349363e-17)
(95.603432 -1.0807512 6.1313805e-21)
(95.43763 -0.94560225 -6.8076696e-17)
(95.314033 -0.83283461 -1.9336674e-18)
(95.185362 -0.64363657 5.6328583e-17)
(95.039617 -0.57488341 1.6196104e-18)
(94.944355 -0.47670927 9.2681194e-17)
(94.863621 -0.41317578 -1.5540378e-22)
(94.789585 -0.333891 1.2138426e-18)
(94.716631 -0.29845238 0)
(94.650002 -0.25729577 1.0019029e-18)
(94.595492 -0.20740544 -1.1725778e-16)
(94.549905 -0.16658249 -5.2630356e-17)
(94.515865 -0.15362857 0)
(94.476136 -0.10898083 8.5240792e-17)
(94.438657 -0.073066842 -7.6847771e-17)
(94.414786 -0.048254886 -6.9729752e-17)
(94.389542 -0.048528963 1.2538739e-16)
(94.708796 6.3968196 1.4171309e-17)
(102.72547 -11.238872 -6.4569607e-18)
(102.24114 -2.4270004 2.3421684e-17)
(102.30874 -7.9068343 -1.0743347e-17)
(101.5959 -4.3547897 9.8742499e-18)
(101.37956 -6.4888371 0)
(100.58745 -4.2060839 0)
(100.31756 -5.3676709 0)
(99.906957 -3.9441375 0)
(99.721997 -4.5609978 -1.3209498e-17)
(99.205197 -3.4980594 1.2171044e-17)
(98.783417 -3.8314605 -1.2531716e-20)
(98.329133 -3.1476664 5.1527306e-18)
(97.983348 -3.0058823 2.8435168e-21)
(97.484853 -2.6952358 -4.3964727e-18)
(97.225645 -2.5141749 1.2075583e-17)
(97.000972 -2.0568693 3.6168702e-18)
(96.649897 -1.779741 0)
(96.350024 -1.6379312 0)
(96.135106 -1.4598763 -2.5544138e-17)
(95.941742 -1.2356986 -3.8585649e-17)
(95.74115 -1.0285903 3.7559798e-17)
(95.529664 -0.82875103 3.4538951e-17)
(95.379028 -0.77146843 -3.1566179e-17)
(95.246658 -0.63471149 -2.86272e-17)
(95.093603 -0.53350692 3.9006469e-21)
(94.983297 -0.44006194 -4.6131346e-17)
(94.894978 -0.38917201 4.1816148e-17)
(94.81446 -0.31407664 -3.9121763e-17)
(94.733391 -0.27539706 0)
(94.665729 -0.24924367 -1.0073885e-18)
(94.612583 -0.19838445 9.0970897e-19)
(94.560669 -0.15916041 8.21944e-19)
(94.524008 -0.14423121 -7.3944389e-19)
(94.484538 -0.12154187 0)
(94.447331 -0.069071484 7.6853481e-17)
(94.419182 -0.042221828 6.8542373e-17)
(94.390879 -0.045792998 4.8597833e-19)
(94.38148 -0.039931475 1.0996434e-16)
(95.3676 -14.814849 -2.2107672e-17)
(104.58338 -7.67393 1.9271301e-17)
(102.80896 -6.9823849 1.2292462e-17)
(102.99352 -8.2039193 5.9458889e-21)
(102.21486 -4.6859188 -2.0903681e-17)
(102.07648 -6.6637249 5.3406405e-21)
(101.23615 -4.3650498 -8.8399474e-18)
(100.85324 -5.5602741 0)
(100.2294 -3.8458095 0)
(100.14072 -4.5258336 -1.3915276e-17)
(99.658971 -3.3194278 6.3459362e-18)
(99.148536 -3.6734351 -5.8814567e-18)
(98.65764 -2.985828 -5.4190164e-18)
(98.42137 -2.8486807 4.8717813e-18)
(97.876295 -2.1953135 1.3465588e-17)
(97.37705 -2.2719938 -1.6881905e-17)
(97.174468 -2.0033476 3.8293743e-18)
(96.911427 -1.6847402 0)
(96.560362 -1.3817437 0)
(96.249321 -1.2831926 0)
(96.043733 -1.1443261 0)
(95.856752 -0.99717249 -3.6266355e-17)
(95.635869 -0.78813247 -2.2032107e-18)
(95.447089 -0.66030461 3.2288775e-17)
(95.29283 -0.60350198 -2.9446186e-17)
(95.144488 -0.51379395 5.3345739e-17)
(95.02535 -0.39514616 4.689032e-17)
(94.92215 -0.35520629 -4.2603904e-17)
(94.835724 -0.30507902 7.9617373e-17)
(94.751677 -0.25189115 0)
(94.681437 -0.23301526 -6.4113014e-17)
(94.629026 -0.18539949 1.1622112e-16)
(94.571537 -0.15166499 5.2724816e-17)
(94.530826 -0.13148095 -4.7510136e-17)
(94.492631 -0.1240668 -6.6596748e-19)
(94.456061 -0.075509316 -7.5348703e-17)
(94.423781 -0.037156255 -6.9742329e-17)
(94.392618 -0.040344617 -6.07623e-17)
(94.382905 -0.035092986 -4.1981967e-19)
(94.36619 -0.043743795 3.7830783e-19)
(97.212271 5.5247492 -7.466581e-18)
(104.93883 -9.6005299 0)
(103.66182 -0.19628145 0)
(103.59232 -5.862919 -2.3782662e-17)
(102.5843 -3.6041435 1.096732e-17)
(102.607 -5.5651176 5.6666485e-21)
(101.89328 -3.506377 0)
(101.8551 -4.7108834 4.1072326e-18)
(100.87 -2.775444 -3.8721365e-18)
(100.50608 -3.8197926 2.5183306e-17)
(99.992305 -2.6323265 -9.8822868e-18)
(99.539959 -3.1015557 -1.5058722e-17)
(98.962232 -2.3423148 5.5642498e-18)
(98.636175 -2.7110929 -2.5482311e-18)
(98.244857 -2.1332252 -1.59523e-17)
(97.720908 -1.7581911 -2.1073052e-18)
(97.275741 -1.7367387 0)
(97.029998 -1.6673619 0)
(96.771689 -1.3417264 1.6013511e-18)
(96.428248 -1.0729424 -2.4994004e-17)
(96.140648 -0.94272674 0)
(95.931464 -0.87961742 3.9631467e-17)
(95.722148 -0.75821273 0)
(95.520341 -0.59696434 0)
(95.338578 -0.5212616 -1.8570253e-18)
(95.187311 -0.47670415 1.6858009e-18)
(95.065669 -0.37317333 -4.8661464e-17)
(94.949162 -0.30757929 4.4124571e-17)
(94.854657 -0.28425495 -1.215998e-21)
(94.770188 -0.23151365 0)
(94.698598 -0.20433227 6.5906073e-17)
(94.643634 -0.16538747 -5.9322818e-17)
(94.58141 -0.14500756 0)
(94.537235 -0.11930213 9.4324273e-17)
(94.499446 -0.11719122 -8.4635814e-17)
(94.464654 -0.083201564 7.5541919e-17)
(94.428629 -0.041708195 0)
(94.395232 -0.033197275 -6.0750225e-17)
(94.38359 -0.030468757 5.2067864e-17)
(94.367001 -0.040998644 1.8584978e-19)
(94.351858 -0.032281355 0)
(98.540425 -5.0859355 7.3664873e-18)
(104.75755 -7.2218368 -6.8657483e-18)
(103.96787 -5.5027617 6.6103602e-18)
(104.07129 -7.2097959 6.1362056e-18)
(103.02255 -3.4177378 0)
(102.92101 -5.7631131 1.0438818e-17)
(102.2439 -3.2456661 -4.78356e-18)
(102.43677 -4.5998962 8.2253716e-18)
(101.6335 -2.643459 -3.8747192e-18)
(100.96756 -3.7022491 -1.4587969e-17)
(100.25602 -2.3437654 7.9923462e-21)
(99.866811 -3.0148367 -5.1727603e-21)
(99.366626 -1.7908425 -1.977018e-17)
(98.783306 -2.1330953 1.8412406e-17)
(98.382708 -2.0614695 2.4003306e-18)
(98.074328 -1.6894445 1.1326376e-21)
(97.540755 -1.1779891 1.291995e-21)
(97.103215 -1.2960001 -1.8421892e-18)
(96.868779 -1.2732187 2.6615233e-17)
(96.587134 -1.0329899 2.3815069e-17)
(96.273633 -0.80911781 1.360539e-18)
(96.001003 -0.70316587 -4.2692831e-17)
(95.781448 -0.65837642 -3.536729e-17)
(95.578551 -0.560742 0)
(95.38904 -0.47388514 2.9851412e-17)
(95.2299 -0.40042376 0)
(95.09889 -0.34718957 0)
(94.975345 -0.28064031 -4.4909281e-17)
(94.875011 -0.2439631 -3.9385534e-17)
(94.786532 -0.21210665 0)
(94.715425 -0.18424325 -6.4117056e-17)
(94.656895 -0.14225761 3.4232214e-23)
(94.589571 -0.13430054 -5.2643135e-17)
(94.5434 -0.11169356 -9.349425e-17)
(94.505824 -0.1048258 1.6734902e-16)
(94.472285 -0.081870604 -7.4275682e-17)
(94.433505 -0.055635267 -6.6949587e-17)
(94.398594 -0.020380232 5.9705638e-17)
(94.383634 -0.022584564 -2.0019801e-22)
(94.367391 -0.034755129 0)
(94.353008 -0.031789142 0)
(94.338951 -0.021964491 7.2775122e-17)
(98.086277 -2.6036159 -7.8428147e-18)
(106.66879 -6.9724962 7.7975317e-21)
(104.62941 -0.11188587 1.3732546e-17)
(105.01872 -4.865316 -6.2639651e-18)
(103.77254 -1.4904014 1.1571477e-17)
(103.73499 -4.2509141 0)
(102.56845 -1.5410051 4.9772501e-18)
(102.53463 -4.054703 -1.2644413e-17)
(102.01491 -2.0374037 1.6388126e-17)
(101.45615 -3.1569775 0)
(100.63449 -1.7698109 1.3876084e-17)
(100.19054 -2.5223482 -1.2756949e-17)
(99.720416 -1.679294 2.3279515e-17)
(99.091769 -1.4990735 -4.2458898e-17)
(98.476599 -1.4224794 -1.9876757e-17)
(98.203211 -1.6496955 0)
(97.793593 -1.2410499 2.0010544e-18)
(97.297787 -0.82190598 2.5756613e-17)
(96.93186 -0.89655314 -2.5640729e-17)
(96.657699 -0.93200842 1.5484976e-18)
(96.380126 -0.77796498 -1.382937e-18)
(96.090626 -0.60773966 4.0474231e-17)
(95.838965 -0.51728873 3.2071194e-21)
(95.619469 -0.47026414 0)
(95.432318 -0.43645334 -2.92796e-17)
(95.274278 -0.33617353 -8.5248931e-19)
(95.127117 -0.29310565 0)
(94.997593 -0.25913713 0)
(94.896824 -0.20857552 0)
(94.801359 -0.17891087 0)
(94.729287 -0.1647099 1.2885941e-16)
(94.668819 -0.12807426 4.5113503e-19)
(94.596769 -0.11740972 5.2109914e-17)
(94.54901 -0.10217609 9.292173e-17)
(94.512489 -0.094929722 -8.2122215e-17)
(94.47844 -0.07128685 7.3158524e-17)
(94.438017 -0.067940677 6.6057489e-17)
(94.403572 -0.022767298 0)
(94.383654 -0.020031638 -5.1017593e-17)
(94.367775 -0.026157992 0)
(94.353577 -0.029604072 8.1183444e-17)
(94.339809 -0.022065958 1.3725742e-19)
(94.324482 -0.022739811 -6.2945742e-17)
(99.930341 -1.8437506 4.1513282e-21)
(107.61859 -6.5855572 -3.8593485e-18)
(104.99594 -3.4866241 0)
(105.75207 -5.853473 -6.4409739e-18)
(104.28325 -1.8049116 -1.2141043e-17)
(104.43767 -4.5815672 0)
(103.21361 -0.82341299 0)
(102.48606 -3.4818204 8.0437417e-21)
(102.07432 -1.7614372 -1.7867841e-17)
(101.6906 -2.9269066 1.5843469e-17)
(101.02114 -1.6017578 3.5827398e-18)
(100.60729 -1.985008 -3.1830129e-18)
(99.969431 -1.3536204 0)
(99.347779 -1.6518235 2.4677824e-17)
(98.74491 -0.78162871 1.7540824e-17)
(98.288391 -1.0001382 2.3072369e-18)
(97.884598 -1.1548656 -4.20148e-18)
(97.470802 -0.8896672 -4.4952615e-21)
(97.060658 -0.61233434 3.4333942e-18)
(96.708208 -0.60501091 -2.7030367e-17)
(96.427298 -0.683159 -1.4398482e-18)
(96.167532 -0.55444631 1.2861367e-18)
(95.906206 -0.44043774 2.5374072e-21)
(95.657281 -0.36031061 1.066679e-18)
(95.465709 -0.36263378 -9.6044908e-19)
(95.311817 -0.29515663 0)
(95.153013 -0.24361542 0)
(95.016197 -0.22185193 -4.4956661e-17)
(94.915406 -0.18640596 0)
(94.816207 -0.15102396 5.6491617e-19)
(94.740524 -0.13643325 -3.2954193e-17)
(94.678096 -0.11888462 5.80111e-17)
(94.604305 -0.10237829 2.9978651e-23)
(94.554132 -0.086100112 -4.6593575e-17)
(94.517985 -0.08972265 4.0734573e-17)
(94.483717 -0.060966355 -7.2688179e-17)
(94.442757 -0.068872345 6.4727719e-17)
(94.409768 -0.042709455 -5.7558839e-17)
(94.385641 -0.016215736 1.9894298e-19)
(94.368018 -0.021023832 -4.3907943e-17)
(94.353549 -0.025819919 -7.9638505e-17)
(94.340058 -0.021544458 -6.9525414e-17)
(94.325223 -0.025353306 6.0407634e-17)
(94.311826 -0.0075437916 -1.5818603e-19)
(100.46999 0.35813511 4.5448941e-18)
(108.61892 -5.3876588 3.8328402e-18)
(105.57255 0.80585046 1.1206951e-17)
(106.34955 -4.3655898 6.6805441e-18)
(104.86689 -0.21334909 0)
(104.78291 -3.8263685 -8.6949475e-18)
(103.77721 -0.72411157 -2.6189283e-18)
(103.1897 -2.2394929 -2.3589553e-18)
(102.26005 -0.079399205 2.2479776e-18)
(101.77272 -2.2347231 -3.3346514e-17)
(101.24692 -0.85342189 0)
(100.83315 -1.6910994 0)
(100.1917 -0.68553855 0)
(99.498552 -1.3228796 0)
(98.950063 -0.93303864 2.0454147e-17)
(98.445046 -0.66986065 0)
(97.949736 -0.6731567 -1.7121502e-17)
(97.545994 -0.74425929 -6.325939e-17)
(97.159218 -0.66594064 -4.2896776e-22)
(96.798944 -0.40970022 2.5310385e-17)
(96.463476 -0.45265699 7.2995108e-19)
(96.212839 -0.44210941 0)
(95.958905 -0.38542023 1.6432422e-21)
(95.699571 -0.29460223 3.362019e-17)
(95.495598 -0.27002901 -2.9884292e-17)
(95.338233 -0.2371457 -4.315197e-19)
(95.175611 -0.20927877 -3.89804e-19)
(95.033312 -0.17395907 4.536318e-17)
(94.92851 -0.15889554 0)
(94.830637 -0.1360625 -3.5816529e-17)
(94.751172 -0.10479002 -3.2459564e-17)
(94.684141 -0.10661532 -1.1434895e-16)
(94.612768 -0.091972755 -5.12519e-17)
(94.559316 -0.06416983 -3.5672426e-19)
(94.521129 -0.081642577 -8.0357939e-17)
(94.488256 -0.057158402 7.1059087e-17)
(94.447465 -0.06201761 -2.4783922e-19)
(94.414744 -0.029113198 5.6095189e-17)
(94.387402 -0.018143673 1.9550625e-19)
(94.367327 -0.0084861431 8.5981651e-17)
(94.353074 -0.021522599 1.4704453e-19)
(94.339939 -0.020296679 6.8481903e-17)
(94.32547 -0.025716161 0)
(94.312107 -0.0091279171 -5.2919682e-17)
(94.310762 -0.019769182 -9.1808091e-17)
(101.66381 -0.858513 4.6262366e-18)
(108.97725 -5.3905029 -7.7212472e-18)
(106.20111 -0.42284288 1.1989076e-21)
(106.50863 -4.6713571 3.5925119e-18)
(105.36337 0.22044315 -3.202117e-18)
(105.24079 -3.0273913 4.1306417e-21)
(104.06732 -0.045082502 2.723815e-18)
(103.61531 -2.8747617 9.8663985e-18)
(102.76914 0.57829798 0)
(102.08486 -1.3642199 1.6196492e-17)
(101.42513 0.48369192 -1.8976708e-18)
(100.81261 -0.9700017 1.5390007e-17)
(100.27209 -0.38552316 -1.1932592e-17)
(99.633388 -0.68122544 1.4034004e-18)
(99.079908 -0.48882683 -2.1967928e-17)
(98.513341 -0.61915962 -1.9004752e-17)
(98.046092 -0.48141024 3.4213784e-17)
(97.612701 -0.32773892 3.1335991e-17)
(97.205348 -0.48551747 2.7785671e-17)
(96.86589 -0.39782557 -2.4858273e-17)
(96.523682 -0.28439813 7.2822895e-19)
(96.245 -0.26419629 -6.61123e-19)
(95.989377 -0.29033631 1.1989606e-21)
(95.738425 -0.22800899 -3.4008405e-17)
(95.523514 -0.19843572 6.1502546e-17)
(95.355856 -0.17501393 0)
(95.194261 -0.16888589 -2.4566834e-17)
(95.050382 -0.13084762 4.4545399e-17)
(94.937638 -0.11827693 -3.1421312e-19)
(94.842126 -0.11584052 3.5828109e-17)
(94.762044 -0.080584587 3.1472411e-17)
(94.688203 -0.08810507 5.7359272e-17)
(94.621245 -0.085151181 5.0480202e-17)
(94.564819 -0.046824969 4.5055293e-17)
(94.523054 -0.066306642 3.972893e-17)
(94.49094 -0.054271072 3.4376218e-17)
(94.450968 -0.056949555 -1.2392148e-16)
(94.419013 -0.045809405 5.5058834e-17)
(94.389638 -0.016614203 0)
(94.367065 -0.014536391 -4.2105086e-17)
(94.353159 -0.018122 0)
(94.338894 -0.017485762 6.4241401e-20)
(94.325435 -0.027163406 -5.5547717e-20)
(94.312665 -0.016077496 1.0181553e-16)
(94.310771 -0.023873012 -4.4671041e-17)
(94.296503 -0.0082807553 -7.7786909e-17)
(102.26815 6.8497471 -7.4251351e-18)
(108.70142 -4.3745261 -8.3256705e-18)
(106.85283 2.8272101 1.9928022e-18)
(106.7739 -2.5483513 -9.2925028e-18)
(105.56298 0.91392925 -1.7077782e-18)
(105.70887 -2.3954874 1.5291328e-18)
(104.40318 1.2123036 1.2444757e-17)
(103.78828 -1.9111708 -1.161396e-17)
(103.048 0.3558406 1.1660392e-18)
(102.36467 -1.1823853 -1.8090483e-17)
(101.65842 0.67182702 9.3603076e-19)
(100.76813 -0.52308703 -1.3710605e-17)
(100.24896 0.17682035 1.4132565e-21)
(99.699216 -0.44909281 1.1260826e-17)
(99.177317 -0.047813191 -6.5328518e-19)
(98.538008 -0.30320011 1.9929042e-17)
(98.105757 -0.2870507 -3.4379225e-17)
(97.686544 -0.20251206 -4.8316038e-19)
(97.25646 -0.12197619 -2.7865255e-17)
(96.896707 -0.22010561 5.1645078e-17)
(96.568997 -0.20226501 3.6795987e-19)
(96.276747 -0.12920636 2.1127341e-17)
(96.011058 -0.15968919 3.7549479e-17)
(95.763585 -0.14974574 2.625057e-19)
(95.544184 -0.13655014 -2.4006613e-19)
(95.368008 -0.12587034 2.7941408e-17)
(95.209499 -0.1169792 3.6060221e-22)
(95.067661 -0.09390373 -4.4608881e-17)
(94.94549 -0.066392838 0)
(94.849003 -0.084713808 0)
(94.771109 -0.061407304 -3.082319e-17)
(94.692003 -0.066109114 1.0113909e-23)
(94.628983 -0.069725391 -9.7843778e-20)
(94.570351 -0.037999111 -4.4497254e-17)
(94.524969 -0.039094112 3.9195814e-17)
(94.491415 -0.048923611 -6.7988841e-17)
(94.453555 -0.05111527 6.0051548e-17)
(94.423815 -0.044172897 -1.0695088e-16)
(94.393704 -0.024360348 -4.7217849e-17)
(94.369036 -0.011462853 4.1288134e-17)
(94.352818 -0.0016967582 -3.6194776e-17)
(94.338217 -0.015845786 0)
(94.325983 -0.027141563 0)
(94.314489 -0.0066345613 -9.7404568e-17)
(94.311131 -0.022854428 -2.4769902e-23)
(94.296918 -0.0065336412 1.4949801e-16)
(94.297455 -0.026946698 1.3037604e-16)
(102.59245 -2.712311 1.32781e-18)
(109.83879 -2.7504098 0)
(107.29239 1.4763444 0)
(107.289 -2.6722587 8.5847015e-18)
(105.78183 2.748555 -8.7648804e-19)
(105.66723 -1.8717825 1.201036e-17)
(104.66549 1.5859169 -1.0272473e-17)
(104.02987 -0.81407648 1.0254376e-17)
(103.171 1.4846207 -1.1838336e-18)
(102.3763 -0.82550834 1.8142516e-17)
(101.74889 0.64816475 -4.7474702e-19)
(100.86888 -0.071666611 0)
(100.28897 0.48839415 1.3573988e-17)
(99.714722 0.0017596559 6.7325843e-23)
(99.204837 0.061450107 -3.4433978e-19)
(98.578093 0.11293686 6.2736417e-19)
(98.128095 0.054124437 -2.7420069e-19)
(97.712125 -0.10503462 2.5634064e-19)
(97.296017 -0.046786164 -1.4779247e-17)
(96.921331 -0.015375812 -2.6076776e-17)
(96.596229 -0.035459059 -1.8347001e-19)
(96.297974 -0.051136336 -2.0826182e-17)
(96.023885 -0.07041964 0)
(95.772785 -0.10276866 0)
(95.554538 -0.088434354 -3.1586892e-17)
(95.377096 -0.082743929 -3.838443e-22)
(95.221465 -0.067206697 2.4833034e-17)
(95.08252 -0.064021362 0)
(94.955053 -0.020819329 0)
(94.853493 -0.041731485 3.555615e-17)
(94.775061 -0.042585081 3.1512896e-17)
(94.695298 -0.052293212 4.83631e-24)
(94.636777 -0.045638023 2.4524947e-17)
(94.576286 -0.028829546 -4.3972707e-17)
(94.52672 -0.0065681696 -2.181581e-22)
(94.490513 -0.039216573 6.8902888e-17)
(94.454973 -0.046345262 2.9989251e-17)
(94.427329 -0.041571724 1.034333e-16)
(94.397536 -0.02426108 4.6024169e-17)
(94.370391 -0.011477077 -3.532713e-23)
(94.35236 -0.0074310751 3.5373134e-17)
(94.33768 -0.001656423 0)
(94.326138 -0.024749979 0)
(94.315675 -0.0087342715 9.3566178e-17)
(94.311269 -0.023493987 4.1101366e-17)
(94.297147 -0.0025306956 -7.2824387e-17)
(94.298146 -0.023001774 -6.2562487e-17)
(94.287256 0.00055054317 5.4324206e-17)
(94.339101 -0.034143323 -1.4316791e-21)
(103.07607 7.0710544 0)
(110.51171 -3.147177 0)
(107.70552 5.0219715 1.2907729e-19)
(107.65147 -2.1145294 -8.0654822e-18)
(106.14332 3.883485 7.2221161e-18)
(105.33871 -0.98919583 0)
(104.75873 2.4206331 -1.2355634e-17)
(104.14746 -0.58259549 8.4646798e-20)
(103.30591 1.6605346 -7.6922706e-20)
(102.29383 0.4242691 0)
(101.71165 1.0041405 -6.4027551e-20)
(100.91878 0.30971148 5.5691604e-20)
(100.42928 0.9092828 0)
(99.705179 0.68202656 -1.3211864e-22)
(99.214597 0.6006244 0)
(98.621694 0.45050923 0)
(98.144903 0.27260779 1.8448224e-17)
(97.705177 0.36645279 1.6875445e-17)
(97.284825 0.20492578 1.4973424e-17)
(96.930899 0.043610348 0)
(96.61381 0.050748067 0)
(96.305141 0.04833128 2.1204202e-17)
(96.023595 0.02238072 -1.8847959e-17)
(95.770044 0.020752889 0)
(95.558493 -0.018562353 -3.2039775e-17)
(95.386271 -0.015173042 1.3521749e-20)
(95.228415 -0.026610491 2.3374236e-24)
(95.091431 -0.036507322 -1.0565473e-20)
(94.965893 -0.0041335608 -1.9682646e-17)
(94.858384 0.0017708826 -3.5159028e-17)
(94.774661 -0.0064622461 -2.228983e-22)
(94.696857 -0.04496324 -2.747632e-17)
(94.643499 -0.035453037 -2.3812558e-17)
(94.584295 -0.016603026 4.2623425e-17)
(94.528435 -0.0030733207 -3.730427e-17)
(94.490127 -0.013651051 -3.3872963e-17)
(94.454541 -0.027417365 -2.9518895e-17)
(94.428411 -0.037023106 -5.0165652e-17)
(94.399969 -0.026062505 2.7403817e-21)
(94.370866 -0.016524011 -2.4809255e-21)
(94.352997 -0.0084187959 3.4655393e-17)
(94.335602 0.0034382811 3.0024977e-17)
(94.325382 -0.017208037 -5.2127044e-17)
(94.316027 -0.0089104955 -4.5524423e-17)
(94.311012 -0.026614354 0)
(94.297509 -0.0054039278 0)
(94.298778 -0.021894154 -4.5718501e-22)
(94.286353 0.0016415852 7.3343152e-22)
(94.338692 -0.034770008 -4.5334148e-17)
(104.54728 4.098596 -5.0593704e-18)
(110.27972 -1.9793273 -1.1756945e-18)
(108.05733 4.2133032 -1.0308626e-18)
(108.04708 -0.51795528 -1.5762257e-21)
(106.33477 3.9563894 -7.5328204e-18)
(105.64187 0.077497763 -6.6315574e-18)
(104.94186 4.0560478 1.279745e-17)
(104.03074 0.66929902 -1.211917e-17)
(103.20244 2.9771761 -8.0355052e-22)
(102.25595 0.63912711 -8.2286312e-18)
(101.81916 2.3125735 0)
(100.9254 0.70711576 0)
(100.46143 1.2638799 0)
(99.628625 0.97680262 -1.2058521e-17)
(99.229615 0.74895923 0)
(98.643546 0.64061013 0)
(98.127758 0.77742421 1.8903055e-17)
(97.661841 0.62649845 -3.3892977e-17)
(97.255697 0.48918029 -2.2559109e-19)
(96.927364 0.46317924 2.2351264e-19)
(96.595147 0.37677757 0)
(96.272078 0.25388061 -2.1342522e-17)
(96.002126 0.16445065 1.968084e-17)
(95.764097 0.079870516 1.6982413e-17)
(95.567192 0.071321572 3.0959498e-17)
(95.394665 0.041300132 2.1915891e-22)
(95.230312 0.017109508 2.426662e-17)
(95.094205 -0.0021231167 -2.1315862e-17)
(94.973602 0.0081765352 1.9339977e-17)
(94.862755 0.028588437 1.6976952e-23)
(94.773901 0.019055756 -1.106331e-22)
(94.695542 0.0022435108 -1.065693e-19)
(94.645691 -0.033010813 2.3880629e-17)
(94.591237 -0.010709217 0)
(94.529718 0.0019882535 0)
(94.48531 -0.0015407415 -3.2143267e-17)
(94.450627 -0.010226706 -5.4847593e-20)
(94.428354 -0.026911413 0)
(94.401216 -0.026970635 2.1712977e-17)
(94.372856 -0.024091414 -3.8360862e-17)
(94.354448 -0.008244344 -6.7012564e-17)
(94.333675 -0.0045353495 -2.8796301e-17)
(94.32509 -0.01160714 5.0182444e-17)
(94.314999 -0.0068585414 4.4163338e-17)
(94.310686 -0.026248544 3.8398828e-17)
(94.299578 -0.001493301 -1.623148e-20)
(94.299045 -0.022080225 7.0113849e-21)
(94.286833 0.0015501604 -7.6318462e-17)
(94.33955 -0.029810328 4.3642745e-17)
(104.12321 5.5093632 2.7466534e-18)
(110.82058 0.49752226 2.4961624e-18)
(108.01861 4.4284024 -4.5426668e-18)
(108.34628 0.021024249 -1.9981868e-18)
(106.57878 4.8292911 9.7149593e-18)
(105.94496 0.50499372 7.0720741e-18)
(105.14121 4.2198521 6.4509612e-18)
(103.82785 1.3974943 5.5409188e-18)
(103.11633 3.3517626 -1.1191791e-17)
(102.26277 0.9330999 1.0960495e-17)
(102.04435 2.3751343 1.0586814e-18)
(100.82643 2.1423612 -9.1229389e-18)
(100.30597 1.953714 -7.2898393e-18)
(99.62532 1.4329364 0)
(99.108719 1.4803061 -1.1681354e-17)
(98.526021 1.2595731 0)
(98.052488 0.93233095 -1.9253308e-17)
(97.651838 0.54799803 1.7428575e-17)
(97.266122 0.46319768 4.8377839e-19)
(96.916111 0.48667365 1.4336813e-17)
(96.56879 0.38619937 -3.9513978e-19)
(96.259477 0.29364491 3.2987346e-19)
(96.001125 0.18166634 2.0778961e-17)
(95.772227 0.13627959 -3.4817023e-17)
(95.57679 0.10746593 0)
(95.394883 0.084443803 -4.0952398e-17)
(95.223296 0.12306638 -4.8129041e-17)
(95.093257 0.048739766 2.1179484e-17)
(94.977471 0.018234182 -1.9282003e-17)
(94.866072 0.036071341 -1.3131102e-19)
(94.775683 0.031279518 -3.0001017e-17)
(94.690882 0.034835951 2.6126103e-17)
(94.644161 0.011073682 -2.3821881e-17)
(94.592556 -0.0072017359 2.0131764e-17)
(94.529676 0.0089202878 1.427642e-19)
(94.481359 -0.0055029091 6.3710467e-17)
(94.44951 -0.0094194445 1.0795538e-19)
(94.428841 -0.013729849 -9.5338784e-20)
(94.402119 -0.021380949 -2.1242228e-17)
(94.375719 -0.019244042 -1.4353186e-19)
(94.355315 -0.0059667554 3.2729031e-17)
(94.333078 -0.0020550928 2.823901e-17)
(94.325029 -0.0060606911 2.4552387e-17)
(94.313818 -0.0049900557 -4.2765022e-17)
(94.311081 -0.023904779 -7.3979137e-24)
(94.301309 -0.00091445232 1.5528483e-20)
(94.299093 -0.02288207 0)
(94.289656 0.0043163836 2.4306973e-17)
(94.341078 -0.020793388 0)
(105.09079 7.0484027 5.9978143e-18)
(111.32191 0.27816071 -2.6942792e-18)
(107.90538 8.584547 4.7338558e-18)
(107.99826 0.88449591 0)
(106.701 6.0364983 -1.2353757e-17)
(105.88277 2.0310711 0)
(105.02913 5.0958532 -1.3354292e-17)
(103.76478 1.6853043 7.0074362e-18)
(103.58728 4.0949537 8.964453e-18)
(102.17824 3.4923885 3.8611066e-18)
(101.74361 3.203658 -8.6806974e-18)
(100.59789 2.8548251 9.0916659e-18)
(100.25852 1.6648039 1.5488052e-17)
(99.634809 1.992667 5.6327743e-18)
(98.920493 1.7601803 1.1349315e-17)
(98.443116 1.3770927 9.5292523e-18)
(98.047241 0.78597477 -1.0288189e-17)
(97.631408 1.1778268 1.1276635e-18)
(97.255516 0.94162983 -1.0166052e-18)
(96.874363 0.64091837 -1.3377697e-17)
(96.553228 0.43767233 0)
(96.265843 0.43295633 -6.7940549e-19)
(95.986408 0.49036319 -1.956558e-17)
(95.736684 0.39402229 -1.1958704e-21)
(95.536802 0.30766102 -1.5407272e-17)
(95.366716 0.17809358 1.4251823e-17)
(95.2212 0.120468 2.2983885e-17)
(95.094581 0.088120375 -1.0122256e-17)
(94.972344 0.053255949 1.9471422e-17)
(94.867467 0.042917509 3.3944723e-23)
(94.771696 0.016280584 -2.3423207e-19)
(94.689969 0.025772225 2.0426355e-19)
(94.639566 0.027566201 -1.8031643e-19)
(94.590948 -9.1781619e-05 -5.2484662e-23)
(94.527264 0.0065017212 0)
(94.481676 -0.0021193903 -4.7272724e-17)
(94.451484 0.01201929 1.0532923e-19)
(94.42769 0.0008181993 -9.3571254e-20)
(94.402061 -0.013925603 0)
(94.377002 -0.01444827 1.8041534e-17)
(94.356339 -0.0013640089 -1.5710668e-17)
(94.334165 0.0027574644 -2.7550628e-17)
(94.325108 0.0090539936 -2.403208e-17)
(94.313489 -0.0017932041 4.0765196e-20)
(94.311975 -0.015463301 -5.3124799e-17)
(94.301347 0.00030418649 3.0080316e-20)
(94.298505 -0.02799326 0)
(94.294398 0.0065694868 2.3259726e-17)
(94.341338 -0.015245123 -4.9004986e-21)
(106.35422 10.701876 3.1437024e-18)
(111.48576 0.99731349 -8.6981386e-18)
(108.07723 8.6614904 6.343546e-22)
(107.86385 2.0690999 0)
(106.80034 8.0360231 -7.2983621e-21)
(105.60051 2.9731338 -7.3770785e-21)
(104.64446 5.9936701 6.9504362e-18)
(103.74919 2.5406399 3.0761906e-18)
(103.57398 4.4772712 -2.6604799e-18)
(101.87096 2.4496498 -5.0678468e-18)
(101.58782 3.4629963 8.6483279e-18)
(100.54116 1.7532728 -4.217308e-18)
(100.08688 3.0384604 -1.8922318e-18)
(99.499572 2.157509 -5.2372054e-18)
(98.902627 1.9341587 7.1879701e-18)
(98.471618 1.6127341 -1.0772402e-17)
(97.962389 2.4874998 -1.2621846e-18)
(97.506802 1.2540433 0)
(97.143096 1.343011 7.9736852e-18)
(96.781991 1.1512804 -7.1175081e-18)
(96.472611 1.1075373 -7.9348365e-19)
(96.178358 0.7592723 6.9878755e-19)
(95.916451 0.54748008 -6.2196976e-19)
(95.689652 0.4072352 1.8007929e-17)
(95.502677 0.31672778 2.2536931e-17)
(95.357576 0.1640353 -1.4204195e-17)
(95.228574 0.16499841 0)
(95.07397 0.24259698 1.0815874e-17)
(94.950932 0.089754513 -2.9115131e-19)
(94.867104 0.094408833 2.7073571e-19)
(94.767396 0.021545261 0)
(94.694135 0.039961923 0)
(94.636432 0.030223813 -1.1500658e-17)
(94.591683 0.0080213737 -2.0175053e-17)
(94.527324 -0.0028074753 2.6512029e-19)
(94.486185 0.011444107 1.5202041e-17)
(94.453445 0.016779533 1.3112025e-17)
(94.422199 0.022948839 0)
(94.397286 0.0067400345 0)
(94.376969 -0.0089481723 -1.7699237e-17)
(94.357927 0.001579752 3.0203399e-17)
(94.338476 0.0061842537 1.0284997e-19)
(94.325669 0.018750125 9.6501135e-25)
(94.312798 0.0098278997 -7.8024098e-20)
(94.312113 -0.0043595928 -2.262896e-23)
(94.298174 0.0060405184 0)
(94.297633 -0.039449237 0)
(94.298641 0.006724626 -2.2217311e-17)
(94.340091 -0.015340275 0)
(106.79754 9.0528492 1.5631617e-18)
(112.03121 3.5340114 2.7459595e-18)
(107.73846 9.0607051 2.6005035e-18)
(107.95458 2.7785234 0)
(107.11373 7.9660552 -4.3496027e-18)
(105.53172 3.4794354 1.8407334e-18)
(104.6886 6.7724072 3.6716459e-18)
(103.30082 4.6523686 3.2926184e-18)
(102.86734 5.3916025 2.5714774e-21)
(101.77162 1.198502 -2.7614342e-18)
(101.88322 3.691071 0)
(100.45263 3.5926489 4.470209e-18)
(99.755835 2.8386107 -9.1698477e-18)
(99.404423 1.6410288 1.806702e-18)
(98.896301 2.1965359 -3.0029002e-18)
(98.298827 2.238988 0)
(97.791255 1.2186786 1.5133176e-17)
(97.375673 1.5426154 1.1322171e-18)
(97.02227 1.120584 -4.0244849e-18)
(96.696633 0.88564965 6.3021077e-18)
(96.400544 0.6766099 0)
(96.118633 0.62416494 0)
(95.887189 0.45880098 5.7373512e-18)
(95.681455 0.43362665 -5.6790295e-19)
(95.507895 0.35351414 -7.832302e-18)
(95.348624 0.47506134 1.4055941e-17)
(95.18297 0.30527232 0)
(95.04319 0.22060223 -6.5206952e-19)
(94.943018 0.13391839 9.6787925e-18)
(94.855342 0.13951441 -7.8128793e-18)
(94.765247 0.033679613 -9.2032884e-19)
(94.701016 0.053390859 3.9924361e-19)
(94.634621 0.055783688 1.102834e-17)
(94.585006 0.025557567 3.0723658e-19)
(94.527871 -0.00035545511 2.6473468e-19)
(94.488017 0.012068473 -4.6196557e-19)
(94.453345 0.016058896 -1.3077433e-17)
(94.419939 0.014561787 1.7495027e-19)
(94.394192 0.0096174374 9.6375387e-18)
(94.376219 -0.0057960408 0)
(94.358821 0.003882202 -1.4522349e-17)
(94.341106 0.004579597 -9.8786357e-20)
(94.326114 0.01973915 -1.0470877e-24)
(94.310293 0.014190509 7.4294461e-20)
(94.310244 0.022172694 1.6677583e-17)
(94.296527 0.009321967 7.2309272e-18)
(94.296297 -0.034224328 2.4379197e-20)
(94.300366 0.0070085597 -2.0971115e-20)
(94.338406 -0.045439701 0)
(106.58431 11.023165 -1.5872313e-18)
(112.40097 3.3751227 7.115866e-19)
(107.66539 11.653931 0)
(107.78223 4.0006548 5.2909676e-18)
(106.88105 9.2999185 -5.6403102e-18)
(105.48327 4.1373369 -9.808888e-19)
(105.06358 7.8149503 2.5944933e-18)
(102.68281 5.1372781 -3.2847243e-18)
(102.75334 6.1342928 3.2137985e-18)
(101.33925 8.2775251 1.3946965e-18)
(100.97565 4.6049249 -2.3713939e-18)
(100.37982 4.7105456 2.3574903e-18)
(99.685482 3.4003194 0)
(99.012086 4.4113808 1.7794623e-18)
(98.512444 2.703429 -4.7691676e-18)
(98.111257 1.9940328 0)
(97.665737 1.9284618 -6.4947698e-18)
(97.257482 1.3312628 1.1469938e-18)
(96.919979 1.2034573 -6.1286953e-18)
(96.610815 1.064654 0)
(96.326573 0.88816196 0)
(96.076805 0.74820331 1.435482e-18)
(95.850522 0.79037166 -6.3394946e-18)
(95.672925 0.58768135 0)
(95.495223 0.58791699 -9.9091594e-19)
(95.290878 0.4839685 4.2337261e-18)
(95.150553 0.30055295 -7.253274e-19)
(95.035279 0.23666293 3.1935446e-18)
(94.943522 0.2022349 -8.6344162e-18)
(94.83719 0.16964013 7.0653091e-18)
(94.763704 0.21697607 4.5837066e-19)
(94.699136 0.077384605 0)
(94.625908 0.11237008 -2.7427278e-18)
(94.561306 0.043442456 2.9423544e-19)
(94.525008 0.0093754563 -2.6081259e-19)
(94.487573 0.024029244 2.2502764e-19)
(94.450595 0.0072668609 2.714517e-18)
(94.423702 0.016007563 1.6995358e-19)
(94.39348 0.018187033 -9.3661913e-18)
(94.37585 0.008764891 4.1704766e-18)
(94.358836 0.0071632455 0)
(94.341693 0.006718663 9.58813e-20)
(94.326195 0.0059149344 -8.4405343e-20)
(94.309735 0.013251563 0)
(94.308302 -0.03226169 4.0057454e-18)
(94.295276 0.019235533 -6.9360821e-18)
(94.294304 -0.02390085 0)
(94.292828 0.011853874 0)
(94.335972 -0.11645722 -4.4775937e-18)
(107.57875 15.357017 7.6789034e-18)
(111.71914 4.4912197 -6.6572102e-18)
(107.9945 12.467151 0)
(107.26746 6.0810654 0)
(106.34489 10.238167 -2.806044e-18)
(104.44846 5.6899124 4.1565425e-18)
(105.10901 8.2484199 -2.8929046e-18)
(102.42808 5.1008473 3.5252047e-18)
(102.57197 6.4261841 -7.913783e-19)
(101.01798 4.4502233 1.3201167e-18)
(100.3428 4.5662878 -2.3387261e-18)
(100.31184 1.1995227 1.1776454e-18)
(99.695173 4.2589266 9.7252738e-19)
(98.783755 2.7235362 0)
(98.349983 2.6912624 0)
(97.924749 2.6379449 0)
(97.489485 2.4606021 -1.3014811e-18)
(97.104868 2.1236819 -3.47431e-18)
(96.795035 1.7699869 5.1362498e-18)
(96.496818 1.4939054 5.2673823e-22)
(96.229186 1.2734967 1.6099481e-18)
(95.984059 1.0802308 -1.4179291e-18)
(95.763996 0.8562842 -1.2466117e-18)
(95.593303 0.70772364 -2.3001337e-22)
(95.418352 0.63655317 1.9318857e-18)
(95.264554 0.29903956 -2.5796991e-18)
(95.15473 0.33336698 2.218153e-18)
(95.040819 0.28235083 -1.2886841e-18)
(94.921758 0.41198867 -5.7509171e-19)
(94.826571 0.17216463 0)
(94.75877 0.22209554 -4.4723638e-19)
(94.677623 0.13940508 -1.1490011e-18)
(94.609851 0.093825983 -3.3069002e-19)
(94.548552 0.072507259 2.843333e-19)
(94.518328 0.032406297 -2.5208227e-19)
(94.486613 0.03363537 -1.5045439e-18)
(94.449417 -0.0046820795 -2.685613e-18)
(94.430234 0.019288374 -3.3070218e-19)
(94.395233 0.035826322 0)
(94.371626 0.030680418 -1.7384125e-18)
(94.35529 0.021070064 -1.9398577e-18)
(94.339924 0.013994735 -9.3107783e-20)
(94.326592 0.0040907659 8.0348015e-20)
(94.310751 0.02016189 0)
(94.306612 0.01714347 -5.6895376e-18)
(94.292116 0.018456367 -5.1645502e-20)
(94.292714 -0.020447339 -2.8848961e-18)
(94.275431 0.016514489 2.4659291e-18)
(94.331214 -0.16445807 6.4586008e-18)
(107.87128 15.158068 6.6785105e-18)
(111.35617 5.2824245 -7.7448156e-18)
(107.72569 14.203113 2.8776643e-18)
(106.68304 5.8585259 2.5266052e-18)
(106.48193 11.544567 -5.8059189e-19)
(103.66716 6.7796289 -3.0801504e-18)
(104.80799 9.3103368 0)
(102.24514 5.9740179 0)
(102.03919 6.7386253 8.1243883e-19)
(100.8585 5.391145 -2.5487429e-21)
(100.36984 4.9679232 2.5437288e-18)
(99.474364 7.6062232 -3.4857576e-18)
(99.110892 3.5328002 -1.0396943e-18)
(98.630148 3.3712127 3.8148221e-22)
(98.133453 3.5296056 -3.3453618e-18)
(97.614309 2.8345766 0)
(97.271825 2.2761152 6.5403698e-18)
(96.959416 1.9608317 -3.4998377e-18)
(96.656265 1.7615572 1.0307216e-18)
(96.383959 1.4373503 -1.8248607e-18)
(96.130174 1.2159827 0)
(95.895075 1.022056 -5.6764958e-18)
(95.693645 0.82275729 4.999691e-18)
(95.528868 0.66736536 0)
(95.380925 0.46498816 7.7612493e-18)
(95.252635 0.5667014 -1.7182939e-18)
(95.121281 0.47198826 3.7059575e-18)
(94.999033 0.4185667 -6.4458126e-19)
(94.891078 0.17700084 -5.0753183e-18)
(94.82358 0.20128364 8.0930544e-18)
(94.740033 0.17600131 4.3264716e-19)
(94.661255 0.15128213 1.5036883e-18)
(94.600469 0.10649731 2.5939212e-18)
(94.546566 0.095263379 5.5273089e-19)
(107.58661 15.669368 1.1713992e-17)
(111.81384 8.6893891 -1.1325951e-17)
(107.62195 15.225665 8.5570907e-18)
(106.27474 8.3531721 -7.6069105e-18)
(106.51046 12.029554 9.8051086e-18)
(103.34503 8.6564267 -1.0390022e-17)
(103.46999 10.053346 4.0707499e-18)
(101.83873 7.3342953 -7.590378e-18)
(101.86684 6.8115113 -3.5405879e-18)
(100.86103 5.9399187 8.5455157e-18)
(99.928041 6.6989484 -5.4108948e-18)
(99.247652 3.5041435 9.6306684e-18)
(98.725834 4.584667 0)
(98.180347 4.4046845 -1.7033946e-21)
(97.708328 3.3603823 -3.344656e-18)
(97.371889 2.7769134 0)
(97.075857 2.3726671 -1.3278555e-17)
(96.781067 2.0284784 2.3426922e-18)
(96.510775 1.5474854 2.0685757e-18)
(96.25724 1.4254296 -1.8228716e-18)
(96.018501 1.2167069 0)
(107.39072 17.741593 -4.5159963e-18)
(112.04587 9.5334921 -6.8698384e-18)
(108.17726 17.649686 5.9281681e-18)
(105.91471 12.764446 0)
(105.29056 13.72973 -1.0935889e-17)
(103.21798 10.186409 9.1451003e-18)
(102.39936 10.112002 -4.3453355e-18)
(101.62635 7.3991658 -5.3549123e-21)
(101.1494 8.618107 3.496219e-18)
(100.0066 7.3258075 -1.5363363e-17)
(99.426712 5.4251482 1.1050039e-17)
(107.63575 24.31644 3.5594847e-20)
(110.398 11.004819 7.473727e-18)
(74.54629 -0.19816589 -4.4816107e-18)
(71.609274 0.66540614 4.6817036e-18)
(68.253658 1.1905437 4.9612278e-18)
(68.198545 -0.95903307 4.9613448e-18)
(71.49196 -0.36939921 4.6703093e-18)
(75.063656 -1.2893336 -4.4931383e-18)
(77.046077 0.036452839 -4.2778963e-18)
(78.563401 -0.031708117 8.1188752e-18)
(80.04086 -0.52677136 -3.8692531e-18)
(84.665941 -2.3449894 -1.7809216e-17)
(85.772631 -1.2022585 1.6995602e-17)
(87.480331 -1.1215012 -1.9350786e-20)
(88.457241 -0.062728215 -7.9359088e-18)
(89.114531 -0.11896202 0)
(89.66124 -0.44419177 7.2436216e-18)
(86.963413 -1.5372909 0)
(87.849883 -0.71468364 0)
(89.216827 -0.94260965 0)
(90.331298 -0.086315995 0)
(91.091567 -0.32237355 -6.9522439e-18)
(91.735818 -0.86855393 6.6412238e-18)
(87.912211 -2.4453262 0)
(88.652757 -1.5105233 0)
(89.848515 -1.3952678 0)
(90.861953 -0.37887338 0)
(91.572894 -0.5121862 0)
(92.118959 -1.1957515 0)
(88.626364 -2.5240717 0)
(89.195744 -1.5460205 0)
(90.166187 -1.3053982 -6.4946829e-18)
(91.045188 -0.34711073 6.2356859e-18)
(91.711557 -0.4560136 -5.9371059e-18)
(92.271711 -1.1156444 2.2762563e-21)
(89.351554 -2.7163635 1.3143042e-17)
(89.788272 -1.8139631 0)
(90.554569 -1.5090557 1.2002899e-17)
(91.27186 -0.48588903 -1.1520557e-17)
(91.855431 -0.76555738 1.0971825e-17)
(92.35577 -1.3925867 -4.0627902e-21)
(90.002528 -2.561018 1.2158728e-17)
(90.339177 -1.8333123 -2.2872265e-17)
(90.945591 -1.5672309 1.1106556e-17)
(91.527467 -0.51058781 0)
(92.05833 -0.90568615 0)
(92.473737 -1.3033 0)
(90.575831 -2.7899648 -2.247549e-17)
(90.845678 -2.1301174 4.7042848e-21)
(91.325821 -1.7786731 1.0275008e-17)
(91.773994 -0.66352321 -9.8270732e-18)
(92.254089 -1.1201256 9.3938252e-18)
(92.570235 -1.3001938 -8.8208657e-18)
(91.091255 -2.6361423 -1.0385847e-17)
(91.305894 -2.1001934 9.7844461e-18)
(91.666948 -1.6884046 -9.5110198e-18)
(91.996894 -0.69787215 9.0737369e-18)
(92.454413 -1.3803709 -4.4647691e-21)
(91.551298 -2.7468613 0)
(91.705222 -2.2682477 0)
(91.961841 -1.7069281 0)
(92.198638 -1.095117 8.3770947e-18)
(92.625025 -1.1805563 -8.0669291e-18)
(91.964299 -2.601559 1.7697225e-17)
(92.057556 -2.2083619 0)
(92.233531 -1.5747788 0)
(92.399202 -1.2285373 0)
(92.709247 -1.3382327 0)
(92.292592 -2.6158681 0)
(92.355304 -2.1424546 0)
(92.49132 -1.6656749 0)
(92.623816 -1.3765193 0)
(92.831722 -1.3445209 0)
(92.635304 -2.4366592 1.5150629e-17)
(92.697738 -2.2512746 -1.4375412e-21)
(92.749423 -1.5946972 -1.3977966e-17)
(92.810199 -1.3174636 -1.3206336e-17)
(92.929792 -1.4766124 1.2690855e-17)
(92.925627 -2.873083 0)
(92.959409 -1.7287022 -1.3174671e-17)
(92.977281 -1.5324667 1.269306e-17)
(93.018143 -1.4731333 0)
(93.083976 -1.4646538 0)
(93.219969 -2.5809918 0)
(93.06338 -1.7139321 0)
(93.111279 -1.5781769 0)
(93.227185 -1.4187013 0)
(93.434504 -2.1872461 0)
(93.306416 -1.5904214 2.2869676e-17)
(93.330028 -1.6221332 -4.3573025e-17)
(93.352869 -1.4348203 2.0809459e-17)
(93.557142 -1.9219482 -2.2833627e-17)
(93.551408 -1.637763 -2.139703e-17)
(93.573884 -1.4920564 3.9529796e-17)
(93.530517 -1.3880098 -1.9116088e-17)
(93.741749 -2.1667787 2.0929854e-17)
(93.691326 -1.402153 -1.9654467e-17)
(93.718232 -1.3328505 0)
(93.665284 -1.3233874 0)
(93.942778 -1.8042904 3.9203566e-21)
(93.785531 -1.3640354 2.5960569e-21)
(93.824908 -1.2742014 -1.6899123e-17)
(94.096721 -1.6284557 -3.531901e-17)
(93.915354 -1.3057107 0)
(93.918807 -1.1795188 0)
(94.213283 -1.3151717 0)
(94.076043 -1.2741423 0)
(93.982761 -1.0686114 0)
(94.279619 -1.1094325 -3.0349295e-17)
(94.191996 -1.1083134 -2.8750815e-17)
(94.314182 -0.95814037 -2.8166948e-17)
(94.262935 -0.92690895 2.6652924e-17)
(94.347011 -0.86187989 0)
(94.314474 -0.77049242 4.9538209e-17)
(94.39038 -0.81880064 0)
(94.423573 -0.70356998 -4.4023458e-17)
)
;

boundaryField
{
    Side
    {
        type            empty;
    }
    Inlet
    {
        type            freestreamVelocity;
        freestreamValue uniform (94.24 0 0);
        value           nonuniform List<vector> 9((94.289542 -0.017068571 -7.1570996e-22) (94.289337 -0.017381799 -2.2662895e-17) (94.289767 -0.014902808 2.1817924e-17) (94.290533 -0.010395548 0) (94.290665 -0.0076219453 -2.4500513e-21) (94.290041 -0.0076695136 0) (94.289191 -0.022714377 0) (94.287956 -0.058192671 -2.2374151e-18) (94.285567 -0.082157381 3.2264865e-18));
    }
    Airfoil
    {
        type            noSlip;
    }
    Outlet
    {
        type            inletOutlet;
        inletValue      nonuniform List<vector> 0();
        value           nonuniform List<vector> 0();
    }
    procBoundary8to1
    {
        type            processor;
        value           nonuniform List<vector> 8((64.656995 11.117095 8.3293484e-18) (80.190479 0.15718298 -3.8844097e-18) (79.393973 0.68923571 8.1712728e-18) (77.540076 0.9031398 -4.2644784e-18) (77.540076 0.9031398 -4.2644784e-18) (87.405545 -0.37604075 -1.9657218e-20) (85.804348 1.2529714 1.7013067e-17) (84.611746 2.152271 -1.5844756e-21));
    }
    procBoundary8to7
    {
        type            processor;
        value           nonuniform List<vector> 
53
(
(94.515055 0.07271743 4.9828621e-19)
(94.48721 0.045900999 -1.6935361e-18)
(94.449371 0.091258276 6.4455828e-18)
(94.424889 0.021579203 -3.2194432e-19)
(94.395841 0.040822245 0)
(94.367384 0.019549368 9.5185798e-18)
(94.352361 0.02375507 -2.0800577e-19)
(94.338801 0.016985889 1.8057643e-19)
(94.326958 0.01679121 2.4617319e-18)
(94.311164 0.019401309 -8.5588126e-18)
(94.305788 0.009866323 -1.6753384e-17)
(94.291389 0.022702777 6.3479337e-18)
(94.291994 -0.010503087 5.5750059e-18)
(94.263512 0.019303823 2.3956457e-18)
(94.326253 -0.086760363 -1.6100641e-20)
(95.809403 1.046553 -5.6612809e-18)
(95.632564 0.93978397 0)
(95.483968 0.82932664 -8.7909236e-18)
(95.333375 0.73020147 1.5321509e-17)
(95.191852 0.65569845 0)
(95.057009 0.43439493 5.8069353e-18)
(94.956973 0.33301025 0)
(94.873953 0.23788966 -4.4827336e-18)
(94.804952 0.30888247 -7.7805159e-18)
(94.705788 0.1942286 0)
(94.646254 0.16433533 -7.3437366e-19)
(94.597665 0.12983751 6.4595519e-19)
(94.515055 0.07271743 4.9828621e-19)
(94.55338 0.12313689 0)
(98.819484 5.8932365 4.9666992e-18)
(98.274638 5.1526199 4.3403103e-18)
(97.788856 4.1297227 -1.1568829e-17)
(97.467676 3.2504613 3.4471779e-18)
(97.147546 3.1468168 0)
(96.852325 2.8691708 -2.6716918e-18)
(96.579712 2.4225834 2.3516703e-18)
(96.336214 2.2160337 1.8663424e-17)
(96.111045 1.7630795 -1.8240454e-18)
(95.809403 1.046553 -5.6612809e-18)
(95.896775 1.4664138 0)
(108.15225 18.539623 6.0445853e-18)
(104.6069 12.080999 -6.0942755e-18)
(103.99853 14.825292 -1.1021986e-17)
(101.90763 12.314505 9.8852856e-18)
(102.01257 10.521502 0)
(101.03675 9.6601601 -1.2351529e-17)
(99.953734 8.2075955 3.5085087e-18)
(99.488516 6.8151894 -1.9293092e-17)
(98.819484 5.8932365 4.9666992e-18)
(98.974372 6.3343329 -5.7250529e-18)
(108.46653 24.912218 0)
(108.15225 18.539623 6.0445853e-18)
(109.12626 11.746544 0)
)
;
    }
    procBoundary8to9
    {
        type            processor;
        value           nonuniform List<vector> 
75
(
(94.480707 -0.52730043 -4.0115126e-18)
(94.436006 -0.63530042 0)
(94.480707 -0.52730043 -4.0115126e-18)
(94.467716 -0.43315303 6.323095e-17)
(94.478634 -0.35669187 5.8980085e-17)
(94.478634 -0.35669187 5.8980085e-17)
(94.492388 -0.30663318 -5.6426432e-17)
(94.492388 -0.30663318 -5.6426432e-17)
(94.488707 -0.24588144 6.0210564e-23)
(94.488707 -0.24588144 6.0210564e-23)
(94.458205 -0.19424236 -1.5380741e-18)
(94.447587 -0.15832219 1.4350904e-18)
(94.447587 -0.15832219 1.4350904e-18)
(94.433556 -0.11545694 1.3285648e-18)
(94.433556 -0.11545694 1.3285648e-18)
(94.411248 -0.10310442 1.2179858e-18)
(94.411248 -0.10310442 1.2179858e-18)
(94.400521 -0.060958519 0)
(94.405743 -0.054849639 -7.0658606e-17)
(94.405743 -0.054849639 -7.0658606e-17)
(94.387959 -0.053654857 1.8977607e-16)
(94.387959 -0.053654857 1.8977607e-16)
(94.379578 -0.04678643 1.121612e-16)
(94.379578 -0.04678643 1.121612e-16)
(94.364912 -0.044753771 7.7070141e-19)
(94.364912 -0.044753771 7.7070141e-19)
(94.350714 -0.030494122 3.4016764e-19)
(94.350714 -0.030494122 3.4016764e-19)
(94.337512 -0.021302253 7.5334558e-17)
(94.337512 -0.021302253 7.5334558e-17)
(94.323894 -0.018754564 6.5609757e-17)
(94.323894 -0.018754564 6.5609757e-17)
(94.311071 -0.0079123559 1.0842287e-19)
(94.311071 -0.0079123559 1.0842287e-19)
(94.311138 -0.023369356 -9.4468993e-17)
(94.311138 -0.023369356 -9.4468993e-17)
(94.296405 -0.010107176 0)
(94.296405 -0.010107176 0)
(94.296819 -0.029629505 6.7564462e-17)
(94.296819 -0.029629505 6.7564462e-17)
(94.287701 -0.0019339324 3.4883261e-21)
(94.287701 -0.0019339324 3.4883261e-21)
(94.340271 -0.035209296 -3.002369e-21)
(80.968321 -0.28750747 0)
(89.680632 -0.31029138 2.142569e-21)
(92.034568 -0.18365231 0)
(92.444441 -0.43405153 0)
(92.518355 -0.333264 -5.4622853e-18)
(92.532947 -0.5640552 2.0159776e-17)
(92.542973 -0.53415188 -9.2797756e-18)
(92.554664 -0.70299548 -8.2685315e-18)
(92.63825 -1.1023726 8.1967648e-18)
(92.63825 -1.1023726 8.1967648e-18)
(92.721788 -1.1479848 -7.6051302e-18)
(92.835525 -1.0742321 0)
(92.93097 -1.0551759 0)
(93.015894 -1.0620963 0)
(93.105194 -0.97563022 0)
(93.249595 -1.3284052 0)
(93.249595 -1.3284052 0)
(93.346744 -1.2943561 -1.9753772e-17)
(93.444388 -1.1650108 -2.2346322e-22)
(93.572774 -1.055758 0)
(93.804613 -1.2141675 0)
(93.804613 -1.2141675 0)
(93.908368 -1.0880165 1.1896885e-21)
(93.981576 -0.95653923 -2.8587912e-17)
(94.067876 -0.96879057 2.6303244e-21)
(94.067876 -0.96879057 2.6303244e-21)
(94.172754 -0.89138338 -2.5492533e-17)
(94.267107 -0.78032631 4.6774699e-17)
(94.35589 -0.68345146 4.583804e-17)
(94.35589 -0.68345146 4.583804e-17)
(94.382481 -0.60059596 -8.4541689e-17)
(94.436006 -0.63530042 0)
)
;
    }
}


// ************************************************************************* //
