/*--------------------------------*- C++ -*----------------------------------*\
| =========                 |                                                 |
| \\      /  F ield         | OpenFOAM: The Open Source CFD Toolbox           |
|  \\    /   O peration     | Version:  2506                                  |
|   \\  /    A nd           | Website:  www.openfoam.com                      |
|    \\/     M anipulation  |                                                 |
\*---------------------------------------------------------------------------*/
FoamFile
{
    version     2.0;
    format      ascii;
    arch        "LSB;label=32;scalar=64";
    class       volVectorField;
    location    "2.992";
    object      U;
}
// * * * * * * * * * * * * * * * * * * * * * * * * * * * * * * * * * * * * * //

dimensions      [0 1 -1 0 0 0 0];

internalField   nonuniform List<vector> 
1376
(
(94.29251 0.19502119 -3.4959726e-17)
(94.298172 0.03875061 1.1613121e-21)
(94.314067 0.033380423 6.3088127e-17)
(94.315315 0.044786869 -9.1699523e-18)
(94.325999 0.050681712 4.797253e-17)
(94.336541 0.056999822 8.0031078e-23)
(94.345441 0.065281545 -5.03876e-17)
(94.352986 0.074591668 8.3613229e-18)
(94.360696 0.08513647 3.8837274e-17)
(94.369798 0.097507254 -1.1270974e-17)
(94.380398 0.11217589 5.8854127e-17)
(94.392217 0.12955178 5.3097764e-17)
(94.405292 0.15005461 7.0360109e-17)
(94.419967 0.17416697 0)
(94.436613 0.20247844 0)
(94.455454 0.23570334 5.4681745e-17)
(94.476577 0.27468307 5.5368115e-17)
(94.500018 0.32038963 -2.744155e-17)
(94.52582 0.37393501 4.2290325e-17)
(94.55404 0.43658483 0)
(94.58471 0.50977447 5.6375841e-17)
(94.617787 0.59512686 -3.2510211e-17)
(94.653109 0.69447149 0)
(94.690366 0.80986489 5.3925172e-17)
(94.729086 0.94361126 3.7226143e-17)
(94.76863 1.0982911 0)
(94.808179 1.2767775 2.4561245e-17)
(94.846748 1.4823097 3.7569777e-17)
(94.883169 1.7184355 1.0761095e-17)
(94.916103 1.9893532 0)
(94.944158 2.2993232 0)
(94.965269 2.6545582 8.0363499e-18)
(94.976516 3.0582763 -9.1677223e-18)
(94.977283 3.5179811 4.1827025e-17)
(94.966733 4.0445081 0)
(94.94453 4.6468774 0)
(94.909674 5.3372433 3.0830865e-17)
(94.862031 6.1307313 -6.9956791e-17)
(94.803186 7.0452 -2.9714235e-17)
(94.737059 8.1042706 3.3667615e-17)
(94.676011 9.3401775 -6.3369798e-17)
(94.617111 10.762375 2.8590049e-17)
(94.677098 12.558676 -1.6081612e-17)
(94.583989 14.229476 0)
(95.323256 17.608564 0)
(95.036829 18.04468 -1.1390916e-17)
(97.392966 25.832822 1.2769787e-17)
(98.171365 21.839117 -1.4452048e-17)
(94.280012 0.18361432 5.8244899e-22)
(94.314828 0.041569603 3.6833117e-17)
(94.313056 0.038793788 5.7183444e-17)
(94.31195 0.049636518 0)
(94.32268 0.054627658 7.7494053e-17)
(94.333253 0.06022405 0)
(94.341109 0.068565773 -6.5593737e-18)
(94.347732 0.078188259 1.5262852e-17)
(94.354772 0.089043867 -8.8769214e-18)
(94.363092 0.10176649 -3.0970238e-17)
(94.372626 0.11686918 -1.7925127e-22)
(94.383101 0.1347693 -1.3951149e-17)
(94.394584 0.15588325 -6.4851353e-17)
(94.407413 0.18068507 -9.4174885e-18)
(94.421902 0.20975529 1.0937446e-17)
(94.438199 0.24380111 -3.8095024e-17)
(94.456317 0.28365633 -1.4735469e-17)
(94.476222 0.33028132 8.5481629e-18)
(94.497889 0.3847702 -5.9476597e-17)
(94.521293 0.44836348 1.1490388e-17)
(94.546372 0.52246337 -5.3249928e-17)
(94.572967 0.6086509 0)
(94.600785 0.70870402 -8.9199779e-18)
(94.629367 0.82461733 -3.0954153e-17)
(94.658076 0.95862264 -4.7703023e-17)
(94.68608 1.1132158 0)
(94.712346 1.2911772 0)
(94.735636 1.495636 -3.6683769e-17)
(94.754485 1.7300349 0)
(94.767197 1.9984363 0)
(94.771904 2.3049666 6.3024287e-17)
(94.766099 2.6557281 -7.2440478e-17)
(94.74665 3.0540013 -3.6980514e-17)
(94.711078 3.5071523 -3.1875197e-17)
(94.657627 4.0257757 -2.439296e-17)
(94.584662 4.618953 1.398852e-17)
(94.48916 5.2990016 -2.4032774e-17)
(94.368214 6.081413 6.4206642e-17)
(94.219834 6.9849803 -1.0487179e-17)
(94.04314 8.0352676 -2.3928889e-17)
(93.841598 9.2639729 -1.4667767e-20)
(93.617215 10.707485 -1.5583642e-17)
(93.412939 12.468246 -2.6591229e-17)
(93.160331 14.398348 4.0292286e-17)
(93.272719 17.411366 -1.1418543e-17)
(92.988991 19.112431 -1.2918456e-17)
(94.328502 26.266434 -1.461744e-17)
(94.799538 24.055027 1.6628887e-17)
(94.272999 0.18137909 -7.6454128e-17)
(94.32384 0.047261605 4.4564709e-17)
(94.313118 0.041278785 -3.8950308e-17)
(94.308853 0.053529436 4.5386955e-17)
(94.31932 0.05844806 -8.8133594e-18)
(94.329665 0.063319148 5.1343169e-17)
(94.336307 0.07166266 0)
(94.341903 0.081582298 -1.3934127e-17)
(94.348207 0.092681682 8.1147971e-18)
(94.355623 0.10565696 4.7250241e-17)
(94.363928 0.12108703 3.3012e-17)
(94.372897 0.13938881 -2.5622485e-17)
(94.382633 0.16096576 5.9654813e-17)
(94.393451 0.18627946 -1.7358147e-17)
(94.405601 0.21589684 -4.0399507e-17)
(94.419156 0.25051082 3.5252152e-17)
(94.434058 0.29093899 -4.1006443e-17)
(94.45021 0.33812088 -6.3589274e-17)
(94.467522 0.39312308 -7.393609e-17)
(94.485897 0.45715079 -3.2229535e-17)
(94.50518 0.5315623 7.490417e-17)
(94.525112 0.61788513 1.4503312e-17)
(94.545281 0.71783347 -6.737565e-17)
(94.5651 0.83332698 8.7993434e-17)
(94.583785 0.96651128 3.4041092e-17)
(94.600344 1.1197833 0)
(94.613563 1.2958147 0)
(94.621993 1.4976073 0)
(94.623923 1.7284796 1.0244203e-17)
(94.617362 1.992323 1.0035987e-22)
(94.600051 2.2931295 -6.8603939e-17)
(94.569119 2.6367665 7.9168083e-18)
(94.521257 3.0266681 2.7500125e-17)
(94.452322 3.469607 4.2418214e-17)
(94.359977 3.9759085 1.2264553e-17)
(94.241347 4.554692 -1.4170228e-17)
(94.091656 5.2180839 -6.5474618e-17)
(93.90559 5.9815041 -3.7757643e-17)
(93.677919 6.8639849 4.3571112e-17)
(93.403153 7.8916475 5.021445e-17)
(93.078137 9.0968275 0)
(92.697981 10.525035 5.819874e-17)
(92.278839 12.25394 9.5032556e-18)
(91.794329 14.276306 -4.3902831e-17)
(91.440079 17.134888 6.3086899e-17)
(90.862064 19.50845 -2.4256383e-20)
(91.392985 26.27769 2.4678372e-17)
(91.176901 25.890334 -9.475673e-18)
(94.266449 0.17996852 3.4753554e-17)
(94.328999 0.054434137 -6.0820507e-17)
(94.31453 0.042260737 0)
(94.30594 0.05667676 -6.8912082e-17)
(94.3158 0.062063949 -4.8210868e-17)
(94.325736 0.066327171 2.8106787e-17)
(94.331 0.074632631 1.0923465e-17)
(94.335427 0.084818634 0)
(94.340921 0.096128741 5.939146e-17)
(94.34735 0.10930745 -1.7309537e-17)
(94.354295 0.12500896 -1.008908e-17)
(94.36161 0.14364523 -1.1761262e-17)
(94.36946 0.16559935 -6.8545913e-17)
(94.378129 0.19131883 1.5979265e-17)
(94.38779 0.2213557 1.1174267e-16)
(94.398437 0.25638491 0)
(94.409944 0.297203 0)
(94.422158 0.34472354 4.4207222e-17)
(94.434931 0.39998043 8.584594e-17)
(94.4481 0.46413808 4.0004393e-17)
(94.46143 0.53850493 -8.1553536e-17)
(94.474564 0.62454869 -1.3570056e-17)
(94.486985 0.72391302 6.3211663e-17)
(94.497987 0.83843567 -4.6003702e-17)
(94.506661 0.97016868 -3.2134784e-17)
(94.511874 1.1214025 0)
(94.512258 1.2946916 1.4512661e-17)
(94.506184 1.492902 1.654851e-22)
(94.491735 1.7192163 -1.9644416e-17)
(94.466675 1.9773387 -1.1423782e-17)
(94.428425 2.2711313 5.3133777e-17)
(94.373797 2.6061281 7.7182931e-17)
(94.299304 2.9860611 -7.1772217e-17)
(94.199453 3.4170319 0)
(94.071457 3.9089229 0)
(93.911259 4.4708803 0)
(93.712623 5.1146445 7.3948261e-17)
(93.468161 5.855311 3.8245057e-17)
(93.169785 6.7117312 -5.5553859e-17)
(92.80794 7.7099004 4.026737e-20)
(92.373601 8.8823008 0)
(91.853669 10.277813 -3.4905869e-17)
(91.248214 11.965584 4.0567671e-17)
(90.527932 14.001778 0)
(89.794902 16.738549 -5.4772328e-17)
(88.834561 19.531976 7.181662e-17)
(88.595087 25.609718 -7.3988085e-17)
(87.531681 27.308166 -4.3210212e-17)
(94.259507 0.18021233 4.7559523e-17)
(94.329993 0.062022966 1.8501978e-17)
(94.316078 0.042165455 -2.1582407e-17)
(94.303409 0.058947461 -1.2589365e-17)
(94.312131 0.065277309 -1.4687601e-17)
(94.321229 0.06914126 -6.8541154e-17)
(94.325076 0.077315504 0)
(94.328314 0.087683294 -4.6648226e-17)
(94.332909 0.099156277 -5.4424907e-17)
(94.338217 0.11247416 1.5874999e-17)
(94.343638 0.1283632 7.4090561e-17)
(94.349139 0.14723066 -6.4836498e-17)
(94.354956 0.16943308 1.2608627e-17)
(94.361325 0.19540199 -1.453755e-22)
(94.368331 0.22567409 -1.5450968e-16)
(94.375882 0.260903 0)
(94.383791 0.30185871 -1.1688851e-17)
(94.391858 0.34942305 2.7281587e-17)
(94.399885 0.40459152 -1.5919202e-17)
(94.407645 0.46848197 0)
(94.414828 0.542347 3.2523249e-17)
(94.420989 0.62758823 1.0285561e-22)
(94.425511 0.72577225 1.4769125e-17)
(94.427583 0.83864817 8.6197552e-17)
(94.426182 0.96816751 -4.0244842e-17)
(94.420055 1.1165073 2.3489054e-17)
(94.407699 1.2860967 -5.4844167e-17)
(94.387335 1.4796589 -1.6005419e-17)
(94.356871 1.7002297 -8.2308819e-22)
(94.313862 1.9513172 2.1813667e-17)
(94.255472 2.2366495 -5.0930304e-17)
(94.178241 2.5613708 0)
(94.078392 2.9295218 1.3887798e-16)
(93.949647 3.3464673 0)
(93.788578 3.8215798 0)
(93.590093 4.3640034 -5.5615991e-17)
(93.346771 4.9849505 1.6278504e-17)
(93.049451 5.6990045 -5.7175128e-17)
(92.68755 6.524535 4.4689855e-17)
(92.247987 7.4869241 -5.2358967e-17)
(91.716542 8.618129 4.6106006e-17)
(91.072337 9.9678462 1.8028971e-17)
(90.302805 11.600762 0)
(89.363196 13.603602 0)
(88.305613 16.233661 0)
(86.93577 19.246398 -6.9139275e-17)
(85.948958 24.89774 8.1343566e-17)
(94.251434 0.18137638 4.353525e-17)
(94.326846 0.070029277 1.6941662e-17)
(94.317252 0.041591423 7.9078116e-17)
(94.301721 0.06040362 0)
(94.308448 0.067985112 0)
(94.315969 0.071714743 0)
(94.318521 0.079596362 0)
(94.320656 0.089999656 8.5649768e-17)
(94.324219 0.10158108 2.4996884e-17)
(94.32822 0.11497734 2.9182449e-17)
(94.331949 0.13095926 -6.8142627e-17)
(94.33549 0.14993552 3.9782685e-17)
(94.339144 0.17223592 0)
(94.34308 0.19827448 -1.3563116e-17)
(94.347274 0.22857197 7.9204338e-17)
(94.351552 0.26375783 5.5511534e-17)
(94.355676 0.30457044 2.1615731e-17)
(94.359405 0.35185449 -5.0510007e-17)
(94.362499 0.40656196 -4.4265935e-17)
(94.364673 0.46975906 -1.7243302e-17)
(94.365542 0.54263726 -6.0464723e-17)
(94.364579 0.62652657 2.3560951e-17)
(94.361075 0.72291076 0)
(94.354121 0.83344448 -6.4428308e-17)
(94.342592 0.95997264 -7.5368387e-17)
(94.325129 1.1045528 -2.2043069e-17)
(94.300113 1.2694823 1.4186914e-16)
(94.265636 1.4573349 4.5293549e-17)
(94.219456 1.6709909 1.7675355e-17)
(94.158955 1.9137572 -6.2102193e-17)
(94.081075 2.189216 -4.8504759e-17)
(93.982118 2.5021376 5.6842847e-17)
(93.857974 2.8567161 -8.3282576e-17)
(93.702001 3.2577047 -5.8702659e-17)
(93.50996 3.7139579 0)
(93.275879 4.2344795 1.082313e-16)
(92.991373 4.8298881 0)
(92.645765 5.5141359 0)
(92.226311 6.3049176 -4.4295075e-17)
(91.716896 7.2266751 1.3091207e-17)
(91.098739 8.3103651 -9.2868795e-17)
(90.344119 9.6050373 -4.5903054e-17)
(89.429271 11.171701 1.1005983e-20)
(88.292537 13.112275 -1.2953354e-17)
(86.949875 15.628098 0)
(85.176649 18.714835 -7.4103943e-17)
(83.496028 23.992589 -1.1095765e-17)
(94.241865 0.18338479 1.2993059e-21)
(94.320798 0.077282549 1.5569575e-17)
(94.317581 0.040885543 -5.4526749e-17)
(94.30067 0.060834615 0)
(94.304419 0.070063689 2.477195e-17)
(94.309825 0.073912596 -2.8923467e-17)
(94.311433 0.08130287 0)
(94.312601 0.091565195 -1.9719055e-17)
(94.314923 0.10318942 -6.909029e-17)
(94.31737 0.1165952 0)
(94.319238 0.13255422 -4.7133388e-17)
(94.320706 0.15148732 -3.6709721e-17)
(94.322091 0.17370388 -2.1446022e-17)
(94.323473 0.1995989 0)
(94.32471 0.22967524 -1.4645485e-17)
(94.32555 0.26453522 -6.8478551e-17)
(94.325717 0.30488112 8.0064965e-17)
(94.324941 0.35151544 -1.1359634e-21)
(94.322942 0.40534178 8.2129611e-17)
(94.319382 0.46736999 0)
(94.313804 0.5387255 3.7477591e-17)
(94.305599 0.62066165 0)
(94.29397 0.71457429 0)
(94.277922 0.82201829 1.5039129e-17)
(94.256237 0.94472664 5.2854178e-17)
(94.22746 1.084632 0)
(94.189871 1.2438937 -7.2633133e-17)
(94.141452 1.424931 -8.5201887e-17)
(94.07983 1.6304598 -6.6664185e-17)
(94.00224 1.8635824 3.9128629e-17)
(93.905434 2.1277197 -1.0864944e-20)
(93.785507 2.4272749 -4.0521924e-17)
(93.63804 2.7664964 3.2756948e-21)
(93.456179 3.149597 7.4907353e-17)
(93.234922 3.5848993 4.4225931e-17)
(92.967496 4.0811754 -2.6097198e-17)
(92.644717 4.648407 6.1835646e-17)
(92.254615 5.2998246 -7.3281829e-17)
(91.782583 6.0523133 -1.0875259e-17)
(91.209896 6.9291462 1.2926888e-17)
(90.51381 7.9599558 -1.5423121e-17)
(89.660653 9.1921639 9.2086587e-17)
(88.616729 10.68319 1.1053278e-17)
(87.30464 12.541493 3.9916037e-17)
(85.71009 14.931505 -8.0378362e-18)
(83.562263 17.995042 1.6588225e-16)
(81.258546 22.922244 -9.5369138e-17)
(94.230077 0.18616007 -4.9217373e-17)
(94.31124 0.082923199 -5.7481189e-17)
(94.318937 0.040695925 0)
(94.300315 0.060202851 -1.9591833e-17)
(94.299369 0.071383206 -2.2878812e-17)
(94.302812 0.075466949 5.3438889e-17)
(94.304056 0.08221686 0)
(94.304323 0.092186959 3.9538969e-22)
(94.305095 0.1037742 -5.7602966e-22)
(94.305706 0.11710174 4.976263e-17)
(94.305582 0.1328971 5.8150838e-17)
(94.304913 0.15160458 3.3982224e-17)
(94.303962 0.17352477 0)
(94.302688 0.19903182 -2.322212e-17)
(94.300837 0.22860627 -7.0534061e-23)
(94.298097 0.26282004 3.1762535e-17)
(94.294168 0.30233555 -1.8578821e-17)
(94.288762 0.34790878 2.1743112e-17)
(94.281562 0.40039052 7.6349789e-17)
(94.272174 0.46072973 -5.959559e-17)
(94.260072 0.52998125 1.7449668e-17)
(94.244566 0.60931709 2.0445103e-17)
(94.224778 0.70004038 2.3964067e-17)
(94.199629 0.80360155 -2.8098608e-17)
(94.167818 0.92161676 1.6481891e-17)
(94.127807 1.0558888 1.9346793e-17)
(94.077787 1.2084336 0)
(94.01564 1.3815101 5.3375866e-17)
(93.938885 1.5776622 1.2552256e-16)
(93.844627 1.7997837 1.8462079e-17)
(93.729448 2.0511173 2.1732923e-17)
(93.589277 2.3357033 -2.5618534e-17)
(93.419376 2.6577665 -3.0227884e-17)
(93.212832 3.0210448 0)
(92.963933 3.4332991 -6.343027e-17)
(92.66514 3.9029995 -2.5073686e-17)
(92.306607 4.439463 -1.4877149e-17)
(91.875264 5.055129 1.0642131e-16)
(91.354898 5.7659707 -3.1752538e-17)
(90.72454 6.5939323 6.3337133e-17)
(89.958013 7.5670999 1.5209783e-17)
(89.0165 8.7305804 -2.746417e-17)
(87.85755 10.138172 -7.7581956e-17)
(86.389863 11.899404 6.3945821e-20)
(84.57244 14.151704 -6.5956152e-17)
(82.086345 17.125388 -9.1376682e-17)
(79.223556 21.708172 1.2347252e-17)
(94.21473 0.18917251 4.5617768e-17)
(94.294015 0.088343156 5.3288614e-17)
(94.321423 0.03938377 3.1115992e-17)
(94.301515 0.058836904 0)
(94.293011 0.07177506 2.1222646e-17)
(94.295261 0.076048943 -2.4790007e-17)
(94.296649 0.082129102 -5.7922845e-17)
(94.295918 0.091691631 1.8459904e-22)
(94.294784 0.10313149 -1.9771437e-17)
(94.293313 0.1162615 2.3108129e-17)
(94.29114 0.13172624 0)
(94.288338 0.14999816 0)
(94.285013 0.17138102 0)
(94.280996 0.19622612 0)
(94.275947 0.22498545 -2.5264734e-17)
(94.269519 0.25819682 -5.9129368e-17)
(94.261404 0.29648026 3.4604175e-17)
(94.251302 0.34054183 -2.0256084e-17)
(94.238859 0.39117532 -7.1178924e-17)
(94.223622 0.44926446 0)
(94.204994 0.51578908 -9.7745828e-17)
(94.182206 0.59183545 1.9100423e-17)
(94.154303 0.6786097 2.2406895e-17)
(94.120129 0.77745346 0)
(94.07831 0.88986171 0)
(94.027231 1.0175028 -7.2571063e-17)
(93.965006 1.1622439 -4.2665666e-17)
(93.889431 1.3261787 0)
(93.797929 1.511671 -5.9099779e-17)
(93.68749 1.7214019 0)
(93.554549 1.9584181 6.1633309e-17)
(93.394895 2.2264007 2.4265764e-17)
(93.203474 2.5294882 4.3007668e-17)
(92.973406 2.8709888 6.7952801e-17)
(92.698355 3.2580747 2.0167364e-17)
(92.370034 3.6988496 0)
(91.978025 4.2019478 -5.7213534e-17)
(91.508338 4.7789603 0)
(90.943377 5.4448621 8.2014412e-17)
(90.260239 6.2201492 3.0283704e-20)
(89.429768 7.1311957 -7.4441125e-17)
(88.408707 8.2203024 1.8041106e-17)
(87.146943 9.5376135 -8.2000152e-20)
(85.541118 11.189979 -6.7551975e-17)
(83.526576 13.293882 8.3563472e-17)
(80.739525 16.130331 8.3751037e-17)
(94.195492 0.19001065 -2.1258247e-17)
(94.281342 0.09303374 -2.4830969e-17)
(94.322743 0.03783409 -5.7992686e-17)
(94.299824 0.056593709 0)
(94.287004 0.070742368 0)
(94.287956 0.075392556 0)
(94.28928 0.080898975 5.4006412e-17)
(94.287327 0.089928344 3.1556426e-17)
(94.284028 0.10105622 -3.6882801e-17)
(94.280369 0.11383355 7.1375199e-22)
(94.276191 0.1287832 -2.5205484e-17)
(94.271313 0.14639303 -5.8952969e-17)
(94.265597 0.16697623 -2.6108099e-22)
(94.25876 0.19086039 4.0337536e-17)
(94.250427 0.21846353 -2.3602978e-17)
(94.240252 0.25028645 -2.5576476e-21)
(94.22793 0.28690521 3.2351812e-17)
(94.213144 0.32897331 -3.789379e-17)
(94.1955 0.37722362 -2.5673079e-21)
(94.174482 0.43247022 0)
(94.149417 0.4956136 1.2207713e-16)
(94.119462 0.56765017 -3.5807775e-17)
(94.083588 0.64968514 4.2031033e-17)
(94.04057 0.74294752 4.9369453e-17)
(93.988968 0.84880718 -5.8020789e-17)
(93.927102 0.9687938 3.411251e-17)
(93.853014 1.104621 4.01464e-17)
(93.76443 1.2582119 -4.7293912e-17)
(93.658682 1.4317427 0)
(93.532666 1.6276765 0)
(93.382677 1.8488467 -3.8857004e-17)
(93.204399 2.0985784 -4.5960032e-17)
(92.992455 2.3808676 0)
(92.740074 2.6986312 -6.4610007e-17)
(92.440379 3.058423 -7.6915121e-17)
(92.084339 3.4679156 0)
(91.661035 3.93505 0)
(91.155714 4.4705182 1.6448129e-17)
(90.549602 5.0882182 -9.8887708e-17)
(89.818119 5.8071031 -9.5587463e-17)
(88.929511 6.6516958 1.4471565e-17)
(87.836704 7.6611388 5.3115482e-17)
(86.482884 8.8818746 7.6015579e-17)
(84.754377 10.415422 1.3445303e-17)
(82.565635 12.361385 0)
(79.513211 15.02509 -8.5291748e-17)
(94.173559 0.18748441 3.9828878e-17)
(94.265744 0.096748666 0)
(94.322305 0.036516918 5.4326555e-17)
(94.298832 0.053435109 3.1731147e-17)
(94.281329 0.068152692 -3.7069467e-17)
(94.280848 0.073328842 0)
(94.281828 0.078398402 0)
(94.278436 0.086745969 -5.9158554e-17)
(94.272934 0.097341675 0)
(94.267195 0.10958492 4.591486e-22)
(94.261153 0.12383278 -4.7275503e-17)
(94.254262 0.14055022 2.7647475e-17)
(94.246125 0.1600577 3.2346529e-17)
(94.236402 0.18266252 -3.7853453e-17)
(94.224747 0.20874777 4.4308942e-17)
(94.210838 0.23877568 5.1881061e-17)
(94.194375 0.27327714 3.0384969e-17)
(94.175015 0.31285056 -7.1204004e-17)
(94.152311 0.35816394 4.1728482e-17)
(94.125677 0.40995722 0)
(94.094367 0.46904734 -2.8703899e-17)
(94.057466 0.53633712 1.8117752e-21)
(94.013877 0.61282746 2.5136507e-21)
(93.962315 0.69963145 -9.301263e-17)
(93.901282 0.7979904 5.468941e-17)
(93.82904 0.90929157 -6.4368997e-17)
(93.743574 1.0350905 0)
(93.642541 1.1771348 4.4681053e-17)
(93.523199 1.3374055 -2.6366919e-17)
(93.382355 1.5181418 3.1154681e-17)
(93.216184 1.7219471 0)
(93.020281 1.9517939 0)
(92.78895 2.2114818 5.1765266e-17)
(92.515587 2.5035738 -6.1536361e-17)
(92.192852 2.8339714 7.3343231e-17)
(91.810961 3.2098503 -2.1920586e-17)
(91.358552 3.6384491 5.2573076e-17)
(90.820267 4.1295173 1.5813563e-17)
(90.176327 4.6958 1.9061008e-17)
(89.400687 5.3546268 4.6224746e-17)
(88.459323 6.1285413 5.6339049e-17)
(87.301886 7.0532724 -6.9101979e-17)
(85.865703 8.1714768 0)
(84.02838 9.5774491 0)
(81.685951 11.356803 0)
(78.401012 13.820448 -1.0828966e-17)
(94.148825 0.18181244 -7.5007166e-17)
(94.24826 0.098793966 9.8652538e-21)
(94.321383 0.035008033 3.5607133e-21)
(94.297657 0.049385991 -5.9792784e-17)
(94.275967 0.064169218 3.492915e-17)
(94.274603 0.069889206 4.0816379e-17)
(94.274278 0.074532163 -4.7702618e-17)
(94.269182 0.081981634 5.5759187e-17)
(94.261788 0.09180886 0)
(94.254289 0.10333645 0)
(94.246523 0.11669888 4.4577112e-17)
(94.237623 0.13229166 -2.6073491e-17)
(94.227016 0.15043807 -3.0509727e-17)
(94.214381 0.17143349 3.5710582e-17)
(94.199442 0.19562963 1.0326478e-21)
(94.181915 0.22344929 0)
(94.161486 0.25537584 0)
(94.137768 0.29194932 -3.3617894e-17)
(94.11025 0.33376868 3.9414993e-17)
(94.078271 0.38149547 -2.3118827e-17)
(94.041014 0.43585929 5.4264152e-17)
(93.997497 0.49766623 6.3719791e-17)
(93.946568 0.5678101 -3.7432592e-17)
(93.886889 0.64728542 -2.2007015e-17)
(93.816914 0.73720209 1.035695e-16)
(93.734857 0.83880158 3.0485485e-17)
(93.638649 0.95347725 4.4727848e-21)
(93.525891 1.082796 2.119558e-17)
(93.393774 1.2285368 2.5026344e-17)
(93.239026 1.392709 -5.9180519e-17)
(93.057715 1.5776686 -3.5041613e-17)
(92.845359 1.7860406 4.1537326e-17)
(92.595954 2.0213711 -9.8678934e-17)
(92.30312 2.2859184 5.8718317e-17)
(91.959093 2.5848881 1.7535128e-17)
(91.553331 2.9248871 4.1983314e-17)
(91.074108 3.3124446 -1.0081491e-16)
(90.505604 3.7563299 -9.1124922e-17)
(89.827178 4.2680641 0)
(89.011494 4.8632769 0)
(88.022541 5.5624074 0)
(86.807181 6.3975815 -1.6869898e-17)
(85.297614 7.4075328 -6.2889439e-17)
(83.364189 8.6779894 -1.3179735e-17)
(80.886627 10.282642 2.5147415e-17)
(77.399262 12.524463 6.5352087e-17)
(94.121778 0.17179438 0)
(94.229062 0.098466606 4.1523736e-17)
(94.320318 0.033442821 -3.8923032e-21)
(94.296632 0.044595721 2.8337782e-17)
(94.271733 0.058938508 0)
(94.268433 0.065092108 0)
(94.266136 0.069163084 0)
(94.25982 0.07553741 -1.0653069e-23)
(94.251191 0.084407465 3.0907599e-17)
(94.242222 0.095026994 -7.2290308e-17)
(94.23273 0.10729611 -4.2279477e-17)
(94.221745 0.12151824 9.8932081e-17)
(94.208647 0.13801293 0)
(94.19317 0.15706955 3.3883512e-17)
(94.175114 0.17901175 -3.9675574e-17)
(94.154211 0.20422037 0)
(94.130112 0.23312658 5.4460501e-17)
(94.102361 0.26620752 3.1920744e-17)
(94.070373 0.30398906 -3.7435991e-17)
(94.033417 0.34705084 -8.784968e-17)
(93.990611 0.39603228 3.9677096e-22)
(93.94092 0.45164049 0)
(93.883145 0.51466021 -7.1190397e-17)
(93.815906 0.58596542 4.1862071e-17)
(93.737619 0.66653224 5.0521764e-21)
(93.646456 0.75745342 2.9022887e-17)
(93.540306 0.85995636 4.338355e-21)
(93.416718 0.97542262 2.020019e-17)
(93.272825 1.1054222 -4.7736928e-17)
(93.105282 1.2517289 5.6482436e-17)
(92.910069 1.4164327 9.2221848e-21)
(92.682624 1.6018203 -5.9564735e-17)
(92.416674 1.8111147 7.08081e-17)
(92.106096 2.0463682 2.8133358e-17)
(91.742665 2.3119835 -3.3617568e-17)
(91.315162 2.6139425 -2.0165702e-17)
(90.811597 2.9580675 4.8475761e-17)
(90.215785 3.3521169 1.4625285e-17)
(89.506328 3.8063172 3.552601e-17)
(88.654756 4.3345239 -2.1649924e-17)
(87.623332 4.9549464 -1.3302857e-17)
(86.356564 5.6959631 1.6429542e-17)
(84.78217 6.5921941 1.6425347e-16)
(82.764579 7.7198661 3.8930942e-17)
(80.168936 9.1421635 1.6642489e-17)
(94.093115 0.15732361 -6.7809218e-17)
(94.20898 0.095004041 3.9617302e-17)
(94.319605 0.030836448 -6.941138e-17)
(94.296026 0.039567911 8.1096041e-17)
(94.26946 0.052640799 0)
(94.260664 0.058713282 -3.6916212e-17)
(94.257606 0.062142264 0)
(94.251247 0.067460439 -2.5222898e-17)
(94.241811 0.075228036 2.9493249e-17)
(94.231338 0.08470376 3.4493731e-17)
(94.219973 0.095632247 4.0351762e-17)
(94.206857 0.1082247 -4.7214736e-17)
(94.191376 0.12278312 0)
(94.173296 0.13958872 -6.4697249e-17)
(94.152446 0.1589359 7.5768443e-17)
(94.128543 0.1811576 1.9512387e-22)
(94.101173 0.20662561 -5.2012985e-17)
(94.069802 0.23574891 -9.1477291e-17)
(94.033772 0.26897717 1.0730105e-16)
(93.992291 0.30680617 -2.6116412e-21)
(93.944427 0.34978371 4.9285838e-17)
(93.889104 0.3985167 2.8955111e-17)
(93.825091 0.4536797 1.2862227e-23)
(93.750977 0.51602465 -4.0050944e-17)
(93.665147 0.58639203 -1.8955384e-22)
(93.565741 0.66572325 2.7787849e-17)
(93.45061 0.75507634 -6.5547452e-17)
(93.317258 0.85564308 -3.8700536e-17)
(93.162767 0.96877835 7.3050057e-21)
(92.983728 1.0960146 0)
(92.776049 1.2391585 0)
(92.535075 1.4001725 1.9075556e-17)
(92.254367 1.581868 8.9340277e-21)
(91.927981 1.7862671 -5.4118431e-17)
(91.547127 2.0167235 -3.2378621e-17)
(91.100218 2.278629 1.9437365e-17)
(90.57503 2.5771017 2.3410408e-17)
(89.955032 2.9188533 -1.4169445e-17)
(89.218161 3.3127472 1.7204933e-17)
(88.334975 3.7707922 0)
(87.266261 4.3088462 -3.8837431e-17)
(85.954565 4.9514242 -1.6054553e-17)
(84.323712 5.7287994 -8.0566027e-17)
(82.233409 6.707063 -6.4012591e-17)
(94.063741 0.13797748 5.4531428e-21)
(94.189666 0.088134977 3.8043639e-17)
(94.319635 0.029069462 4.4437713e-17)
(94.296104 0.033200427 -7.7880367e-17)
(94.265966 0.044577701 -3.0336541e-17)
(94.254411 0.050577678 3.54553e-17)
(94.250724 0.05363138 6.216773e-17)
(94.244112 0.057919081 -4.8455218e-17)
(94.233679 0.064394429 2.8331537e-17)
(94.221557 0.07247467 -3.3136737e-17)
(94.208293 0.081811148 -5.814981e-17)
(94.193202 0.092522915 -2.2682715e-17)
(94.175662 0.10488377 -6.464143e-22)
(94.155404 0.11915948 6.2173158e-17)
(94.132226 0.13560746 -3.640961e-17)
(94.105793 0.1545034 6.3990373e-17)
(94.075617 0.17615192 -5.0002911e-17)
(94.041091 0.20088986 -2.9317672e-17)
(94.001499 0.22908949 1.8764272e-21)
(93.956006 0.26116265 -2.0183463e-17)
(93.903652 0.29756554 -2.3706654e-17)
(93.843335 0.33880457 5.5715065e-17)
(93.773801 0.3854434 -6.5516221e-17)
(93.693621 0.43811084 -3.855147e-17)
(93.601153 0.49750993 2.2702508e-17)
(93.494512 0.56442842 0)
(93.371515 0.63975176 -3.1029024e-21)
(93.229629 0.72447791 1.8651243e-17)
(93.065889 0.81974145 -6.6184642e-17)
(92.876832 0.9268277 2.6134546e-17)
(92.658308 1.0472475 0)
(92.405563 1.1826545 0)
(92.112142 1.3353643 0)
(91.771909 1.5073659 7.8533512e-17)
(91.3758 1.7011173 -3.1344818e-17)
(90.912151 1.9211961 -3.7670882e-17)
(90.368317 2.1720379 0)
(89.727451 2.4592816 -2.7522382e-17)
(88.966957 2.7903735 0)
(88.056594 3.1754114 -2.0527707e-17)
(86.955907 3.627786 7.5887913e-17)
(85.605841 4.168054 -1.5764496e-17)
(83.926874 4.8218791 9.879185e-18)
(81.775065 5.6448032 2.5313304e-17)
(94.03552 0.11435727 0)
(94.172197 0.077961901 0)
(94.319349 0.024758676 -4.2972342e-17)
(94.29707 0.026986913 2.5105552e-17)
(94.264093 0.036241516 -1.4669711e-17)
(94.249619 0.041491254 3.4290518e-17)
(94.244921 0.04386699 -2.0042632e-17)
(94.237856 0.047023564 2.3434177e-17)
(94.226448 0.05206615 -2.7404467e-17)
(94.21283 0.058532214 6.4110247e-17)
(94.197943 0.066042401 -5.6254769e-17)
(94.181291 0.074654627 1.5203946e-22)
(94.162203 0.08460256 -5.1376719e-17)
(94.140304 0.096115853 -1.5039629e-17)
(94.115311 0.10940123 3.5235027e-17)
(94.086828 0.1246698 -4.1285996e-17)
(94.054311 0.14215582 2.419869e-17)
(94.017104 0.16212347 -1.3342863e-21)
(93.974459 0.18486874 -2.0635442e-21)
(93.925521 0.21072069 1.954389e-17)
(93.869316 0.2400445 0)
(93.804733 0.27324603 -2.6983848e-17)
(93.730504 0.31077732 6.3468557e-17)
(93.645183 0.35314279 5.6031577e-17)
(93.547112 0.40090633 4.5252206e-21)
(93.43438 0.45469963 -5.1887581e-17)
(93.304777 0.51523269 6.1249464e-17)
(93.155735 0.58330599 -1.8095141e-17)
(92.984252 0.65982964 2.1407978e-17)
(92.786816 0.74583611 -2.5368349e-17)
(92.559227 0.84253675 0)
(92.296652 0.95126939 -3.5802779e-17)
(91.992605 1.0738802 0)
(91.640709 1.2120524 0)
(91.231927 1.3677095 0)
(90.754384 1.5444798 0)
(90.195032 1.7460104 0)
(89.536784 1.9768477 4.0318335e-17)
(88.756643 2.242988 -1.6374416e-17)
(87.82373 2.5525653 0)
(86.696574 2.9164008 0)
(85.314841 3.3510158 -1.5515898e-17)
(83.596212 3.8772016 1.9551563e-17)
(94.009634 0.085356298 3.0664721e-17)
(94.156573 0.063122793 -3.5834271e-17)
(94.316126 0.021846919 2.0928979e-17)
(94.301386 0.020453087 7.9290649e-22)
(94.264767 0.026737758 1.3649228e-21)
(94.246004 0.030671968 -3.3404507e-17)
(94.239761 0.032342121 -1.1577592e-23)
(94.23242 0.034588665 2.2830351e-17)
(94.220442 0.038276792 1.3350224e-17)
(94.205784 0.043044329 -1.5615602e-17)
(94.189758 0.048599969 -5.4814198e-17)
(94.17205 0.054983366 4.2767284e-17)
(94.151916 0.06236969 5.0067279e-17)
(94.128841 0.070932922 -2.9314661e-17)
(94.102456 0.0808251 -1.717091e-17)
(94.072325 0.092196771 -2.0122751e-17)
(94.037886 0.10521643 1.1793769e-17)
(93.998466 0.12007877 4.1500974e-17)
(93.953307 0.13700505 0)
(93.901549 0.15624231 -1.9059131e-17)
(93.842216 0.1780647 0)
(93.774191 0.20277685 -2.6320665e-17)
(93.696199 0.23071806 1.5478486e-17)
(93.606781 0.26226672 0)
(93.504261 0.29784562 -2.147289e-17)
(93.386708 0.33792811 3.798864e-17)
(93.251886 0.38304614 0)
(93.097199 0.43379956 0)
(92.919612 0.49087057 -2.091838e-17)
(92.715574 0.55503401 -1.2399531e-17)
(92.480842 0.62719848 2.9438055e-17)
(92.210522 0.70837403 1.750388e-17)
(91.898088 0.79994177 -9.1508905e-21)
(91.536993 0.90322121 1.2461912e-17)
(91.118242 1.0196155 1.4952048e-17)
(90.629768 1.1518229 0)
(90.058186 1.3026411 0)
(89.386233 1.4755017 0)
(88.590622 1.6749164 0)
(87.639987 1.9070086 0)
(86.492061 2.1799447 0)
(93.984923 0.056618936 1.5039221e-17)
(94.143941 0.044378619 1.7576538e-17)
(94.324959 0.017780086 -2.0541412e-17)
(94.302879 0.012042498 0)
(94.262599 0.015761182 1.4024115e-17)
(94.241882 0.018700135 -1.6392259e-17)
(94.235757 0.019890899 -1.916369e-17)
(94.228726 0.02125042 4.4816011e-17)
(94.216751 0.023463825 -1.3103582e-17)
(94.201613 0.026404843 5.3649841e-17)
(94.184876 0.029914048 -3.5871561e-17)
(94.166424 0.033980616 -5.4055952e-22)
(94.145495 0.038686031 3.6864354e-17)
(94.121484 0.044137128 -4.3172486e-17)
(94.093973 0.050436044 1.6858848e-17)
(94.062521 0.057682118 9.8789557e-18)
(94.026569 0.065985334 -1.1582669e-17)
(93.985443 0.075474107 -3.3966147e-17)
(93.938381 0.08629548 1.5943849e-17)
(93.884523 0.098613731 1.8721539e-17)
(93.822889 0.11261094 0)
(93.752359 0.12848919 0)
(93.671648 0.14647334 1.52122e-17)
(93.579286 0.16681396 0)
(93.47358 0.18979077 0)
(93.352581 0.21571677 -1.2451437e-17)
(93.214034 0.24494374 2.9406996e-17)
(93.055319 0.27786852 3.9129217e-21)
(92.873374 0.31494273 -1.0290919e-17)
(92.664619 0.35667993 1.2200897e-17)
(92.424782 0.40368282 -4.3482492e-17)
(92.148917 0.45662351 8.620414e-18)
(91.830469 0.51642261 0)
(91.462768 0.58397516 -1.229623e-17)
(91.036866 0.66021324 0)
(90.540551 0.74691174 8.8852897e-18)
(89.960179 0.84595823 1.0745102e-17)
(89.278364 0.9596467 -6.5311353e-18)
(93.964157 0.029294843 2.9747204e-17)
(94.137922 0.021644239 -6.5233342e-18)
(94.317837 0.0073087843 -2.0310292e-17)
(94.306654 0.00412266 1.7799017e-17)
(94.265972 0.0055051435 -6.933684e-18)
(94.242508 0.0066846468 4.0525432e-18)
(94.235753 0.0072387371 9.4757336e-18)
(94.22872 0.0076899045 -3.3240894e-17)
(94.216551 0.0083185168 -2.3778301e-22)
(94.200828 0.009253392 7.5800923e-18)
(94.183345 0.010523583 8.8700649e-18)
(94.16417 0.01210625 -2.0763862e-17)
(94.14254 0.013992079 1.8232735e-17)
(94.117781 0.016201552 -1.4235973e-17)
(94.089445 0.018769348 1.2508901e-17)
(94.057092 0.021737548 9.7740517e-18)
(94.020162 0.025158788 -5.7304011e-18)
(93.977976 0.029097143 2.0165953e-17)
(93.929763 0.033625838 -3.9441293e-18)
(93.874658 0.038825752 7.3315824e-22)
(93.811675 0.044785796 -2.1772263e-17)
(93.739689 0.051604161 6.3990187e-18)
(93.657407 0.05938976 3.7644573e-18)
(93.563346 0.068263741 1.77368e-17)
(93.455802 0.078361257 -1.5679192e-17)
(93.332814 0.089833603 2.8994214e-22)
(93.19211 0.10285099 -3.6403717e-18)
(93.031056 0.11760576 -8.6128537e-18)
(92.846574 0.13431731 0)
(92.635065 0.15323573 -9.0749939e-18)
(92.392235 0.17465529 3.9531215e-17)
(92.113111 0.19890647 -1.7110894e-17)
(106.2807 12.940191 6.619547e-18)
(111.32911 5.3111213 -4.8930965e-18)
(107.95105 12.239943 0)
(107.87474 5.5431361 0)
(106.04794 10.59088 -4.7776302e-18)
(104.84753 5.4054277 5.7622212e-18)
(104.31792 8.8458334 -4.3602831e-18)
(102.49533 5.0319618 3.1507572e-18)
(102.49982 6.9540582 -7.1142406e-19)
(100.92067 4.6729201 3.858217e-18)
(100.75759 5.1569367 -2.3126449e-18)
(99.747 4.0886924 1.0416584e-18)
(99.319608 3.8304882 9.3441775e-19)
(98.724413 3.2899894 0)
(98.260276 2.8882046 0)
(97.826706 2.50259 0)
(97.439429 2.1577336 -1.1957111e-18)
(97.096446 1.8514783 -3.1955526e-18)
(96.783325 1.5787222 2.8452226e-18)
(96.496179 1.3378119 4.8411199e-22)
(96.237457 1.1293121 1.4981156e-18)
(96.004512 0.94900587 -1.3277283e-18)
(95.795602 0.79472823 -1.1756455e-18)
(95.608725 0.6634523 -2.509417e-22)
(95.442222 0.5525047 1.8339864e-18)
(95.294427 0.45927992 4.0409232e-18)
(95.163782 0.38136282 2.133881e-18)
(95.048763 0.31654671 3.7508568e-18)
(94.947886 0.26284344 -5.4866341e-19)
(94.859712 0.21849693 0)
(94.782868 0.18197146 -4.2116286e-19)
(94.716072 0.15194199 -1.104919e-18)
(94.658177 0.1272733 -5.4691678e-18)
(94.608176 0.10700459 2.8070869e-19)
(94.565198 0.090321526 -2.4469711e-19)
(94.528394 0.076560269 -1.4915386e-18)
(106.49856 14.698452 6.0918431e-18)
(111.22247 6.5978264 -7.2837222e-18)
(107.77258 13.682057 2.6636119e-18)
(107.3745 6.665766 2.4194345e-18)
(105.78864 11.745649 -5.4916438e-19)
(104.25331 6.3060003 -2.9863405e-18)
(104.06674 9.6717072 0)
(101.98694 5.8347715 0)
(102.06321 7.4490685 7.2881452e-19)
(100.54728 5.3438513 -4.2907647e-21)
(100.31029 5.5195432 2.3696422e-18)
(99.438994 4.5493411 -3.1894219e-18)
(98.980346 4.1419525 -9.520418e-19)
(98.453094 3.5944703 3.2722917e-22)
(98.01214 3.1398599 -3.0417054e-18)
(97.61235 2.7224919 0)
(97.254199 2.3485544 6.0368347e-18)
(96.936992 2.0172916 -3.2194328e-18)
(96.646856 1.7231841 9.5329705e-19)
(96.380527 1.4637668 -1.691761e-18)
(96.14013 1.2391038 0)
(95.923075 1.0447066 -5.3040056e-18)
(95.727817 0.87801846 4.6848266e-18)
(95.552589 0.73583892 0)
(95.395935 0.61528618 7.2781131e-18)
(95.256418 0.51361421 -1.6001958e-18)
(95.132678 0.4282762 3.5139433e-18)
(95.023383 0.35695811 -6.1648323e-19)
(94.927224 0.29757508 -4.8607044e-18)
(94.84292 0.24828356 7.5611919e-18)
(94.769232 0.20746763 4.1300826e-19)
(94.705001 0.17372808 1.4423379e-18)
(94.649178 0.1458619 2.5157181e-18)
(94.600847 0.12284519 5.4794487e-19)
(94.559206 0.10380888 -4.7688058e-19)
(94.523475 0.088033753 1.6587293e-18)
(94.492866 0.074908344 6.1246195e-18)
(94.466458 0.06397898 -3.127291e-19)
(94.443675 0.054772472 0)
(94.423886 0.047181819 9.4041463e-18)
(94.408009 0.040361543 -2.0362639e-19)
(94.394092 0.035584329 1.762406e-19)
(94.384599 0.028891137 2.4391446e-18)
(94.370043 0.028534695 -8.4343279e-18)
(94.364645 0.016489013 -1.6396114e-17)
(94.353662 0.024239784 6.2927726e-18)
(94.35653 -2.7145849e-05 5.4313835e-18)
(94.369304 0.017120345 2.3611253e-18)
(94.412857 -0.0099496484 -1.578321e-20)
(106.64041 16.542686 1.0159719e-17)
(110.87634 7.946977 -1.0628536e-17)
(107.47839 15.165001 8.3361807e-18)
(106.77649 7.8157091 -7.5267173e-18)
(105.44363 12.876893 9.1219734e-18)
(103.56455 7.2163262 -1.0295247e-17)
(103.49542 10.417201 3.7133761e-18)
(101.44803 6.6630884 -6.708633e-18)
(101.49635 7.8841883 -3.0067924e-18)
(100.12921 5.9703166 8.1221192e-18)
(99.822153 5.8560629 -4.8488774e-18)
(99.082473 4.9566959 8.6874807e-18)
(98.61904 4.4318442 0)
(98.150205 3.8633062 -1.2897551e-21)
(97.743431 3.3667073 -3.0827064e-18)
(97.379263 2.9191779 0)
(97.053152 2.5196204 -1.2176627e-17)
(96.763973 2.1662616 2.159159e-18)
(96.498582 1.8533671 1.9145397e-18)
(96.254556 1.5778102 -1.6943253e-18)
(96.033715 1.3390102 0)
(95.833617 1.1322796 5.2881371e-18)
(95.652945 0.95468269 -4.6606959e-18)
(95.490196 0.80286971 -8.2045072e-18)
(95.344137 0.67377808 5.2575797e-22)
(95.213567 0.56454367 0)
(95.097335 0.47251345 -5.5476754e-18)
(94.994308 0.39528712 0)
(94.903354 0.33070353 4.2473406e-18)
(94.823351 0.27684995 -2.2259905e-17)
(94.753204 0.23204674 0)
(94.691875 0.19483493 -7.0535731e-19)
(94.63842 0.16395611 6.1412753e-19)
(94.592015 0.13833419 0)
(94.551933 0.1170536 1.4393986e-17)
(94.517468 0.099348585 4.031885e-19)
(94.487875 0.084573076 -5.2475473e-18)
(94.462302 0.072222032 -3.0330042e-19)
(94.440157 0.061825088 1.6817449e-17)
(94.420938 0.053168645 -2.183989e-17)
(94.405349 0.045585993 1.2794172e-17)
(94.391886 0.039899837 -1.7019549e-19)
(94.382305 0.032922791 -1.4708317e-19)
(94.368076 0.031432451 -8.0034216e-18)
(94.362527 0.019344563 1.4037664e-17)
(94.35119 0.026313025 -6.0090872e-18)
(94.354692 0.00085259541 -5.2236097e-18)
(94.366833 0.018893489 -1.7591096e-20)
(94.410234 -0.012436173 -1.5159663e-20)
(106.69005 18.487355 -3.5292154e-18)
(110.44477 9.3503074 -6.3484218e-18)
(107.05253 16.675646 5.7766655e-18)
(106.01873 8.9800707 0)
(104.98113 13.955044 -9.4441422e-18)
(102.7907 8.1674178 8.5302881e-18)
(102.89347 11.044577 -3.8339187e-18)
(100.8685 7.4898445 -5.042553e-21)
(100.85209 8.2590309 3.093853e-18)
(99.668169 6.5374625 -1.386763e-17)
(99.301449 6.1644078 9.9100692e-18)
(98.680078 5.3059312 -1.3283751e-17)
(98.237418 4.6931179 1.1840671e-17)
(97.822308 4.0962697 3.5103509e-18)
(97.456587 3.5654484 3.1205269e-18)
(97.130567 3.0910828 0)
(96.838741 2.6694802 7.3569607e-18)
(96.57943 2.2971906 2.1692401e-18)
(96.340207 1.9682375 1.7273573e-17)
(96.119669 1.6790408 -1.6947052e-18)
(95.919347 1.428228 0)
(95.737052 1.2109998 0)
(95.571713 1.024065 0)
(95.422115 0.86395027 2.4401763e-17)
(95.287267 0.72744317 -8.0254558e-18)
(95.166207 0.61158513 7.8106359e-19)
(95.058001 0.51364228 1.3669009e-18)
(94.961714 0.4311495 -1.1943401e-18)
(94.876396 0.3618896 0)
(94.801086 0.30389877 9.0868481e-19)
(94.734831 0.25544981 -1.3462223e-17)
(94.676717 0.2150384 -2.2051865e-17)
(94.625909 0.18136307 -1.8572926e-17)
(94.581674 0.15330651 -5.2040739e-19)
(94.543367 0.12991517 -1.5357282e-17)
(94.510352 0.11038544 1.1751458e-18)
(94.481937 0.094040456 -2.1725505e-17)
(94.457335 0.080334475 -5.8792951e-19)
(94.435952 0.068792205 -1.6027115e-17)
(94.417394 0.059121999 1.408133e-17)
(94.402192 0.050792078 -1.1981142e-17)
(94.389236 0.044246724 -1.6428918e-19)
(94.379599 0.036996457 1.8157439e-17)
(94.365744 0.034390202 1.5670146e-17)
(94.360026 0.022322117 0)
(94.348294 0.028358749 0)
(94.352438 0.0017779966 3.9242842e-20)
(94.363362 0.02079154 -5.0715897e-20)
(94.407262 -0.015835664 1.4559959e-20)
(106.63784 20.549519 2.6350503e-20)
(109.80073 10.811116 6.6534327e-18)
(106.52656 18.185136 -6.0149915e-18)
(105.11167 10.149861 -5.4508653e-18)
(104.38453 14.954791 -6.6672633e-21)
(101.9489 9.1505713 8.8398249e-18)
(102.11657 11.564401 0)
(100.237 8.2588443 3.5527339e-18)
(100.1445 8.5672557 3.1747276e-18)
(99.155845 7.0281644 -1.7052002e-17)
(98.759262 6.4413531 -5.0700858e-18)
(98.24001 5.5965708 0)
(97.837502 4.919319 -2.8081111e-17)
(97.475435 4.2927509 3.5597585e-18)
(97.155023 3.7338523 0)
(96.869511 3.2368454 -2.7932099e-18)
(96.613681 2.7969866 2.4670672e-18)
(96.385543 2.4091482 0)
(96.173595 2.0669688 -3.2662752e-17)
(95.977411 1.766713 1.6931411e-17)
(95.7983 1.5060784 -1.4894994e-18)
(95.634418 1.2802391 0)
(95.484965 1.0855844 1.1487421e-18)
(95.349028 0.9185429 -3.5232484e-17)
(95.225869 0.77578597 1.7620351e-18)
(95.114768 0.65428485 -2.3109383e-17)
(95.01501 0.55125003 -1.3451857e-18)
(94.92586 0.46417286 1.1735192e-18)
(94.846546 0.39079984 -1.0224539e-18)
(94.776269 0.32913372 1.3351125e-17)
(94.714217 0.27741554 -1.2386034e-17)
(94.659601 0.2341096 4.3046275e-17)
(94.611694 0.1978836 1.8685095e-17)
(94.569857 0.16758971 1.67152e-17)
(94.533526 0.14224525 -4.3905221e-19)
(94.502137 0.12101706 7.605656e-19)
(94.475057 0.10320233 2.0737305e-17)
(94.451556 0.08822395 -2.8473983e-19)
(94.431055 0.075597213 -6.4938037e-24)
(94.413247 0.064977064 2.1268092e-19)
(94.398531 0.055925332 -2.3325613e-17)
(94.386133 0.04858292 2.883417e-24)
(94.376486 0.041072265 -1.7643028e-17)
(94.363056 0.03747139 -3.0193609e-17)
(94.357124 0.02543045 0)
(94.344968 0.030372529 2.2514844e-17)
(94.349812 0.0028580112 -7.5461906e-20)
(94.358922 0.022791868 1.6244655e-20)
(94.40351 -0.020375604 -2.8651974e-17)
(106.48382 22.730464 0)
(108.96332 12.336229 -6.9601037e-18)
(105.87625 19.668877 0)
(104.05008 11.311304 5.685102e-18)
(103.56773 15.840999 1.5309573e-17)
(101.05112 10.121046 -9.1782861e-18)
(101.23129 11.972344 -1.2298224e-17)
(99.558176 8.9149077 -3.6663496e-18)
(99.399159 8.8303251 -6.5467404e-18)
(98.5967 7.4334319 1.1662878e-17)
(98.202369 6.681488 1.5560265e-17)
(97.772752 5.8294251 1.8439003e-17)
(97.42344 5.105159 4.0768357e-18)
(97.115756 4.4516297 -1.4466748e-17)
(96.84325 3.8703051 6.3949439e-18)
(96.599952 3.3553028 2.8198744e-18)
(96.381203 2.9011678 0)
(96.184985 2.501309 -2.1877344e-18)
(96.000998 2.1488784 1.7325865e-17)
(95.829647 1.8401728 -3.8924727e-17)
(95.672128 1.5719563 2.5255831e-17)
(95.527008 1.3394265 -1.3018234e-18)
(95.393769 1.1387032 1.7102778e-17)
(95.271815 0.96614258 1.7944518e-17)
(95.160662 0.81833468 -3.4830431e-18)
(95.059836 0.69220551 4.8620805e-17)
(94.968838 0.58493454 2.2511982e-17)
(94.887128 0.4939906 -1.1529574e-18)
(94.81411 0.41710291 1.0027474e-18)
(94.749143 0.35225779 2.7886693e-17)
(94.691554 0.29767976 2.4968662e-17)
(94.640676 0.25181529 -2.1005067e-17)
(94.59589 0.21331312 1.764027e-17)
(94.556652 0.18100538 -1.5773387e-17)
(94.522477 0.15388906 0)
(94.492876 0.1311096 3.6913955e-19)
(94.467272 0.11194393 -6.3827896e-19)
(94.444995 0.095791883 -7.966002e-24)
(94.425488 0.082157967 -3.0245145e-17)
(94.408514 0.070663452 0)
(94.39438 0.060926692 2.2878972e-17)
(94.382584 0.05286008 -1.9730854e-17)
(94.372976 0.045099579 1.3185222e-19)
(94.360043 0.040473176 2.8972484e-17)
(94.353826 0.028678585 2.5054974e-17)
(94.341273 0.03234199 -2.1575199e-17)
(94.347061 0.0042819022 3.7182302e-17)
(94.353987 0.024987593 -1.5608652e-20)
(94.398761 -0.026190864 5.4991831e-17)
(106.21612 25.02088 -1.622314e-17)
(107.90869 13.925628 7.279294e-18)
(105.06126 21.095589 -1.3168443e-17)
(102.82865 12.451875 -1.8625695e-20)
(102.59548 16.577603 2.7540061e-20)
(100.09665 11.032432 1.4271368e-17)
(100.25725 12.250436 2.9577816e-17)
(98.837814 9.5299709 -1.5116209e-17)
(98.625627 9.0865606 1.0070684e-17)
(97.992558 7.7501737 -1.7913752e-17)
(97.63483 6.8767572 -2.6459579e-17)
(97.288381 6.0061345 -1.4048311e-17)
(97.000102 5.2477364 1.2417964e-17)
(96.748576 4.5723609 1.8273113e-17)
(96.525502 3.9741957 -1.2885231e-17)
(96.325416 3.4460106 2.8361481e-18)
(96.144268 2.9816696 -2.2434385e-17)
(95.980249 2.573308 0)
(95.824479 2.2136438 2.8827737e-17)
(95.678107 1.899082 1.6793693e-18)
(95.542283 1.6255153 4.1721426e-21)
(95.416033 1.3882041 1.2909722e-18)
(95.299139 1.1830578 -1.9170996e-17)
(95.191317 1.006386 0)
(95.092345 0.85473213 2.5738737e-17)
(95.001988 0.72500173 -2.2411847e-17)
(94.919955 0.61436667 -2.07974e-17)
(94.845899 0.52029333 -1.1298448e-18)
(94.779395 0.44051157 -2.9433842e-17)
(94.719953 0.37300737 -2.8091303e-17)
(94.667036 0.31600304 2.3617583e-17)
(94.620095 0.26794001 -6.3940929e-19)
(94.578618 0.22745931 -1.7159739e-17)
(94.54215 0.19338303 0)
(94.510291 0.16469629 -4.1409238e-19)
(94.48262 0.14053096 -1.2800856e-23)
(94.458622 0.12015003 6.1808612e-19)
(94.437682 0.10293789 -2.6677197e-19)
(94.419274 0.088389833 2.9462915e-17)
(94.403213 0.076107663 -1.9851791e-19)
(94.389756 0.065735495 -3.3226536e-24)
(94.378592 0.057028798 1.9024432e-17)
(94.369073 0.049019514 -1.2704272e-19)
(94.356727 0.043310021 2.1880225e-19)
(94.350102 0.03206209 -2.4204372e-17)
(94.337247 0.034190458 -4.1499901e-17)
(94.344487 0.0060908561 -7.1411489e-17)
(94.347975 0.027517653 0)
(94.394932 -0.033324088 -5.2821565e-17)
(105.77242 27.416677 1.7012545e-17)
(106.58018 15.559348 -7.5814956e-18)
(104.05497 22.444379 -1.3703492e-17)
(101.438 13.561354 -2.4653804e-17)
(101.44444 17.128281 -5.4930136e-18)
(99.092549 11.914338 1.2040817e-20)
(99.219873 12.472283 -3.0480988e-17)
(98.071495 10.072998 1.5505403e-17)
(97.830608 9.2503354 6.8946197e-18)
(97.355736 7.9784693 3.6532335e-17)
(97.060427 7.0196375 -5.3998193e-18)
(96.794994 6.1284577 -4.7545245e-18)
(96.572126 5.3462827 3.7722599e-17)
(96.378141 4.6552166 3.6890041e-18)
(96.205232 4.0457775 -2.5942272e-17)
(96.048711 3.5091999 -2.5617207e-17)
(95.905188 3.0386717 1.7460381e-17)
(95.773238 2.6252484 -4.2302714e-22)
(95.645609 2.2612959 -2.6798209e-17)
(95.524074 1.9433872 5.0247441e-17)
(95.409818 1.6666386 -2.0488152e-17)
(95.302356 1.4263997 -1.2773411e-18)
(95.201773 1.2184333 3.5642007e-17)
(95.108098 1.039028 -1.9400961e-18)
(95.021367 0.88471399 1.6904296e-18)
(94.941573 0.75239968 0)
(94.868633 0.63927124 0)
(94.802379 0.54281111 0)
(94.742552 0.46076627 3.0676743e-17)
(94.688806 0.39113702 0)
(94.640734 0.33215659 -6.9034193e-17)
(94.597903 0.28227311 3.9819476e-17)
(94.559899 0.24013034 -3.3892456e-17)
(94.52636 0.20454939 2.9288483e-17)
(94.496961 0.1745115 -2.5697577e-17)
(94.471355 0.14914217 3.4661626e-19)
(94.449086 0.12769698 -2.9906255e-19)
(94.42959 0.10955234 0)
(94.412382 0.094198215 0)
(94.397314 0.081226079 0)
(94.384625 0.070283531 0)
(94.374123 0.06103175 0)
(94.364761 0.052765544 0)
(94.353072 0.046091136 2.6960537e-17)
(94.345823 0.035559528 9.0611733e-20)
(94.332806 0.035759004 3.9827505e-17)
(94.341602 0.0079689964 3.4250076e-17)
(94.339081 0.029958949 5.7625295e-20)
(94.395745 -0.041250791 2.5361312e-17)
(105.04221 29.887384 8.9048927e-18)
(104.91 17.148412 -7.982144e-18)
(102.85766 23.659266 -7.1706573e-18)
(99.911865 14.705639 -4.7186845e-20)
(100.135 17.463048 -2.2757214e-17)
(98.047912 12.684 -2.0269045e-17)
(98.130526 12.619822 1.7940358e-17)
(97.258272 10.427791 3.1879955e-17)
(97.031802 9.3677474 -2.1098419e-17)
(96.702362 8.1198846 -2.4866517e-17)
(96.485514 7.1063574 -5.4930506e-18)
(96.30071 6.1978807 0)
(96.145198 5.4009853 -7.626047e-17)
(96.00916 4.7007931 3.7190151e-17)
(95.886246 4.0856124 -3.2706895e-18)
(95.772878 3.5453373 3.1379096e-17)
(95.666403 3.0725214 -7.4832218e-18)
(95.56592 2.6573526 6.5404372e-18)
(95.465955 2.2919578 2.6675197e-17)
(95.368793 1.9730985 -5.3212051e-17)
(95.275724 1.6952515 2.8998274e-18)
(95.186752 1.4538678 -2.5252814e-18)
(95.102273 1.2446293 -3.7351941e-17)
(95.022618 1.0638285 1.9098601e-18)
(94.948069 0.90801314 2.6531482e-21)
(94.878841 0.77411702 4.6058567e-17)
(94.815043 0.65936021 4.1180773e-17)
(94.75668 0.56125802 8.2264296e-23)
(94.703645 0.47758927 -9.3589584e-19)
(94.65573 0.40638171 0)
(94.612649 0.34589128 4.4805906e-17)
(94.574078 0.29458343 -7.7436078e-17)
(94.539698 0.25111403 3.3437896e-17)
(94.509234 0.21431156 -2.931451e-17)
(94.482437 0.18316061 2.6070317e-17)
(94.459026 0.15678697 -6.7112825e-19)
(94.438606 0.13444519 0)
(94.420663 0.11551092 -4.9854163e-19)
(94.40475 0.099474133 4.2942982e-19)
(94.390755 0.085921155 3.6979002e-19)
(94.378922 0.074490287 -3.1832096e-19)
(94.369112 0.064794569 0)
(94.360016 0.056263801 0)
(94.349013 0.048792629 -2.5948183e-17)
(94.34087 0.03915585 0)
(94.327875 0.037014259 0)
(94.336725 0.010590596 -6.4414346e-20)
(94.324998 0.030575531 -5.6658159e-17)
(94.401079 -0.051496277 2.3782143e-20)
(103.98356 32.390551 -2.8230061e-17)
(102.93726 18.580238 4.2263369e-17)
(101.46817 24.657492 1.49407e-17)
(98.33351 15.817982 3.3530534e-17)
(98.70313 17.680242 -5.0012916e-20)
(96.960512 13.336279 0)
(97.014141 12.697812 3.7239667e-17)
(96.412431 10.663288 -6.5736644e-17)
(96.245339 9.4218048 0)
(96.048392 8.1812748 -2.2402908e-20)
(95.919681 7.135906 2.7941119e-17)
(95.814863 6.2170494 9.9977851e-22)
(95.726514 5.4137868 2.1463312e-17)
(95.647505 4.7109619 3.7708679e-18)
(95.573369 4.095344 3.2717917e-18)
(95.501878 3.5558083 -5.7309422e-18)
(95.431214 3.0843316 7.4941233e-18)
(95.361051 2.670494 -2.1776769e-18)
(95.287857 2.3063217 -6.0741387e-17)
(95.21426 1.9887209 2.6440844e-17)
(95.141717 1.7117106 0)
(95.070702 1.4708414 -2.4984972e-18)
(95.001919 1.2617773 3.6876169e-17)
(94.935981 1.0808383 -3.0106365e-17)
(94.873407 0.92461776 -2.6091934e-17)
(94.814616 0.79009465 -4.5196829e-17)
(94.759897 0.67454034 -7.7015812e-17)
(94.709413 0.57551768 3.2778763e-17)
(94.663199 0.49085 5.7580728e-17)
(94.621174 0.41860382 5.1322312e-17)
(94.583164 0.35706791 0)
(94.548946 0.30473422 7.5893376e-17)
(94.518293 0.26027904 3.0956622e-17)
(94.491008 0.22254566 5.7757711e-17)
(94.466918 0.19052858 -7.5420703e-19)
(94.445805 0.16335997 0)
(94.427329 0.14029964 0)
(94.411026 0.12072922 0)
(94.396487 0.10414398 5.3079549e-17)
(94.38363 0.090127287 0)
(94.372716 0.0783028 -3.9287942e-17)
(94.36362 0.068260325 0)
(94.354919 0.059466417 -2.2696531e-19)
(94.3446 0.051455416 1.9510445e-19)
(94.33542 0.04287029 4.2928012e-17)
(94.322771 0.038460589 -3.688859e-17)
(94.328623 0.015222915 -6.3386904e-17)
(94.304041 0.025820035 5.4449739e-17)
(94.381697 -0.062372084 0)
(100.81042 20.101036 -2.655964e-17)
(99.85372 25.345444 0)
(96.748016 16.88811 6.9765427e-18)
(97.186803 17.773566 1.840036e-17)
(95.840369 13.915945 0)
(95.896818 12.66108 5.848081e-20)
(95.555541 10.769396 -3.8335161e-20)
(95.481807 9.4126158 2.2150643e-17)
(95.408874 8.1728196 3.2327338e-17)
(95.371584 7.1133136 3.9647569e-17)
(95.34506 6.1921272 3.9610941e-17)
(95.322185 5.3899897 4.3223306e-18)
(95.298321 4.6904388 -3.0156107e-17)
(95.271084 4.079125 2.6276444e-17)
(95.239706 3.5442449 -4.5759517e-17)
(95.203302 3.0772385 0)
(95.162074 2.6673688 2.1630831e-18)
(95.114572 2.3067485 3.0090873e-17)
(95.063558 1.9922865 -4.9021854e-18)
(95.010718 1.7177655 2.8364943e-18)
(94.95697 1.4788239 0)
(94.903314 1.2711641 -6.6082446e-17)
(94.850628 1.0911558 2.7685793e-17)
(94.799655 0.93546185 0)
(94.751003 0.80112441 -4.5578635e-17)
(94.705129 0.6854808 3.81923e-17)
(94.662346 0.58615394 1.9469962e-21)
(94.622819 0.50102237 -1.1390732e-16)
(94.586586 0.4282008 -4.8371766e-17)
(94.55358 0.36601917 6.6220057e-19)
(94.52367 0.31300346 -5.6964184e-19)
(94.496717 0.26785721 -3.0497215e-17)
(94.472598 0.22944464 -1.0931872e-16)
(94.451211 0.19677581 7.2972836e-19)
(94.432402 0.16899483 -1.2563113e-18)
(94.415884 0.1453728 5.4056245e-19)
(94.401241 0.12530383 0)
(94.388097 0.10829296 -1.0280191e-16)
(94.376399 0.093921194 3.4396544e-19)
(94.366421 0.081795404 -3.1542147e-22)
(94.358036 0.071482734 2.5418175e-19)
(94.349855 0.062431382 5.5701662e-17)
(94.340221 0.054174244 0)
(94.330155 0.046758348 -8.255517e-17)
(94.318363 0.041121983 3.5455831e-17)
(94.319439 0.023556854 5.8842282e-20)
(94.289908 0.024511623 -5.2374465e-17)
(94.334962 -0.018125971 4.4926148e-17)
)
;

boundaryField
{
    Side
    {
        type            empty;
    }
    Inlet
    {
        type            freestreamVelocity;
        freestreamValue uniform (94.3 0 0);
        value           nonuniform List<vector> 
29
(
(94.297293 0.070488918 -1.2635926e-17)
(94.293084 0.063532606 2.0153386e-22)
(94.291112 0.05970358 -2.5165994e-17)
(94.289571 0.055944032 1.08033e-17)
(94.288213 0.052456311 1.3843654e-17)
(94.286893 0.048950041 1.1749337e-17)
(94.28562 0.045359637 3.2137914e-22)
(94.284363 0.041631237 -1.100655e-17)
(94.283035 0.037637907 9.0761458e-18)
(94.281853 0.032993605 -3.6912994e-18)
(94.281278 0.027759962 5.8972802e-18)
(94.281449 0.022311091 -9.2044952e-18)
(94.282508 0.01686098 0)
(94.284488 0.01179593 -5.0842512e-18)
(94.287273 0.0074324883 2.9374663e-22)
(94.290619 0.0040562503 0)
(94.294075 0.0017418578 6.2577203e-19)
(94.297095 0.00052198283 1.3864999e-19)
(94.299218 6.8191235e-05 6.9244223e-20)
(94.356426 -0.0049745619 -7.8911892e-21)
(94.355114 -0.0062176765 -7.579332e-21)
(94.353627 -0.0079171676 7.2793689e-21)
(94.351749 -0.010186702 -1.432444e-17)
(94.349374 -0.013093615 2.74921e-17)
(94.347457 -0.016659102 -2.6406119e-17)
(94.347862 -0.020620887 1.2677884e-17)
(94.350526 -0.025741114 1.1887827e-20)
(94.340835 -0.031175736 0)
(94.317479 -0.0090621146 2.2460916e-17)
)
;
    }
    Airfoil
    {
        type            noSlip;
    }
    Outlet
    {
        type            inletOutlet;
        inletValue      nonuniform List<vector> 0();
        value           nonuniform List<vector> 0();
    }
    procBoundary7to0
    {
        type            processor;
        value           nonuniform List<vector> 
69
(
(101.19845 37.503766 1.5870062e-17)
(98.366891 40.631057 -9.1831698e-18)
(95.058641 43.10515 -2.1300427e-17)
(91.052552 44.816408 6.119789e-17)
(83.924136 28.146168 -4.8254151e-17)
(83.924136 28.146168 -4.8254151e-17)
(80.471471 28.287111 -6.7274109e-18)
(77.208976 27.89505 0)
(74.166993 27.062413 7.9630843e-18)
(77.377545 20.362691 0)
(77.377545 20.362691 0)
(75.708795 18.898587 0)
(74.20901 17.326343 9.9185688e-17)
(72.871471 15.654209 -7.0669929e-18)
(76.50685 11.144228 9.8347599e-17)
(76.50685 11.144228 9.8347599e-17)
(79.535655 7.9397827 0)
(79.535655 7.9397827 0)
(78.990517 6.6811905 2.4688632e-17)
(81.39405 4.5396901 4.3907168e-17)
(85.085551 2.5061487 0)
(81.39405 4.5396901 4.3907168e-17)
(83.335906 2.9013037 2.9109687e-17)
(88.471623 1.0909845 -1.5953281e-17)
(87.508254 1.2440566 2.9431058e-17)
(85.085551 2.5061487 0)
(86.345421 1.4243179 -6.0801976e-18)
(91.791107 0.226438 -1.2652725e-21)
(91.41949 0.25771243 -6.1059743e-18)
(90.989346 0.29320248 0)
(90.488367 0.33376647 -2.1114106e-21)
(89.902744 0.3803398 5.3395148e-18)
(88.471623 1.0909845 -1.5953281e-17)
(89.215016 0.43406537 6.4962565e-18)
(93.948973 -0.0024031828 0)
(94.134485 -0.00092708471 2.164703e-18)
(94.333881 0.00049661922 0)
(94.311027 -0.0018920255 -3.5233953e-25)
(94.266641 -0.0048961035 -3.4542035e-18)
(94.242476 -0.0062218445 -4.0376756e-18)
(94.235021 -0.0063910947 2.3602702e-18)
(94.228022 -0.0067428283 2.7599925e-18)
(94.215855 -0.0075699112 0)
(94.199974 -0.0085657113 -3.7764695e-18)
(94.182354 -0.0095159968 0)
(94.163118 -0.010423303 0)
(94.141434 -0.011369542 0)
(94.116578 -0.012423045 3.5465146e-18)
(94.088098 -0.013622205 5.7544129e-24)
(94.055569 -0.01498222 0)
(94.01844 -0.016504914 -2.8553538e-18)
(93.976034 -0.018188322 3.3496688e-18)
(93.927576 -0.020032159 -3.9315617e-18)
(93.872197 -0.022038878 0)
(93.808913 -0.024213073 -2.7127313e-18)
(93.736592 -0.026561001 3.1898318e-18)
(93.653939 -0.029090335 3.7536352e-18)
(93.559468 -0.031809963 -4.4206721e-18)
(93.451472 -0.034729814 0)
(93.327981 -0.037860771 0)
(93.18672 -0.041214626 -3.6316648e-18)
(93.025049 -0.044804045 0)
(92.839882 -0.048642557 0)
(92.627613 -0.052744362 -3.0172753e-18)
(92.383941 -0.057124629 7.1707245e-18)
(91.791107 0.226438 -1.2652725e-21)
(92.103877 -0.061797597 0)
(102.77133 34.898692 -9.7634784e-18)
(102.77133 34.898692 -9.7634784e-18)
)
;
    }
    procBoundary7to8
    {
        type            processor;
        value           nonuniform List<vector> 
50
(
(105.998 11.276679 -1.4926221e-18)
(111.32353 4.0915019 6.7387797e-19)
(108.04524 10.818492 0)
(108.20457 4.4536473 4.4799978e-18)
(106.24459 9.445952 -5.115392e-18)
(105.33791 4.5076769 -9.2884583e-19)
(104.50573 7.9638087 2.5326203e-18)
(102.98138 4.2653645 -3.0607825e-18)
(102.91322 6.3682521 2.7651074e-18)
(101.26424 3.9965086 1.2528881e-18)
(101.12728 4.7687836 -2.2589616e-18)
(100.00393 3.5814513 2.0361461e-18)
(99.632839 3.5027058 0)
(98.958021 2.9502085 1.6474761e-18)
(98.486665 2.6163108 -4.4294385e-18)
(98.019066 2.2610118 0)
(97.60672 1.9489783 -5.9135841e-18)
(97.24045 1.6702587 1.0556724e-18)
(96.906417 1.4212064 -5.6549e-18)
(96.600229 1.2010021 0)
(96.32466 1.0105597 0)
(96.077106 0.84599535 1.328531e-18)
(95.855658 0.70553737 -5.8916256e-18)
(95.658111 0.58635499 0)
(95.482629 0.48600613 -9.2326286e-19)
(95.327325 0.40204679 4.0764409e-18)
(95.19046 0.33221868 -7.1904013e-19)
(95.070322 0.27444259 3.165798e-18)
(94.965262 0.2268475 -8.3522393e-18)
(94.87369 0.18778301 6.8464838e-18)
(94.794099 0.15580989 4.2892801e-19)
(94.725096 0.1296917 0)
(94.665437 0.10837301 -2.6304598e-18)
(94.614032 0.090966922 2.8737938e-19)
(94.569945 0.076721448 -2.5087188e-19)
(94.532259 0.065037196 2.1879427e-19)
(94.496935 0.065146566 -2.5951451e-18)
(94.496935 0.065146566 -2.5951451e-18)
(94.469827 0.05569006 -3.2223121e-19)
(94.44653 0.04770399 0)
(94.426262 0.041219234 -1.6997822e-18)
(94.410189 0.03516686 -1.8949172e-18)
(94.395873 0.031334855 -9.1212564e-20)
(94.38649 0.024935929 7.8973713e-20)
(94.371659 0.025683345 0)
(94.36642 0.013750469 -5.6137231e-18)
(94.355712 0.022159157 -5.1069696e-20)
(94.358014 -0.0008916439 -2.8232671e-18)
(94.371034 0.015533668 2.4183574e-18)
(94.415239 -0.0081306844 6.3261534e-18)
)
;
    }
}


// ************************************************************************* //
