/*--------------------------------*- C++ -*----------------------------------*\
| =========                 |                                                 |
| \\      /  F ield         | OpenFOAM: The Open Source CFD Toolbox           |
|  \\    /   O peration     | Version:  2506                                  |
|   \\  /    A nd           | Website:  www.openfoam.com                      |
|    \\/     M anipulation  |                                                 |
\*---------------------------------------------------------------------------*/
FoamFile
{
    version     2.0;
    format      ascii;
    arch        "LSB;label=32;scalar=64";
    class       volVectorField;
    location    "1.55";
    object      U;
}
// * * * * * * * * * * * * * * * * * * * * * * * * * * * * * * * * * * * * * //

dimensions      [0 1 -1 0 0 0 0];

internalField   nonuniform List<vector> 
1376
(
(65.097487 -11.604057 2.4276126e-17)
(85.207834 -7.8173143 -5.9253221e-17)
(86.964826 -11.933998 5.5379396e-17)
(88.882506 -8.0857667 -2.5523323e-17)
(89.348048 -8.3083524 0)
(90.034421 -7.3912902 -1.0928984e-17)
(90.62013 -6.1697368 0)
(91.128848 -5.7781829 1.0245624e-20)
(91.600773 -4.976469 -1.7350153e-17)
(92.023471 -4.6054701 -8.025348e-18)
(92.390464 -3.9150652 -1.2678373e-21)
(92.690913 -3.8339046 0)
(93.05643 -2.4351958 0)
(93.320569 -2.9955285 0)
(93.551619 -2.472722 0)
(93.736078 -2.076493 0)
(93.890502 -1.9065399 9.4069925e-18)
(94.028309 -1.7740219 3.5754235e-21)
(94.142386 -1.675114 1.6173559e-17)
(94.252914 -1.6665348 2.2366128e-17)
(94.357823 -1.401731 -6.8627174e-18)
(94.434639 -1.3063655 3.1737398e-17)
(94.494955 -1.1107161 -5.8737718e-18)
(94.525846 -0.90824709 1.1461232e-22)
(94.5297 -0.78679776 5.0680536e-18)
(94.539634 -0.69447427 0)
(94.547439 -0.61245571 3.4759266e-17)
(76.099456 -4.9778616 -3.0933568e-17)
(89.470824 -10.903591 4.0845645e-17)
(90.471892 -4.2578503 0)
(90.975568 -7.0952371 0)
(91.248716 -4.7850919 0)
(91.530265 -5.1087129 -1.1936331e-17)
(91.799048 -4.5864455 0)
(92.111724 -4.6126842 3.0763034e-17)
(92.407445 -4.1662866 -3.7973811e-17)
(92.697034 -4.1282851 2.6384188e-17)
(92.960093 -3.7417651 0)
(93.237718 -3.5167091 -1.5047857e-17)
(93.448114 -3.6413933 1.3939585e-17)
(93.646464 -3.0825637 1.2900518e-17)
(93.811694 -2.8814564 1.1936901e-17)
(93.95972 -2.6483298 2.2094966e-17)
(94.102894 -2.4624664 2.0416868e-17)
(94.242293 -2.2273542 -9.4270071e-18)
(94.36178 -1.9709081 7.9326219e-22)
(94.457558 -1.6960478 4.8670861e-22)
(94.520266 -1.4920745 3.947146e-22)
(94.570966 -1.2531931 -2.7631042e-17)
(94.596731 -1.0693935 3.2005025e-17)
(94.598828 -0.98954225 0)
(94.599071 -0.87436025 -5.4621438e-18)
(94.599748 -0.73975616 -3.533455e-17)
(94.597701 -0.6508685 -3.7280363e-17)
(94.594574 -0.53618221 0)
(94.574734 -0.4651136 6.3650596e-17)
(79.286451 -11.277928 0)
(92.098033 -9.9018498 -2.6072804e-17)
(91.838801 -11.914002 6.4112957e-17)
(92.456587 -9.9545631 -6.6709429e-17)
(92.320027 -9.9228329 3.4264802e-17)
(92.595016 -9.3475843 5.0789387e-17)
(92.791724 -8.0810093 1.1737443e-17)
(93.005743 -7.6820537 -1.0883539e-17)
(93.214581 -6.620088 -2.0116173e-17)
(93.4141 -6.1637209 3.3632819e-21)
(93.585881 -5.2005079 5.1718236e-17)
(93.716755 -4.8740163 -1.5964512e-17)
(93.899767 -4.0878455 0)
(94.072792 -3.6347967 0)
(94.198428 -3.1797672 -2.5196932e-17)
(94.303344 -2.9677082 -1.1646128e-17)
(94.418968 -2.5337125 -4.3064339e-17)
(94.503322 -2.1705713 2.9893904e-17)
(94.575107 -1.8972583 2.7640926e-17)
(94.616374 -1.5997336 3.4107111e-17)
(94.646732 -1.446524 -7.8788834e-18)
(94.68476 -1.2955479 5.8203249e-17)
(94.693882 -1.1717989 -2.0130909e-17)
(94.687912 -1.0166642 -6.1869808e-18)
(94.681788 -0.87588395 3.9980709e-17)
(94.667793 -0.73120063 4.7459697e-17)
(94.648101 -0.63006 -2.4377901e-18)
(94.634043 -0.5438023 4.4974113e-18)
(94.607927 -0.45391708 -2.0721113e-18)
(94.574518 -0.39606253 -1.9139395e-18)
(82.349276 -5.6416356 -1.9996229e-17)
(93.862174 -11.471571 3.6654232e-17)
(94.148532 -6.6465829 -8.422034e-18)
(94.249194 -8.528757 -1.559933e-17)
(94.125228 -6.2397124 7.2012133e-18)
(94.163241 -6.4926607 -1.0425343e-20)
(94.121455 -5.6432677 -1.2349663e-17)
(94.193309 -5.5637999 -1.1418352e-17)
(94.223324 -4.9702336 2.1111704e-17)
(94.301016 -4.877794 0)
(94.347847 -4.3217802 9.0527867e-18)
(94.390909 -4.1421343 -8.3836426e-18)
(94.45549 -3.655687 -1.5491617e-17)
(94.527206 -3.7063537 0)
(94.617185 -3.2415379 -3.3075338e-17)
(94.666036 -2.7361847 6.1190983e-18)
(94.704642 -2.4152691 -5.6559159e-18)
(94.732873 -2.2134851 2.613635e-17)
(94.762438 -1.9338368 -1.4493391e-17)
(94.777338 -1.8591924 -3.5663631e-17)
(94.800164 -1.6162159 8.0509199e-24)
(94.819345 -1.4040398 -3.7879773e-18)
(94.808737 -1.1841213 0)
(94.780538 -0.99330592 -4.8408606e-17)
(94.758709 -0.86193355 -5.0574215e-17)
(94.73 -0.75964575 2.7412709e-18)
(94.696558 -0.63787883 3.7946429e-17)
(94.671596 -0.5510261 0)
(94.639617 -0.47444968 6.8565803e-17)
(94.598809 -0.38757907 -1.2624385e-16)
(94.562461 -0.32984091 -1.8197906e-18)
(84.489499 -10.932845 2.1046726e-17)
(95.87373 -10.051575 -2.8921169e-17)
(95.361975 -10.270202 8.8721244e-18)
(95.573764 -10.146764 -8.2144285e-18)
(95.219126 -9.0895283 -1.5162006e-17)
(95.128761 -9.3297694 1.4037262e-17)
(94.98754 -8.0130305 -1.2985498e-17)
(95.016795 -7.9832422 -1.1982182e-17)
(94.982095 -6.8906312 -1.1111452e-17)
(94.995959 -6.5355285 -1.0277208e-17)
(94.989651 -5.6912977 -9.5162273e-18)
(95.007431 -5.2292947 -8.7732954e-18)
(95.003929 -4.456837 1.6229754e-17)
(95.011146 -3.7182892 -7.4919137e-18)
(94.999091 -3.3302161 4.1504727e-17)
(94.990815 -3.1852858 -6.3900604e-18)
(94.998193 -2.7948405 -1.7680421e-17)
(95.002319 -2.4559071 -4.3444666e-17)
(94.989607 -2.1549731 1.5035756e-17)
(94.976646 -1.7911828 0)
(94.963435 -1.5318778 4.2743389e-18)
(94.949987 -1.3114897 -6.6864599e-17)
(94.912388 -1.1657507 -2.9011514e-17)
(94.864627 -1.0166654 8.0355659e-17)
(94.829927 -0.86109864 4.6212821e-17)
(94.789351 -0.75740404 4.8153285e-17)
(94.747808 -0.65818275 -4.1703836e-17)
(94.711491 -0.53907519 -3.837006e-17)
(94.669949 -0.46363768 -1.3881938e-16)
(94.621755 -0.39695492 6.2790577e-17)
(94.582125 -0.34192626 -1.8631041e-18)
(94.563436 -0.27506074 5.6366591e-17)
(94.535439 -0.24469308 5.0046675e-17)
(86.492587 -4.9524114 -4.4106927e-17)
(97.209592 -10.827315 2.0165999e-17)
(96.802734 -7.0508659 0)
(97.023306 -8.6440128 -8.5666981e-18)
(96.563119 -6.6096234 7.9276771e-18)
(96.436071 -7.1206005 0)
(96.149196 -5.9324195 0)
(96.129506 -6.0480748 1.2523903e-17)
(95.943303 -5.3037645 1.330061e-20)
(95.862227 -5.2347298 -1.0704092e-17)
(95.745791 -4.6468673 -9.3247059e-21)
(95.737557 -4.5289623 1.8216664e-17)
(95.616579 -3.9104275 -8.4128879e-18)
(95.46502 -3.9231055 0)
(95.387859 -3.425861 0)
(95.360275 -2.9788037 0)
(95.315173 -2.6228224 2.4464564e-17)
(95.277998 -2.2851017 2.255586e-17)
(95.217224 -1.9725965 5.1935025e-18)
(95.163807 -1.7896443 3.3568215e-17)
(95.11184 -1.5330576 -3.5416944e-17)
(95.063789 -1.3396474 3.2621122e-17)
(95.017446 -1.1702812 2.9905273e-17)
(94.95748 -1.0172794 -2.7534544e-17)
(94.901795 -0.84827722 -1.0150058e-16)
(94.846397 -0.73865284 -4.6640798e-17)
(94.798581 -0.63169317 -2.6750897e-18)
(94.751668 -0.5330019 4.418676e-17)
(94.698971 -0.45131968 6.7634143e-17)
(94.644081 -0.3933038 2.070112e-18)
(94.604192 -0.33929591 0)
(94.580973 -0.26879631 -5.5530431e-17)
(94.54765 -0.23901882 5.0811836e-17)
(94.519045 -0.19339457 0)
(88.131582 -11.152373 0)
(98.766068 -9.4208471 -1.0492724e-17)
(97.553875 -9.1245274 -1.9442049e-17)
(98.043091 -9.6877407 8.9184572e-18)
(97.344146 -8.1532988 2.4846459e-17)
(97.268416 -8.8526719 7.6394564e-18)
(96.949171 -7.379525 -1.4128073e-17)
(96.890811 -7.4717048 -1.3038183e-17)
(96.649782 -6.4436367 1.2048501e-17)
(96.558182 -6.1782202 1.1119795e-17)
(96.366907 -5.3698899 3.0790529e-17)
(96.355825 -5.0436234 -5.6578225e-17)
(96.173698 -4.4425669 1.7412473e-17)
(95.956356 -3.7471342 1.6157957e-17)
(95.785255 -3.230548 -7.4700042e-18)
(95.706038 -2.945965 -3.4349834e-17)
(95.610971 -2.6597635 3.7925875e-17)
(95.524218 -2.3817995 -1.1657313e-17)
(95.427768 -2.1004803 -1.6122167e-17)
(95.361371 -1.8413344 -9.2197122e-21)
(95.280865 -1.580717 7.7291075e-21)
(95.18243 -1.3435418 0)
(95.117759 -1.1527378 3.4672967e-17)
(95.052863 -1.0181479 -3.5253207e-18)
(94.976616 -0.85055038 5.3558091e-21)
(94.902427 -0.72972159 -2.9862676e-18)
(94.846512 -0.62388988 2.7361853e-18)
(94.790748 -0.52790687 0)
(94.727789 -0.44755609 0)
(94.667222 -0.37947096 -6.9505147e-17)
(94.627499 -0.33169356 -1.0241254e-22)
(94.598905 -0.25962822 -5.4424459e-17)
(94.559502 -0.23073916 0)
(94.527908 -0.19148971 0)
(94.512462 -0.16801931 8.5299925e-17)
(89.920898 -3.5522861 0)
(99.828408 -10.363258 3.2584954e-17)
(98.687332 -6.356801 -2.0172893e-17)
(99.112964 -8.5159556 0)
(98.323185 -6.3116113 -1.7181337e-17)
(98.32019 -7.20394 -4.6215452e-21)
(97.932648 -5.7240997 2.9279826e-17)
(97.760582 -6.1053935 -1.3539567e-17)
(97.440994 -5.1596839 0)
(97.302016 -5.2163799 -1.1534846e-17)
(96.979501 -4.4809819 -1.0680633e-17)
(96.872537 -4.4900878 3.9292812e-17)
(96.698067 -4.0010512 1.7993831e-17)
(96.476259 -4.0383997 0)
(96.217146 -3.4891689 0)
(96.048726 -3.023066 2.8403251e-17)
(95.90763 -2.6113402 -2.6112603e-17)
(95.776897 -2.3327143 0)
(95.641597 -1.9917671 0)
(95.547768 -1.7451437 -3.5595864e-17)
(95.46022 -1.5052239 3.2518634e-17)
(95.322241 -1.2867703 3.4334072e-17)
(95.205133 -1.0803624 -5.9531564e-17)
(95.133737 -0.96789099 -3.6223278e-18)
(95.053031 -0.83818692 4.96807e-17)
(94.962214 -0.70471744 6.0891192e-18)
(94.894023 -0.5912031 -2.7890703e-18)
(94.826649 -0.50064375 -3.8276152e-17)
(94.756108 -0.43272355 7.2336487e-17)
(94.692185 -0.36501563 2.1372439e-18)
(94.650864 -0.32299038 -1.9457402e-18)
(94.616297 -0.26104962 1.234237e-21)
(94.571805 -0.22221057 5.1753178e-17)
(94.536898 -0.18678698 -9.277337e-17)
(94.517949 -0.15952802 -8.6953918e-17)
(94.484382 -0.15873388 -7.8040525e-17)
(91.029104 -11.624061 -1.8923458e-17)
(101.02878 -9.3774849 3.4527166e-17)
(99.622159 -7.9511724 1.0536188e-17)
(99.871618 -9.4887869 -1.9542558e-17)
(99.197531 -6.9682433 -3.5614216e-21)
(99.135428 -8.3320336 1.6604905e-17)
(98.753164 -6.4252669 -1.5315968e-17)
(98.480818 -7.038072 -2.1243182e-17)
(98.104311 -5.7226127 1.9604431e-17)
(97.919609 -5.862457 0)
(97.506816 -4.8429426 0)
(97.239576 -4.6623528 -2.0734236e-17)
(97.052149 -3.9800134 -3.8117415e-17)
(96.959568 -3.6271909 4.3304856e-18)
(96.707047 -3.1395161 -3.9759678e-18)
(96.420331 -2.8314492 -3.6855396e-18)
(96.186067 -2.430848 2.7243977e-17)
(96.017582 -2.1972052 -8.282776e-22)
(95.858408 -1.9001971 2.5841975e-17)
(95.697826 -1.6739458 4.2438546e-17)
(95.597539 -1.4811986 0)
(95.480115 -1.2933271 -3.5232212e-17)
(95.311469 -1.0699548 6.735685e-17)
(95.202091 -0.93485943 -1.8785231e-18)
(95.120941 -0.81573726 -5.469328e-17)
(95.024066 -0.70384377 0)
(94.942127 -0.57274629 1.4298961e-18)
(94.860711 -0.48668933 -2.6135886e-18)
(94.783468 -0.43171238 -7.5241363e-17)
(94.719205 -0.35261143 1.3923707e-16)
(94.67373 -0.29307346 6.3349094e-17)
(94.632252 -0.24956258 1.1721053e-21)
(94.584319 -0.20960009 -5.2379612e-17)
(94.545993 -0.1814199 9.5166301e-17)
(94.523104 -0.15189856 6.7488123e-19)
(94.488881 -0.1551042 7.7753787e-17)
(92.2685 0.51255197 6.5804645e-18)
(101.38036 -11.076954 -6.0337228e-18)
(100.779 -4.8642445 -2.1892536e-17)
(100.66605 -8.4659878 2.0282228e-17)
(100.15494 -5.5220068 0)
(100.03604 -7.0843979 0)
(99.564909 -5.3350144 0)
(99.319836 -6.0221054 2.9230782e-17)
(98.824841 -4.7461508 -1.3502453e-17)
(98.597476 -5.1692335 1.2429666e-17)
(98.194853 -4.1162206 1.7140129e-17)
(97.78409 -4.2322026 2.9128967e-21)
(97.38152 -3.5511266 -9.8371509e-18)
(97.246921 -3.557089 4.5238838e-18)
(97.065841 -3.0788805 0)
(96.78514 -2.8432111 0)
(96.469253 -2.4330318 -2.7901835e-17)
(96.236673 -2.1715678 2.5719357e-17)
(96.091334 -1.8540604 -2.3440988e-17)
(95.869098 -1.5891618 -4.5964896e-17)
(95.691175 -1.4203005 2.5023417e-18)
(95.597904 -1.2681079 -3.8444633e-17)
(95.449129 -1.0449278 2.0547066e-18)
(95.282431 -0.87028249 0)
(95.177476 -0.77865728 5.5897816e-17)
(95.081465 -0.65861254 -5.0840875e-17)
(94.988872 -0.56135871 -4.7804991e-17)
(94.895762 -0.45487632 4.3643728e-17)
(94.811268 -0.40107667 0)
(94.746361 -0.34558389 -7.0193168e-17)
(94.695727 -0.28060172 -6.3711857e-17)
(94.647076 -0.24010003 1.1592715e-16)
(94.59638 -0.19951929 0)
(94.555055 -0.17579352 7.4359776e-19)
(94.528266 -0.14360072 -8.762156e-17)
(94.494061 -0.14833524 1.2186961e-18)
(94.470165 -0.1170754 -5.1585019e-22)
(93.12923 -13.291521 -2.384814e-21)
(102.6593 -7.8650979 -3.1127158e-17)
(101.22983 -7.2044126 1.1440037e-17)
(101.4426 -8.4121206 -2.094587e-17)
(100.78768 -5.9581081 -9.6883453e-18)
(100.69232 -7.3654003 1.7829022e-17)
(100.08303 -5.6020617 -8.260341e-18)
(99.902935 -6.3796201 -2.276721e-17)
(99.33034 -4.96266 -3.8533131e-21)
(99.090562 -5.3950283 6.4452346e-18)
(98.742734 -4.2287457 -2.3645133e-17)
(98.462039 -4.2556395 2.1454067e-17)
(97.945596 -3.2900203 1.9862434e-17)
(97.515499 -3.2069945 -4.6608898e-18)
(97.2751 -2.7791738 4.2919957e-18)
(97.061116 -2.6075506 3.8856491e-18)
(96.781711 -2.2239966 -3.5458172e-18)
(96.459184 -2.0088159 -2.6336692e-17)
(96.284893 -1.7451944 3.0100872e-18)
(96.083059 -1.4710173 1.9135307e-17)
(95.810317 -1.216387 4.0649941e-17)
(95.660026 -1.1941377 5.460399e-21)
(95.555295 -1.0321006 -6.734045e-17)
(95.386002 -0.8315055 -1.9201405e-18)
(95.237765 -0.72256658 5.6631781e-17)
(95.132536 -0.61978976 1.6164753e-18)
(95.031158 -0.52890053 9.2445469e-17)
(94.930065 -0.45593381 -1.5699632e-22)
(94.841061 -0.37870022 1.2160395e-18)
(94.772931 -0.3327444 0)
(94.716247 -0.26751715 9.9920937e-19)
(94.661761 -0.22494256 -1.1713701e-16)
(94.607665 -0.18301811 -5.258597e-17)
(94.563736 -0.16972993 0)
(94.533859 -0.13702347 8.5118456e-17)
(94.499886 -0.13805595 -7.6814442e-17)
(94.475061 -0.11100026 -6.9637348e-17)
(94.453815 -0.10402582 1.2512414e-16)
(94.56488 5.1861028 1.4165953e-17)
(103.42917 -9.502766 -6.3099645e-18)
(102.14851 -2.6956313 2.355625e-17)
(102.35082 -7.1825384 -1.0760945e-17)
(101.57449 -4.2690667 9.9636169e-18)
(101.42114 -6.1634084 0)
(100.72666 -4.0520273 0)
(100.49168 -5.2980984 0)
(99.862152 -3.8034778 0)
(99.578138 -4.5731902 -1.3348031e-17)
(99.114185 -3.6129191 1.232355e-17)
(98.857021 -3.9691045 -9.1911272e-21)
(98.502203 -3.1150935 4.9992706e-18)
(98.05378 -3.0207951 3.0234548e-21)
(97.517683 -2.5006938 -4.3935143e-18)
(97.22025 -2.4765961 1.2154133e-17)
(97.02274 -2.1144008 3.6523738e-18)
(96.711066 -1.8268099 0)
(96.426249 -1.6691932 0)
(96.240862 -1.5052481 -2.5289568e-17)
(96.006216 -1.1594019 -3.8230952e-17)
(95.740474 -0.98792774 3.7984205e-17)
(95.608614 -0.99071194 3.4833753e-17)
(95.471727 -0.80992846 -3.1294785e-17)
(95.310826 -0.67917526 -2.853537e-17)
(95.183777 -0.56733996 3.2883426e-21)
(95.069313 -0.48563504 -4.6044658e-17)
(94.961754 -0.43324224 4.1819186e-17)
(94.871801 -0.35340219 -3.916431e-17)
(94.798552 -0.30012337 0)
(94.734189 -0.25880426 -1.002993e-18)
(94.676659 -0.21800431 9.096692e-19)
(94.618507 -0.16458207 8.2281997e-19)
(94.57225 -0.15646308 -7.4201119e-19)
(94.539796 -0.13094275 0)
(94.506224 -0.12525705 7.6710918e-17)
(94.479645 -0.10514066 6.8459113e-17)
(94.458141 -0.095424012 4.8190515e-19)
(94.433107 -0.088397241 1.108929e-16)
(95.227875 -15.097439 -2.2066789e-17)
(105.07657 -8.14797 1.9104168e-17)
(102.73989 -7.1837942 1.2270715e-17)
(102.93475 -8.5784841 4.2476942e-21)
(102.26266 -4.6162579 -2.0906713e-17)
(102.03716 -6.8960849 6.0103646e-21)
(101.42778 -4.2031579 -8.8531507e-18)
(101.10638 -5.5485967 0)
(100.4598 -3.6796494 0)
(100.17432 -4.378495 -1.3832233e-17)
(99.537319 -3.0706049 6.3794392e-18)
(99.026836 -3.7046782 -5.987874e-18)
(98.671656 -3.1470359 -5.4182729e-18)
(98.510087 -2.930742 4.7836502e-18)
(97.999799 -2.2530346 1.334604e-17)
(97.43721 -2.1050801 -1.674738e-17)
(97.163836 -1.9611451 3.8505697e-18)
(96.944336 -1.6556501 0)
(96.593269 -1.3770116 0)
(96.324833 -1.4007338 0)
(96.150864 -1.2036969 0)
(95.900097 -0.86778673 -3.5842892e-17)
(95.669336 -0.77760252 -2.2269908e-18)
(95.519008 -0.75473266 3.2542776e-17)
(95.373846 -0.6226093 -2.9267382e-17)
(95.236169 -0.53108455 5.3087247e-17)
(95.106748 -0.44524368 4.6841136e-17)
(94.991179 -0.40673292 -4.2557339e-17)
(94.901069 -0.34425752 7.9469853e-17)
(94.82254 -0.2819939 0)
(94.749692 -0.23604491 -6.3916271e-17)
(94.691431 -0.21454181 1.1614847e-16)
(94.629734 -0.15329967 5.2883309e-17)
(94.581475 -0.13363788 -4.7576743e-17)
(94.545139 -0.12417283 -6.6408877e-19)
(94.512486 -0.112762 -7.5209416e-17)
(94.484453 -0.09909372 -6.9543512e-17)
(94.461938 -0.08358679 -6.0272183e-17)
(94.435665 -0.084781468 -4.2876928e-19)
(94.422576 -0.077458448 3.7956366e-19)
(97.155181 5.8834122 -7.4592539e-18)
(105.17795 -9.7149614 0)
(103.71899 -0.48333551 0)
(103.63991 -6.0724978 -2.3691196e-17)
(102.82021 -3.6875371 1.0868997e-17)
(102.8051 -5.617639 8.6148235e-21)
(102.061 -3.5477741 0)
(101.79327 -4.8087337 4.1922577e-18)
(101.10611 -2.9977925 -3.8561006e-18)
(100.75514 -3.7659662 2.4865079e-17)
(100.10293 -2.4994554 -9.7078618e-18)
(99.481478 -2.6509653 -1.4986462e-17)
(98.722645 -2.4788071 5.7082767e-18)
(98.634658 -2.8292331 -2.5517656e-18)
(98.365195 -2.1521795 -1.5542443e-17)
(97.828958 -1.869207 -2.091079e-18)
(97.332287 -1.6142567 0)
(97.090259 -1.5367182 0)
(96.796713 -1.2118513 1.6101057e-18)
(96.433674 -1.0085034 -2.5334281e-17)
(96.207323 -1.1302384 0)
(96.007806 -0.94607267 3.8993691e-17)
(95.78618 -0.67547075 0)
(95.570999 -0.61570582 0)
(95.415788 -0.55992779 -1.8633968e-18)
(95.278827 -0.48404044 1.6776165e-18)
(95.142871 -0.41471729 -4.8534712e-17)
(95.020422 -0.36865983 4.4056059e-17)
(94.928215 -0.31559181 -1.5809797e-21)
(94.844607 -0.26522661 0)
(94.763563 -0.21016262 6.608306e-17)
(94.705156 -0.19750316 -5.9254626e-17)
(94.641876 -0.15081687 0)
(94.591749 -0.10679332 9.4238171e-17)
(94.549267 -0.11446383 -8.4408768e-17)
(94.518047 -0.099237232 7.5591865e-17)
(94.489189 -0.0927637 0)
(94.465308 -0.074714324 -6.0215308e-17)
(94.438804 -0.077157671 5.3631381e-17)
(94.425944 -0.066590145 1.8649743e-19)
(94.408187 -0.059286068 0)
(98.612088 -5.2345833 7.361089e-18)
(104.81853 -6.9996639 -6.7909991e-18)
(104.0227 -5.7562024 6.615271e-18)
(104.32039 -6.9165365 6.0711792e-18)
(103.31107 -3.671398 0)
(103.50371 -5.4404119 1.0180674e-17)
(102.50909 -3.0778235 -4.7330134e-18)
(102.28243 -4.5996501 8.6975413e-18)
(101.61656 -2.7428341 -3.9566727e-18)
(101.1583 -3.6822397 -1.4551738e-17)
(100.40609 -2.6478373 6.1101496e-21)
(99.999446 -2.9960874 -3.8831547e-21)
(99.274856 -1.4226197 -1.9629472e-17)
(98.688935 -2.0690961 1.8682765e-17)
(98.449054 -1.9522927 2.2470395e-18)
(98.115365 -1.841354 1.1109077e-21)
(97.636617 -1.369789 1.2100595e-21)
(97.216572 -1.3057122 -1.8243278e-18)
(96.937934 -1.1969734 2.6415148e-17)
(96.622607 -0.85551287 2.3785436e-17)
(96.274274 -0.68895839 1.3845839e-18)
(96.040119 -0.89697409 -4.3172561e-17)
(95.865928 -0.7178594 -3.4838582e-17)
(95.657115 -0.53943106 0)
(95.460083 -0.46415033 2.9940688e-17)
(95.308971 -0.43001276 0)
(95.171738 -0.38137514 0)
(95.047797 -0.34230915 -4.489231e-17)
(94.953014 -0.28460567 -3.9225827e-17)
(94.864768 -0.25600865 0)
(94.777184 -0.19170535 -6.4575078e-17)
(94.717264 -0.16888198 4.6229781e-23)
(94.654177 -0.15112844 -5.2494201e-17)
(94.601979 -0.087641625 -9.3248156e-17)
(94.552686 -0.10313471 1.6739692e-16)
(94.522919 -0.085311569 -7.4369066e-17)
(94.493148 -0.08333375 -6.6770314e-17)
(94.46839 -0.072400334 5.9135628e-17)
(94.442075 -0.064744624 -1.9222266e-22)
(94.428252 -0.062882708 0)
(94.411215 -0.054582234 0)
(94.395123 -0.048573005 7.324778e-17)
(98.173646 -2.8088166 -7.8566353e-18)
(106.89507 -6.6814962 7.5881082e-21)
(104.68585 -0.24089607 1.3766193e-17)
(105.22236 -4.8964223 -6.2398183e-18)
(104.0233 -1.6098212 1.1507291e-17)
(104.08469 -4.2522118 0)
(102.96822 -1.743453 4.8736006e-18)
(102.68545 -3.6260102 -1.3558938e-17)
(101.9694 -1.8053153 1.6594214e-17)
(101.53402 -2.9536028 0)
(100.62485 -1.6583237 1.4092302e-17)
(100.21747 -2.8632495 -1.2901416e-17)
(99.843483 -1.7337424 2.2706971e-17)
(99.087124 -1.3817314 -4.2198884e-17)
(98.432542 -1.6154903 -1.9025325e-17)
(98.212097 -1.7014386 0)
(97.869457 -1.3002376 1.9884441e-18)
(97.413598 -0.97187588 2.5664841e-17)
(97.029407 -0.98971102 -2.545657e-17)
(96.746276 -0.9079892 1.5226429e-18)
(96.415006 -0.57783622 -1.3824472e-18)
(96.080221 -0.47863581 4.1180505e-17)
(95.889685 -0.66052597 2.1842018e-21)
(95.714233 -0.53387249 0)
(95.517038 -0.41098896 -2.8945e-17)
(95.340889 -0.35983091 -8.5558761e-19)
(95.193261 -0.33209735 0)
(95.070273 -0.31168416 0)
(94.974332 -0.25354117 0)
(94.882113 -0.23503032 0)
(94.79311 -0.18055036 1.2931805e-16)
(94.728019 -0.13630698 4.5322439e-19)
(94.665013 -0.13992124 5.1799958e-17)
(94.610618 -0.079517501 9.2637001e-17)
(94.556062 -0.090660178 -8.2612216e-17)
(94.527598 -0.075766912 7.2965522e-17)
(94.496281 -0.069006966 6.6127834e-17)
(94.470876 -0.069111798 0)
(94.445558 -0.058845288 -5.1630347e-17)
(94.43074 -0.054353164 0)
(94.413514 -0.053331527 8.1089544e-17)
(94.398016 -0.044428268 1.3958041e-19)
(94.39045 -0.042199717 -6.3096153e-17)
(99.915589 -1.5415447 4.0561273e-21)
(107.3282 -6.8337225 -3.9695098e-18)
(105.11724 -3.0457092 0)
(105.74682 -5.6704639 -6.6032403e-18)
(104.66732 -1.368056 -1.1752688e-17)
(104.41869 -4.4699005 0)
(103.34281 -1.4168261 0)
(103.12362 -3.4912331 4.7796309e-21)
(102.2077 -1.2583418 -1.7385701e-17)
(101.72343 -2.9066613 1.5844695e-17)
(101.03276 -0.97375233 3.5677481e-18)
(100.41726 -1.8318166 -3.3227449e-18)
(100.0106 -1.5498139 0)
(99.424679 -1.5744059 2.4248123e-17)
(98.757153 -0.63368202 1.7483903e-17)
(98.259808 -0.90224942 2.3533012e-18)
(97.937772 -1.1543718 -4.2249777e-18)
(97.578576 -0.87473659 -3.6596099e-21)
(97.139431 -0.65440838 3.4366049e-18)
(96.79703 -0.76300916 -2.6885129e-17)
(96.507461 -0.69499146 -1.4217693e-18)
(96.187364 -0.40032621 1.2847952e-18)
(95.919323 -0.33061838 3.288276e-21)
(95.731641 -0.47324361 1.0774954e-18)
(95.554833 -0.39846467 -9.5320705e-19)
(95.380108 -0.32191078 0)
(95.216247 -0.28038221 0)
(95.090574 -0.26285794 -4.5042995e-17)
(94.991388 -0.22125543 0)
(94.89539 -0.21267879 5.6418027e-19)
(94.812338 -0.17030363 -3.278153e-17)
(94.737833 -0.11477672 5.8380806e-17)
(94.673961 -0.11954139 3.3541445e-23)
(94.617439 -0.077792437 -4.6451988e-17)
(94.55947 -0.077193634 4.1192615e-17)
(94.531775 -0.071958192 -7.2568035e-17)
(94.49937 -0.054146633 6.4960008e-17)
(94.472879 -0.059792238 -5.7833243e-17)
(94.448855 -0.058612922 1.9793409e-19)
(94.434224 -0.040208061 -4.4656526e-17)
(94.415224 -0.043571803 -7.9788235e-17)
(94.40021 -0.040570602 -6.9542996e-17)
(94.39204 -0.042642006 6.1435343e-17)
(94.38043 -0.027165106 -1.5757098e-19)
(100.51189 2.303434 4.529886e-18)
(107.67461 -4.81978 4.0960672e-18)
(105.73628 0.83419667 1.1077833e-17)
(106.26776 -4.209565 6.7587061e-18)
(105.04327 -0.50522044 0)
(104.81937 -3.6060356 -8.4156696e-18)
(103.60061 -0.67071206 -2.6643566e-18)
(103.53199 -3.0631967 -2.3718742e-18)
(102.56457 -0.33521342 2.178e-18)
(101.79902 -2.4936164 -3.3474557e-17)
(101.3551 -0.99919095 0)
(100.81103 -1.3593896 0)
(100.08248 -0.59720084 0)
(99.54086 -1.4968793 0)
(99.04757 -0.81002602 2.0278809e-17)
(98.42755 -0.51722739 0)
(97.979793 -0.55136317 -1.7225467e-17)
(97.640651 -0.73278178 -6.2804968e-17)
(97.234037 -0.55818941 -4.2265443e-22)
(96.845886 -0.46535146 2.5589018e-17)
(96.553246 -0.54781766 7.224981e-19)
(96.263371 -0.50056531 0)
(95.990727 -0.29146809 2.139104e-21)
(95.752858 -0.23756316 3.4000765e-17)
(95.569751 -0.33718531 -3.0248691e-17)
(95.406885 -0.29838985 -4.2972376e-19)
(95.242164 -0.24923737 -3.8693983e-19)
(95.114408 -0.21595486 4.5007511e-17)
(95.006561 -0.17588346 0)
(94.905702 -0.18206216 -3.6149522e-17)
(94.830209 -0.14574133 -3.2157329e-17)
(94.747147 -0.10657495 -1.1420911e-16)
(94.6813 -0.095852194 -5.0964869e-17)
(94.623653 -0.078506275 -3.5467397e-19)
(94.562916 -0.061354048 -8.1139227e-17)
(94.5345 -0.06481199 7.2154476e-17)
(94.503461 -0.051778386 -2.4726245e-19)
(94.475022 -0.04153892 5.6201404e-17)
(94.451122 -0.052987645 1.9451252e-19)
(94.437981 -0.035387435 8.6607815e-17)
(94.417312 -0.033939974 1.5067268e-19)
(94.402067 -0.030914957 6.7937163e-17)
(94.39362 -0.041212605 0)
(94.382023 -0.025762136 -5.2028895e-17)
(94.376037 -0.035238712 -9.1709474e-17)
(101.41132 -3.5369057 4.6966395e-18)
(108.85853 -5.1427291 -8.1743101e-18)
(106.23256 -1.3180419 -1.9644738e-21)
(106.84133 -3.9821345 3.34665e-18)
(105.1191 -0.37150724 -3.3555453e-18)
(105.17462 -3.3145844 -1.4670807e-21)
(103.94845 0.11916676 2.6942766e-18)
(103.73704 -2.6404029 9.9084336e-18)
(102.90318 -0.29839693 0)
(102.09247 -1.471545 1.6435521e-17)
(101.4881 -0.48301808 -1.9396892e-18)
(100.99394 -1.3168556 1.5389993e-17)
(100.25325 -0.22100724 -1.2596499e-17)
(99.609043 -0.68773308 1.4495137e-18)
(99.161461 -0.64845915 -2.2114604e-17)
(98.573343 -0.69713447 -1.8842798e-17)
(98.094227 -0.31266788 3.384445e-17)
(97.676723 -0.36489519 3.1031247e-17)
(97.277953 -0.44553715 2.7547621e-17)
(96.900152 -0.36928102 -2.5137816e-17)
(96.601301 -0.30265175 7.1469387e-19)
(96.304118 -0.31757065 -6.5605304e-19)
(96.03291 -0.32644552 1.4972894e-21)
(95.799377 -0.198145 -3.4203029e-17)
(95.588632 -0.1516753 6.2103961e-17)
(95.416642 -0.23857001 0)
(95.260024 -0.21547251 -2.4631611e-17)
(95.137239 -0.18103637 4.3890323e-17)
(95.023089 -0.13359142 -3.1101953e-19)
(94.915767 -0.13381686 3.6315039e-17)
(94.84186 -0.11411387 3.1475133e-17)
(94.755704 -0.09543322 5.6509977e-17)
(94.686757 -0.076182963 5.0244001e-17)
(94.629419 -0.075795439 4.4661022e-17)
(94.567368 -0.046166906 3.9883321e-17)
(94.536473 -0.045820964 3.537183e-17)
(94.507261 -0.052473877 -1.2243082e-16)
(94.477769 -0.02986217 5.4966039e-17)
(94.453241 -0.041409636 0)
(94.440458 -0.032190562 -4.1829073e-17)
(94.41965 -0.031219548 0)
(94.404011 -0.021469497 6.4521371e-20)
(94.395007 -0.027991369 -5.6585834e-20)
(94.382881 -0.022539677 1.0108805e-16)
(94.378372 -0.032392318 -4.4259146e-17)
(94.372365 -0.0040678417 -7.6846785e-17)
(101.98737 4.7735522 -7.3510663e-18)
(109.3731 -4.2045181 -8.8129635e-18)
(106.69641 2.8873051 1.9915495e-18)
(107.13619 -3.0713481 -9.1202951e-18)
(105.32691 1.7672441 -1.7119034e-18)
(105.26309 -2.8242844 1.5971715e-18)
(104.34328 0.95637504 1.2679269e-17)
(103.89701 -1.3367881 -1.129682e-17)
(103.00559 0.033994521 1.1832204e-18)
(102.46142 -1.2283639 -1.8254759e-17)
(101.6954 0.77982107 9.7007589e-19)
(101.01884 -0.85813012 -1.4147602e-17)
(100.39974 -0.034965825 2.5322489e-22)
(99.714298 -0.38043427 1.1556991e-17)
(99.245325 -0.046484666 -6.4867276e-19)
(98.647547 -0.19753003 1.9142456e-17)
(98.147311 -0.23149193 -3.3679304e-17)
(97.718518 -0.16321759 -4.7851659e-19)
(97.307483 -0.20210758 -2.8337699e-17)
(96.938597 -0.19244146 5.2388902e-17)
(96.629936 -0.22449204 3.6816664e-19)
(96.3347 -0.13952169 2.0982429e-17)
(96.05662 -0.16662625 3.8045746e-17)
(95.830953 -0.19334062 2.6780479e-19)
(95.618762 -0.089818594 -2.4109702e-19)
(95.426043 -0.098992545 2.8090412e-17)
(95.269858 -0.13602472 5.8608998e-22)
(95.149755 -0.1435369 -4.4713664e-17)
(95.038232 -0.11160116 0)
(94.928378 -0.080538209 0)
(94.848333 -0.076351943 -3.1571198e-17)
(94.760943 -0.077649918 1.1258102e-23)
(94.690829 -0.055816635 -9.6785975e-20)
(94.633277 -0.068221833 -4.4126911e-17)
(94.573729 -0.045364019 3.921443e-17)
(94.539325 -0.025361909 -6.8620175e-17)
(94.508878 -0.040832188 5.9571162e-17)
(94.480595 -0.039152896 -1.0740234e-16)
(94.456116 -0.022700486 -4.7382691e-17)
(94.44105 -0.027259366 4.0563535e-17)
(94.421416 -0.027406305 -3.6480922e-17)
(94.406255 -0.021557306 0)
(94.396615 -0.021247015 0)
(94.383426 -0.01615371 -9.7847058e-17)
(94.380297 -0.030229763 1.6292545e-23)
(94.372259 -0.002593499 1.5001714e-16)
(94.366183 -0.041234983 1.2974313e-16)
(103.2237 3.1735612 1.2740072e-18)
(109.67049 -3.378777 0)
(107.16248 2.7853428 0)
(107.13794 -2.9370463 9.1851094e-18)
(105.90476 2.6691816 -8.7575619e-19)
(105.5099 -1.2067925 1.1912443e-17)
(104.50622 1.74693 -1.0427756e-17)
(104.03154 -0.90667636 1.0062416e-17)
(103.00916 1.6516491 -1.2823872e-18)
(102.5258 -0.93392836 1.8423728e-17)
(101.98158 0.9187536 -4.8134058e-19)
(101.06118 -0.20003778 0)
(100.47811 0.44929212 1.3398894e-17)
(99.761347 0.03808669 1.3871973e-22)
(99.287238 0.081797405 -3.2610684e-19)
(98.690515 0.1570699 5.9996351e-19)
(98.161475 -0.016168661 -2.8494924e-19)
(97.725653 0.041149524 2.4307545e-19)
(97.331955 -0.076614559 -1.4353202e-17)
(96.984017 0.1091199 -2.6291399e-17)
(96.634667 -0.033193036 -1.8650998e-19)
(96.351705 -0.062797732 -2.0743251e-17)
(96.074976 -0.054351014 0)
(95.850079 -0.072985354 0)
(95.633684 -0.081451151 -3.059799e-17)
(95.443241 -0.079533486 -7.7647123e-22)
(95.285508 -0.037652155 2.5002385e-17)
(95.155618 -0.072382796 0)
(95.044805 -0.089141963 0)
(94.942587 -0.058901194 3.4877463e-17)
(94.853217 -0.025053094 3.1601331e-17)
(94.762306 -0.067676386 5.5035681e-24)
(94.694216 -0.039301471 2.4094374e-17)
(94.63593 -0.059270017 -4.3808134e-17)
(94.580496 -0.041729241 -2.2528537e-22)
(94.541669 -0.023537138 6.8046678e-17)
(94.509085 -0.025383717 2.9154411e-17)
(94.48261 -0.03851465 1.0514391e-16)
(94.458991 -0.015116488 4.6266709e-17)
(94.440898 -0.021366708 -4.9671293e-23)
(94.422867 -0.020654757 3.5721282e-17)
(94.408584 -0.016278027 0)
(94.398364 -0.018475475 0)
(94.38397 -0.0074744982 9.3826925e-17)
(94.381723 -0.025289153 4.1288827e-17)
(94.372105 -0.0011153034 -7.2764598e-17)
(94.366054 -0.041764369 -6.3023215e-17)
(94.355149 0.0030967098 5.4048411e-17)
(94.400574 -0.044840379 -1.448363e-21)
(103.67362 2.6186499 0)
(110.43479 -3.242861 0)
(107.49973 3.8667212 1.3562892e-19)
(107.43806 -1.8795144 -7.9630946e-18)
(106.34352 3.2092175 7.2383317e-18)
(105.99691 -0.93525057 0)
(104.80319 3.6351888 -1.1741081e-17)
(104.06579 -0.41921196 8.0025812e-20)
(103.17314 2.935338 -7.8290893e-20)
(102.49972 0.0089775199 0)
(102.03839 1.2860259 -6.0913974e-20)
(101.06441 0.29638598 5.639893e-20)
(100.52359 0.84827147 0)
(99.775686 0.36698384 2.8994198e-22)
(99.290056 0.43201831 0)
(98.70358 0.39384305 0)
(98.166943 0.39005668 1.8939052e-17)
(97.696682 0.35135272 1.6273679e-17)
(97.343885 0.086397302 1.4285691e-17)
(97.017175 0.15373275 0)
(96.644945 0.06798633 0)
(96.356331 0.11520565 2.1066285e-17)
(96.079889 0.04155493 -1.9409783e-17)
(95.858223 -0.014704323 0)
(95.640906 -0.046176455 -3.1460517e-17)
(95.453653 -0.058127342 1.3695654e-20)
(95.303197 -0.027892181 2.3749433e-24)
(95.16445 0.040132399 -1.0866091e-20)
(95.044981 -0.05042524 -1.958373e-17)
(94.951876 -0.045303403 -3.4091659e-17)
(94.858137 0.020587763 -1.1081244e-22)
(94.75945 -0.03632363 -2.7712156e-17)
(94.695318 -0.028291311 -2.3813442e-17)
(94.638463 -0.05141879 4.3343014e-17)
(94.587018 -0.017606841 -3.7842191e-17)
(94.542242 -0.020834285 -3.397129e-17)
(94.509009 -0.011724905 -2.9263587e-17)
(94.484085 -0.024687844 -5.1108981e-17)
(94.462157 -0.018917092 2.7164818e-21)
(94.442705 -0.0076687018 -2.4146821e-21)
(94.424298 -0.010035977 3.4717163e-17)
(94.410319 -0.0071576948 3.0083219e-17)
(94.399384 -0.015834287 -5.2261373e-17)
(94.384298 -0.0040792044 -4.5032075e-17)
(94.383079 -0.021611271 0)
(94.371891 0.0048542482 0)
(94.365685 -0.042555408 -4.6269901e-22)
(94.355045 0.0036298007 2.0528025e-22)
(94.400486 -0.04462478 -4.5885972e-17)
(103.76802 5.1836415 -5.8199822e-18)
(111.10872 -0.7502542 -1.1769117e-18)
(107.64615 3.9992174 -1.159397e-18)
(108.03074 -1.0382955 -1.1599649e-21)
(106.72878 4.7530061 -7.174266e-18)
(106.04598 -0.69327376 -6.3635198e-18)
(105.07875 3.6508953 1.3271935e-17)
(104.05694 0.43095537 -1.1203419e-17)
(103.45064 2.6012392 -6.8285444e-22)
(102.45842 1.6127844 -9.0646844e-18)
(101.74867 2.1334449 0)
(100.90597 1.1192089 0)
(100.57141 1.0660781 0)
(99.740095 1.1867811 -1.2666996e-17)
(99.224082 0.90400567 0)
(98.698354 0.67390481 0)
(98.1913 0.64160156 1.8232987e-17)
(97.711573 0.55783377 -3.3019919e-17)
(97.344137 0.49762181 -2.3041922e-19)
(96.999058 0.37075102 2.1505772e-19)
(96.632811 0.4175736 0)
(96.342622 0.25698058 -2.1203507e-17)
(96.083615 0.25857353 1.8990097e-17)
(95.850283 0.16063233 1.7930001e-17)
(95.63889 0.15446345 3.1477478e-17)
(95.447185 0.10959837 1.8731409e-22)
(95.307331 0.005451658 2.4757426e-17)
(95.177877 0.01929871 -2.1535956e-17)
(95.041906 0.074833966 2.0134653e-17)
(94.953394 -0.026085034 1.9639648e-23)
(94.86138 0.044533502 4.7911474e-24)
(94.751669 -0.0067651434 -1.038614e-19)
(94.692618 0.0026296611 2.3446348e-17)
(94.640876 -0.031751804 0)
(94.59334 -0.0044674383 0)
(94.543837 6.6372131e-06 -3.2839486e-17)
(94.509526 -0.0052812251 -5.6768263e-20)
(94.48517 -0.0053737298 0)
(94.464423 -0.014308589 2.1484435e-17)
(94.445545 -0.0081453939 -3.769399e-17)
(94.426822 -0.0006615985 -6.6820667e-17)
(94.411453 0.00099646835 -2.9201084e-17)
(94.39977 -0.0090386324 5.0947133e-17)
(94.384301 -0.0013063867 4.3867143e-17)
(94.383811 -0.020694728 3.8536627e-17)
(94.370399 0.0069512349 -1.6385858e-20)
(94.36535 -0.043466344 7.1339886e-21)
(94.355341 0.0056577956 -7.5013371e-17)
(94.400208 -0.046282394 4.3953512e-17)
(104.15379 5.2462566 2.9382627e-18)
(111.58698 -0.79507768 2.3336038e-18)
(107.93703 6.6240924 -4.4832237e-18)
(108.08761 -0.25024417 -1.9465704e-18)
(107.03856 5.0983052 9.7043112e-18)
(105.81202 0.73064625 6.580566e-18)
(105.12208 3.8178955 6.7449303e-18)
(104.10565 0.89180205 5.6966771e-18)
(103.53416 3.2120958 -1.1138338e-17)
(102.25627 1.3285997 1.0866496e-17)
(101.77577 2.4444237 1.1065593e-18)
(100.86544 1.1409093 -9.2945628e-18)
(100.45002 2.0771281 -7.0820979e-18)
(99.655176 1.3378404 0)
(99.177819 1.1273289 -1.2153097e-17)
(98.698215 0.88867698 0)
(98.206361 0.79463188 -1.844667e-17)
(97.723591 0.72793763 1.6066137e-17)
(97.289677 0.85426577 4.6591652e-19)
(96.946113 0.55701127 1.3925208e-17)
(96.611339 0.39074143 -3.6798983e-19)
(96.339519 0.31085714 3.2963824e-19)
(96.085084 0.36094475 1.9310702e-17)
(95.823426 0.25492253 -3.4164736e-17)
(95.625152 0.18029558 0)
(95.440314 0.10925037 -4.063011e-17)
(95.30558 0.071792951 -5.1035324e-17)
(95.182371 0.042895979 2.1604331e-17)
(95.036731 0.067928039 -1.9271055e-17)
(94.953313 -0.001407124 -1.3968554e-19)
(94.862747 0.049855893 -3.0082795e-17)
(94.748728 -0.0029010078 2.5925499e-17)
(94.691887 0.0038815644 -2.2924e-17)
(94.645462 -0.00055527003 2.054026e-17)
(94.597261 0.0015446057 1.3889045e-19)
(94.5497 0.0077468843 6.2949148e-17)
(94.51301 0.024427771 1.090109e-19)
(94.485605 0.0023849035 -9.4711182e-20)
(94.46447 -5.8942662e-05 -2.0839816e-17)
(94.446282 -0.0069783843 -1.4413076e-19)
(94.429689 0.0013841295 3.2071447e-17)
(94.412425 0.0062833152 2.8184575e-17)
(94.399999 -0.0027066544 2.4777497e-17)
(94.383454 0.011927136 -4.2384546e-17)
(94.383721 -0.019541527 -7.6437976e-23)
(94.368026 0.0051444269 1.5734935e-20)
(94.364437 -0.04284974 0)
(94.355541 0.0060631908 2.422088e-17)
(94.399275 -0.052608733 0)
(105.80478 8.9394376 5.8769488e-18)
(111.5818 0.13575989 -2.4466863e-18)
(108.3096 7.1243264 4.4262515e-18)
(107.99159 1.18569 0)
(106.95465 6.1372853 -1.2085525e-17)
(105.81417 1.4125541 0)
(105.26687 5.4539046 -1.2949368e-17)
(103.84627 1.9361214 7.7012021e-18)
(103.37473 3.966361 9.1267683e-18)
(102.17258 0.86617757 3.9004637e-18)
(102.13756 2.7608523 -8.7713674e-18)
(100.71342 3.095908 9.0114908e-18)
(100.32985 1.9755528 1.4947257e-17)
(99.669318 1.9781018 5.4620633e-18)
(99.073509 2.1146155 1.214221e-17)
(98.534331 1.7365097 1.0029059e-17)
(98.028471 1.3122883 -9.36677e-18)
(97.655048 1.0413512 1.1049614e-18)
(97.265385 0.79911319 -9.2243915e-19)
(96.938323 0.55733914 -1.367274e-17)
(96.623942 0.49154619 0)
(96.344887 0.45644134 -6.8174391e-19)
(96.042015 0.32017239 -1.9110547e-17)
(95.815451 0.27857281 -1.9236572e-22)
(95.625991 0.25404272 -1.5245915e-17)
(95.452761 0.21553339 1.3848641e-17)
(95.300744 0.30359542 2.4201754e-17)
(95.153196 0.1449824 -1.0110715e-17)
(95.028578 0.095600607 1.872823e-17)
(94.948665 0.079288899 3.9580522e-23)
(94.851748 0.035947983 -2.3466447e-19)
(94.750974 0.011868665 2.0409801e-19)
(94.694209 0.0063609408 -1.760141e-19)
(94.64987 0.013349915 1.8026688e-23)
(94.598059 0.0079645831 0)
(94.553436 0.016040284 -4.6040865e-17)
(94.517465 0.022947696 1.0553928e-19)
(94.485018 0.061260899 -9.2240041e-20)
(94.459143 0.025941108 0)
(94.44546 0.013472741 1.8035351e-17)
(94.430729 0.0042067924 -1.5705305e-17)
(94.413291 0.0074229461 -2.7029913e-17)
(94.400336 0.00033455031 -2.4006924e-17)
(94.38279 0.013016153 4.0159208e-20)
(94.382758 -0.011595737 -5.4037584e-17)
(94.365895 0.0059439171 3.0347503e-20)
(94.363326 -0.039639979 0)
(94.354896 0.007857513 2.3452552e-17)
(94.397919 -0.063487935 -4.9221408e-21)
(106.64979 8.9095243 2.9183754e-18)
(111.13161 2.5617723 -7.6659766e-18)
(108.26912 7.7991518 1.2451839e-21)
(108.07784 2.6858097 0)
(106.71528 7.097015 -6.2770355e-21)
(105.9103 2.4140526 -7.0607532e-21)
(105.53682 5.4604131 6.8974245e-18)
(103.52794 3.4008743 3.150935e-18)
(103.40911 4.8590721 -2.6927842e-18)
(101.95795 4.9289484 -5.2412417e-18)
(101.61043 3.7697933 9.0148234e-18)
(100.57798 2.3463553 -3.9152699e-18)
(100.32282 2.3282914 -2.0224873e-18)
(99.658752 2.196806 -4.9188793e-18)
(98.934324 1.8276719 7.7580808e-18)
(98.40385 1.7742525 -1.1133443e-17)
(97.940901 1.3541872 -1.1607281e-18)
(97.620139 1.0443964 0)
(97.270609 0.96920841 7.6784813e-18)
(96.888529 1.0848579 -7.179783e-18)
(96.554381 0.85288034 -7.909581e-19)
(96.267835 0.84586896 7.0228747e-19)
(96.012027 0.58132702 -6.3299391e-19)
(95.819374 0.3708464 1.8096669e-17)
(95.626063 0.3259756 2.2994488e-17)
(95.45434 0.27265211 -1.3611205e-17)
(95.284876 0.2122281 0)
(95.128874 0.15247832 1.0486259e-17)
(95.027125 0.12326866 -2.8770347e-19)
(94.930437 0.16784487 2.628942e-19)
(94.834158 0.024736216 0)
(94.747719 0.086132945 0)
(94.694396 0.025019718 -1.118191e-17)
(94.650615 0.027145408 -1.9959193e-17)
(94.595752 0.020931721 2.7259488e-19)
(94.554428 0.01939841 1.5543181e-17)
(94.519609 0.022781239 1.3027523e-17)
(94.484131 0.034280076 0)
(94.457129 0.0268956 0)
(94.444638 0.021543443 -1.7701775e-17)
(94.430638 0.0095396892 3.0886743e-17)
(94.413639 0.0095545766 1.0231919e-19)
(94.401473 0.0065547652 2.5601949e-24)
(94.383246 0.018590457 -7.7549949e-20)
(94.38097 -0.0030404865 2.2565652e-23)
(94.36437 0.0057665451 0)
(94.36201 -0.031938341 0)
(94.349657 0.011820483 -2.2337882e-17)
(94.396542 -0.071295929 0)
(106.38341 10.7691 1.5477438e-18)
(111.08868 2.8174064 2.6694131e-18)
(108.17024 9.0544323 2.4859556e-18)
(108.08894 2.8616699 0)
(106.96188 8.3872501 -4.0719105e-18)
(105.58009 4.210745 2.0230155e-18)
(105.34 6.4993989 3.5782874e-18)
(103.23777 3.6861247 3.2786399e-18)
(103.42532 5.1466639 2.6113429e-21)
(101.64513 3.5059747 -2.5084735e-18)
(101.18983 4.0214828 0)
(100.59836 2.3979501 4.294648e-18)
(100.02497 3.827788 -9.8036835e-18)
(99.313457 2.5377444 1.748714e-18)
(98.834063 2.1493362 -3.2313132e-18)
(98.366904 1.6424224 0)
(97.954409 1.5351124 1.4665453e-17)
(97.492014 1.7795849 1.1286618e-18)
(97.112504 1.3100956 -3.9803592e-18)
(96.770176 1.1886322 6.2717166e-18)
(96.465189 0.83684025 0)
(96.196146 0.60186796 0)
(95.996789 0.46932353 5.7633462e-18)
(95.784449 0.64892546 -5.5835256e-19)
(95.568007 0.43825122 -7.8037486e-18)
(95.413572 0.39183722 1.388216e-17)
(95.277597 0.30876958 0)
(95.125475 0.1829865 -6.4571208e-19)
(95.028691 0.14443108 9.9312799e-18)
(94.912531 0.1206921 -7.7078146e-18)
(94.826068 0.097011893 -9.166152e-19)
(94.742318 0.054116703 3.8604786e-19)
(94.685589 0.079991559 1.0626053e-17)
(94.643891 0.046360928 3.0519165e-19)
(94.596178 0.02481901 2.663762e-19)
(94.554726 0.031033505 -4.6841537e-19)
(94.520537 0.031904051 -1.2793535e-17)
(94.485658 0.034678804 1.7625615e-19)
(94.460447 0.05077368 9.7305427e-18)
(94.443876 0.056234277 0)
(94.425877 0.034382978 -1.4662186e-17)
(94.412365 0.017702704 -9.8996871e-20)
(94.402678 0.0084174328 -2.4827152e-24)
(94.384158 0.019939353 7.4958613e-20)
(94.378824 0.00047000624 1.6706202e-17)
(94.362581 0.012504826 7.22917e-18)
(94.358661 -0.034978129 2.4350609e-20)
(94.3444 0.011949735 -2.0834956e-20)
(94.395307 -0.074173631 0)
(107.26454 8.4257029 -1.8049486e-18)
(111.97033 3.3866348 6.9369475e-19)
(108.50552 11.862788 0)
(107.91733 4.5965672 5.1780744e-18)
(106.94832 9.3255842 -5.1525738e-18)
(104.65622 5.4197331 -9.7359985e-19)
(104.82858 7.3610281 2.5505977e-18)
(103.04475 4.1244935 -3.4910319e-18)
(103.15182 5.7542994 3.1376559e-18)
(101.51115 4.0141505 1.2618871e-18)
(101.33687 4.1840961 -2.43491e-18)
(100.36682 5.2501303 2.2732564e-18)
(99.566131 3.09238 0)
(99.130038 2.6198739 1.8241299e-18)
(98.643852 2.8005455 -4.8625282e-18)
(98.171276 2.413086 0)
(97.719693 2.2792226 -6.3401402e-18)
(97.312157 1.6554342 1.1365835e-18)
(96.999737 1.2794719 -6.136543e-18)
(96.694098 0.83249981 0)
(96.408954 0.95670911 0)
(96.140171 0.77487549 1.4251936e-18)
(95.923643 0.7520291 -6.235277e-18)
(95.705902 0.48671602 0)
(95.527675 0.34568884 -9.8009143e-19)
(95.379679 0.22661602 4.3061708e-18)
(95.256412 0.047400109 -7.6114269e-19)
(95.131998 0.21972999 3.243718e-18)
(95.012873 0.20473529 -8.7517949e-18)
(94.900373 0.13336172 7.1749655e-18)
(94.823036 0.061184296 4.5653131e-19)
(94.742626 0.049451224 0)
(94.680127 0.085867787 -2.7322265e-18)
(94.637806 -0.030723498 2.9977718e-19)
(94.600558 0.029137029 -2.5927237e-19)
(94.557252 0.042255185 2.2249028e-19)
(94.521393 0.035035558 2.7549644e-18)
(94.48974 0.044474683 1.6819049e-19)
(94.463784 0.055856202 -9.4239868e-18)
(94.440226 0.068131119 4.1048072e-18)
(94.421219 0.040353939 0)
(94.411742 0.028093386 9.5127322e-20)
(94.402581 0.014894175 -8.4600847e-20)
(94.382686 0.024775992 0)
(94.376204 -0.0015986538 4.0178814e-18)
(94.358662 0.022611105 -6.9225848e-18)
(94.354116 -0.039387132 0)
(94.342632 0.012195706 0)
(94.393763 -0.072252757 -4.4747622e-18)
(106.26744 18.521466 8.1805269e-18)
(111.98682 4.3547866 -6.7017258e-18)
(108.75141 12.432933 0)
(107.61076 5.810654 0)
(106.41723 10.650786 -2.960116e-18)
(104.27367 5.62756 4.3001976e-18)
(104.82464 8.197037 -2.8377147e-18)
(102.75516 5.2579776 3.5414561e-18)
(102.93237 6.0888407 -8.1837149e-19)
(101.52833 4.4922532 1.3611783e-18)
(101.03727 5.2705295 -2.5880433e-18)
(99.980013 3.9998917 1.1425157e-18)
(99.364528 3.6705196 1.0449398e-18)
(98.850539 4.4630842 0)
(98.347021 2.9468675 0)
(97.888111 2.6925736 0)
(97.511302 2.0072704 -1.2966834e-18)
(97.214301 1.5982576 -3.5032295e-18)
(96.915819 1.6922595 5.1701622e-18)
(96.570157 1.7112955 6.4867854e-22)
(96.29741 1.3059161 1.6011331e-18)
(96.072833 1.1468529 -1.4264988e-18)
(95.852981 0.81617338 -1.2551989e-18)
(95.663116 0.56858795 -2.8228911e-22)
(95.496823 0.58528695 1.9577828e-18)
(95.341576 0.52562132 -2.5611314e-18)
(95.205409 0.48339499 2.2263812e-18)
(95.091563 0.32266544 -1.2892552e-18)
(94.985725 0.21882207 -5.7081099e-19)
(94.895897 0.20777075 0)
(94.807195 0.20951834 -4.3935276e-19)
(94.736208 0.10613336 -1.1436972e-18)
(94.680199 0.12850445 -3.3396753e-19)
(94.632049 0.15138279 2.9371435e-19)
(94.598394 0.056648493 -2.564748e-19)
(94.558461 0.047135707 -1.5283726e-18)
(94.520816 0.046729467 -2.7004441e-18)
(94.491082 0.04300713 -3.3086638e-19)
(94.464287 0.054899594 0)
(94.437126 0.042660767 -1.7225511e-18)
(94.421028 0.041390381 -1.9101121e-18)
(94.412346 0.051199899 -9.2879951e-20)
(94.398453 0.032832517 8.0903323e-20)
(94.378098 0.027194749 0)
(94.372551 -0.0026778096 -5.7290053e-18)
(94.354935 0.017629511 -5.2119912e-20)
(94.35064 -0.040517774 -2.8797017e-18)
(94.343177 0.013571928 2.4582429e-18)
(94.391136 -0.06669382 6.4517735e-18)
(108.06386 13.099325 6.9655395e-18)
(111.02339 6.7129174 -8.0923031e-18)
(108.41683 13.854908 2.8582651e-18)
(107.33684 6.4072568 2.8884866e-18)
(106.4184 11.432928 -6.1374731e-19)
(104.21291 6.6228664 -3.6394449e-18)
(104.11313 10.651221 0)
(102.11004 7.7425342 0)
(102.0468 7.7968775 8.0623365e-19)
(100.90971 6.3471929 -3.3823134e-21)
(100.34124 5.091011 2.6042099e-18)
(99.704124 4.0477113 -3.56445e-18)
(99.128288 4.4019619 -1.0600788e-18)
(98.570915 2.7392667 3.6405128e-22)
(98.10722 3.0364619 -3.3336995e-18)
(97.712887 2.503632 0)
(97.390244 2.2120106 6.6368923e-18)
(97.042626 2.3414386 -3.4877089e-18)
(96.710822 1.8052465 1.01908e-18)
(96.424426 1.4866255 -1.8113235e-18)
(96.194104 1.160898 0)
(96.002307 1.0170162 -5.6942933e-18)
(95.809322 0.88703963 5.0457662e-18)
(95.620058 1.0140603 0)
(95.446255 0.76791876 7.728025e-18)
(95.308398 0.57207912 -1.7019449e-18)
(95.175322 0.44106526 3.7203528e-18)
(95.067325 0.32389133 -6.499391e-19)
(94.973563 0.28451384 -5.1471995e-18)
(94.882338 0.31222615 7.935039e-18)
(94.778923 0.25047295 4.2672088e-19)
(94.727798 0.16836605 1.5050718e-18)
(94.681606 0.1550859 2.588941e-18)
(94.621819 0.099101688 5.7005207e-19)
(108.12417 17.91161 1.0654776e-17)
(110.45105 7.7387319 -1.1157211e-17)
(108.19551 14.804969 8.4020131e-18)
(106.80856 7.2253798 -8.7685359e-18)
(106.7362 12.074797 9.8721403e-18)
(103.74746 9.4787618 -1.1686688e-17)
(103.20219 9.1573648 3.8139524e-18)
(101.87691 7.5179166 -7.6783676e-18)
(101.32518 7.3993317 -3.3314833e-18)
(100.43388 6.1178911 9.0728129e-18)
(99.893698 5.4656554 -5.41217e-18)
(99.235291 5.5667394 9.6104259e-18)
(98.696877 4.2535632 0)
(98.226688 4.1845162 -1.0944753e-21)
(97.849983 3.3140394 -3.3808269e-18)
(97.489332 2.8329496 0)
(97.141959 2.8147287 -1.3172835e-17)
(96.826903 2.0765283 2.3298129e-18)
(96.547479 1.6536071 2.0660543e-18)
(96.309974 1.3091975 -1.8253146e-18)
(96.098622 1.2885899 0)
(107.50702 17.919486 -3.5584344e-18)
(110.18407 8.1558953 -6.4137034e-18)
(108.10998 15.916018 6.1574243e-18)
(105.53729 7.9807801 0)
(106.09874 14.161437 -1.0854396e-17)
(103.44539 8.3706712 9.8921096e-18)
(102.91206 9.6462256 -3.8642502e-18)
(101.66616 7.4278161 -6.4760363e-21)
(100.85957 7.2776239 3.5129593e-18)
(100.05153 6.7691219 -1.569472e-17)
(99.319188 6.6672561 1.1012788e-17)
(106.61848 18.947462 2.2490433e-20)
(110.40495 9.4195739 7.3378319e-18)
(74.906885 1.0061373 -4.4765747e-18)
(71.267234 -0.39096856 4.6711442e-18)
(68.470012 1.0243611 4.96567e-18)
(68.460564 -0.61897271 4.9593219e-18)
(71.851207 -1.0067419 4.6775953e-18)
(74.515325 0.11662233 -4.4873473e-18)
(76.76339 -0.11635479 -4.2545058e-18)
(79.00132 -0.93229771 8.1245825e-18)
(80.312042 -0.3227491 -3.884096e-18)
(84.81276 -2.1796748 -1.7826564e-17)
(86.009993 -1.8674329 1.7024813e-17)
(87.351492 0.2942189 -1.9374024e-20)
(88.445822 -0.4471067 -7.8828956e-18)
(89.55444 -1.026958 0)
(89.778378 -0.15106879 7.0957253e-18)
(86.884201 -1.4196642 0)
(87.867739 -1.0277002 0)
(89.379073 0.24685953 0)
(90.652372 -0.25882344 0)
(91.582032 -1.1824528 -6.9669745e-18)
(92.048525 -0.2810278 6.5267258e-18)
(87.791352 -2.519809 0)
(88.552168 -2.0229029 0)
(89.901046 -0.31207501 0)
(91.132851 -0.79723557 0)
(92.059207 -1.7431325 0)
(92.485755 -0.34042462 0)
(88.553795 -2.658988 0)
(89.14162 -1.7680264 0)
(90.233027 -0.31050258 -6.4785354e-18)
(91.329289 -0.56013676 6.2225704e-18)
(92.216191 -1.4333669 -5.9711544e-18)
(92.496476 -0.29487191 1.7437342e-21)
(89.327207 -2.8663207 1.3097593e-17)
(89.726213 -2.0584975 0)
(90.560753 -0.73601772 1.1956013e-17)
(91.500895 -0.91572138 -1.1490033e-17)
(92.297664 -1.9140459 1.105625e-17)
(92.496473 -0.47673453 -2.9766911e-21)
(90.017663 -2.7240514 1.211734e-17)
(90.29845 -2.0054683 -2.2819037e-17)
(90.933781 -0.85263759 1.1050556e-17)
(91.729242 -1.0657801 0)
(92.411345 -1.7494616 0)
(92.494995 -0.45132859 0)
(90.643193 -2.921965 -2.2414096e-17)
(90.845104 -2.2431082 4.2163976e-21)
(91.32339 -1.1670264 1.0206361e-17)
(91.968583 -1.4104237 -9.8106578e-18)
(92.478629 -1.7061285 9.5163391e-18)
(92.513566 -0.63818116 -8.9492469e-18)
(91.19486 -2.6923652 -1.0363685e-17)
(91.337326 -2.1292859 9.7478269e-18)
(91.690454 -1.2457029 -9.4309821e-18)
(92.192679 -1.4969631 9.0835906e-18)
(92.535253 -1.5647938 -3.4288953e-21)
(91.665161 -2.7568648 0)
(91.769588 -2.2470576 0)
(92.031198 -1.5008639 0)
(92.399973 -1.6466241 8.4153962e-18)
(92.617677 -1.5775303 -8.1574929e-18)
(92.065615 -2.599388 1.7712198e-17)
(92.157324 -2.1909739 0)
(92.348164 -1.5236589 0)
(92.601785 -1.6777416 0)
(92.73247 -1.4473864 0)
(92.376793 -2.4957673 0)
(92.492496 -2.2086981 0)
(92.658056 -1.5831626 0)
(92.820245 -1.9951372 0)
(92.851858 -1.2246352 0)
(92.721364 -3.2916 1.5121632e-17)
(92.764702 -2.0249578 -1.2334318e-22)
(92.830611 -1.656356 -1.3686037e-17)
(92.962218 -1.4984309 -1.3391122e-17)
(92.989896 -1.2658475 1.3003721e-17)
(93.154057 -2.4387119 0)
(92.981437 -1.9138769 -1.3773471e-17)
(92.985611 -1.7143271 1.2909009e-17)
(93.051379 -1.8034916 0)
(93.111352 -1.1317126 0)
(93.267642 -2.4136634 0)
(93.179906 -1.8885661 0)
(93.249817 -1.6912527 0)
(93.247971 -1.5050179 0)
(93.515879 -2.4180792 0)
(93.355855 -1.8158049 2.2770332e-17)
(93.398318 -1.605916 -4.2715203e-17)
(93.386286 -1.4333987 2.0916776e-17)
(93.766441 -1.9977123 -2.2478688e-17)
(93.579929 -1.8759126 -2.1546947e-17)
(93.532873 -1.4641285 4.0592231e-17)
(93.542793 -1.3713041 -1.8885136e-17)
(93.945457 -1.7268252 2.0852568e-17)
(93.813896 -1.7632098 -1.9705129e-17)
(93.684098 -1.3823686 0)
(93.699324 -1.2656432 0)
(94.082689 -1.5388783 1.8318503e-21)
(94.007483 -1.5604754 1.6358207e-21)
(93.84405 -1.3541144 -1.7604191e-17)
(94.171697 -1.2961545 -3.6066413e-17)
(94.142585 -1.3287455 0)
(94.010232 -1.2764156 0)
(94.215092 -1.4044161 0)
(94.211255 -1.0834681 0)
(94.164108 -1.1504849 0)
(94.284936 -1.1857778 -3.0532569e-17)
(94.245305 -1.0208393 -2.9470397e-17)
(94.352223 -1.1339827 -2.7927685e-17)
(94.262157 -0.91369827 2.6282614e-17)
(94.431688 -0.92525013 0)
(94.305108 -0.98394254 4.9798715e-17)
(94.470234 -0.79974809 0)
(94.493178 -0.6645356 -4.3920269e-17)
)
;

boundaryField
{
    Side
    {
        type            empty;
    }
    Inlet
    {
        type            freestreamVelocity;
        freestreamValue uniform (94.3 0 0);
        value           nonuniform List<vector> 9((94.350275 -0.022414863 -7.2400946e-22) (94.350231 -0.022307115 -2.2937561e-17) (94.350092 -0.023135523 2.1971367e-17) (94.349624 -0.026297035 0) (94.348943 -0.031733291 -2.4602426e-21) (94.348253 -0.0356345 0) (94.347635 -0.037072243 0) (94.346864 -0.036112551 -2.2365247e-18) (94.345552 -0.033335128 3.224747e-18));
    }
    Airfoil
    {
        type            noSlip;
    }
    Outlet
    {
        type            inletOutlet;
        inletValue      nonuniform List<vector> 0();
        value           nonuniform List<vector> 0();
    }
    procBoundary8to1
    {
        type            processor;
        value           nonuniform List<vector> 8((64.926534 11.904105 8.3262529e-18) (80.099978 0.39163435 -3.8644005e-18) (78.851899 0.012634664 8.1344618e-18) (77.45451 0.85411159 -4.2759814e-18) (77.45451 0.85411159 -4.2759814e-18) (87.466848 1.3637171 -1.9165141e-20) (85.798816 0.77239878 1.6975471e-17) (84.811999 2.3633605 -8.0630759e-22));
    }
    procBoundary8to7
    {
        type            processor;
        value           nonuniform List<vector> 
53
(
(94.585601 0.10412655 4.9482957e-19)
(94.54827 0.069610348 -1.7121672e-18)
(94.513445 0.065797701 6.2240784e-18)
(94.490367 0.044401553 -3.2401782e-19)
(94.464745 0.053595057 0)
(94.436022 0.046241745 9.5108147e-18)
(94.422095 0.043485372 -2.0782883e-19)
(94.408752 0.034430186 1.8062196e-19)
(94.394457 0.025362876 2.5011951e-18)
(94.376467 0.026437159 -8.6515043e-18)
(94.36949 0.0019215971 -1.6749286e-17)
(94.353081 0.012309682 6.4487072e-18)
(94.348048 -0.034490414 5.5434196e-18)
(94.340385 0.020953785 2.4066372e-18)
(94.387692 -0.057445779 -1.6075703e-20)
(95.906075 1.0258787 -5.6458762e-18)
(95.720977 0.88402754 0)
(95.535037 0.60822472 -8.6668745e-18)
(95.393152 0.44403482 1.5277202e-17)
(95.272467 0.43155464 0)
(95.15546 0.4085446 5.9006167e-18)
(95.062293 0.46818713 0)
(94.961146 0.41132012 -4.5083117e-18)
(94.858249 0.27302414 -7.7710306e-18)
(94.766325 0.25139869 0)
(94.72568 0.23359523 -7.4727933e-19)
(94.673451 0.24117933 6.4275364e-19)
(94.585601 0.10412655 4.9482957e-19)
(94.606144 0.15136082 0)
(98.774908 5.4336442 4.9012609e-18)
(98.32051 4.7790047 4.3734649e-18)
(97.925514 4.2037919 -1.1615302e-17)
(97.540843 3.7304978 3.416596e-18)
(97.198527 3.4566464 0)
(96.916705 2.4723213 -2.6678746e-18)
(96.662352 2.1893909 2.3605354e-18)
(96.410288 2.1412833 1.8719015e-17)
(96.176646 1.9627894 -1.8255674e-18)
(95.906075 1.0258787 -5.6458762e-18)
(95.978953 1.5603534 0)
(106.08484 18.918295 6.4169198e-18)
(104.81747 8.1992629 -6.2761654e-18)
(105.68427 13.555439 -1.1675586e-17)
(103.47945 4.7749836 1.0584075e-17)
(102.80768 11.259291 0)
(100.79538 8.5093502 -1.1989421e-17)
(100.1677 8.8376044 3.5963731e-18)
(99.360913 7.928538 -1.9069033e-17)
(98.774908 5.4336442 4.9012609e-18)
(98.837841 6.0711567 -5.6724269e-18)
(106.80106 23.935699 0)
(106.08484 18.918295 6.4169198e-18)
(109.02004 16.259275 0)
)
;
    }
    procBoundary8to9
    {
        type            processor;
        value           nonuniform List<vector> 
75
(
(94.550392 -0.55697303 -4.0146359e-18)
(94.507892 -0.60017653 0)
(94.550392 -0.55697303 -4.0146359e-18)
(94.538736 -0.45189755 6.3136425e-17)
(94.550225 -0.3696008 5.8827685e-17)
(94.550225 -0.3696008 5.8827685e-17)
(94.544147 -0.33771241 -5.649454e-17)
(94.544147 -0.33771241 -5.649454e-17)
(94.54707 -0.27318357 5.1248073e-23)
(94.54707 -0.27318357 5.1248073e-23)
(94.522865 -0.24351134 -1.5365804e-18)
(94.510196 -0.19733935 1.4344055e-18)
(94.510196 -0.19733935 1.4344055e-18)
(94.506748 -0.17392621 1.3263895e-18)
(94.506748 -0.17392621 1.3263895e-18)
(94.480679 -0.15724421 1.2180806e-18)
(94.480679 -0.15724421 1.2180806e-18)
(94.458461 -0.12912753 0)
(94.464566 -0.12309324 -7.0584815e-17)
(94.464566 -0.12309324 -7.0584815e-17)
(94.449614 -0.11169115 1.91026e-16)
(94.449614 -0.11169115 1.91026e-16)
(94.43034 -0.094120986 1.1196272e-16)
(94.43034 -0.094120986 1.1196272e-16)
(94.418004 -0.074747515 7.7359619e-19)
(94.418004 -0.074747515 7.7359619e-19)
(94.406278 -0.06274078 3.4417347e-19)
(94.406278 -0.06274078 3.4417347e-19)
(94.391326 -0.055594795 7.5633741e-17)
(94.391326 -0.055594795 7.5633741e-17)
(94.388355 -0.048014088 6.4504127e-17)
(94.388355 -0.048014088 6.4504127e-17)
(94.378464 -0.029617361 1.08667e-19)
(94.378464 -0.029617361 1.08667e-19)
(94.374008 -0.035980405 -9.5134901e-17)
(94.374008 -0.035980405 -9.5134901e-17)
(94.372037 -0.0057051077 0)
(94.372037 -0.0057051077 0)
(94.366118 -0.040894921 6.6672204e-17)
(94.366118 -0.040894921 6.6672204e-17)
(94.355296 0.0024732175 3.427598e-21)
(94.355296 0.0024732175 3.427598e-21)
(94.400773 -0.044814269 -2.9993266e-21)
(80.996629 -0.24592274 0)
(89.659994 -0.09081562 1.1405201e-21)
(92.008762 -0.19161588 0)
(92.464543 -0.27853914 0)
(92.493111 -0.37455406 -5.3648693e-18)
(92.530394 -0.49923622 1.9860031e-17)
(92.567187 -0.51040836 -9.1109228e-18)
(92.62419 -0.5770696 -8.3683567e-18)
(92.562341 -0.68850806 8.2669871e-18)
(92.562341 -0.68850806 8.2669871e-18)
(92.643443 -0.79744852 -7.6431902e-18)
(92.743195 -0.82936732 0)
(92.851961 -0.91915162 0)
(92.997005 -0.98441686 0)
(93.155653 -0.91223254 0)
(93.22325 -1.1700142 0)
(93.22325 -1.1700142 0)
(93.3827 -1.2069451 -1.9968327e-17)
(93.533104 -1.2156704 -4.5123123e-22)
(93.685248 -1.205549 0)
(93.821303 -1.1803038 0)
(93.821303 -1.1803038 0)
(93.925271 -1.0782452 2.3901953e-21)
(94.03345 -1.1751456 -2.8643819e-17)
(94.234229 -1.026261 9.7762337e-22)
(94.234229 -1.026261 9.7762337e-22)
(94.268446 -0.89034256 -2.4648583e-17)
(94.288998 -0.72694441 4.8016716e-17)
(94.394842 -0.84117405 4.5470498e-17)
(94.394842 -0.84117405 4.5470498e-17)
(94.436513 -0.76478181 -8.3853512e-17)
(94.507892 -0.60017653 0)
)
;
    }
}


// ************************************************************************* //
