/*--------------------------------*- C++ -*----------------------------------*\
| =========                 |                                                 |
| \\      /  F ield         | OpenFOAM: The Open Source CFD Toolbox           |
|  \\    /   O peration     | Version:  2506                                  |
|   \\  /    A nd           | Website:  www.openfoam.com                      |
|    \\/     M anipulation  |                                                 |
\*---------------------------------------------------------------------------*/
FoamFile
{
    version     2.0;
    format      ascii;
    arch        "LSB;label=32;scalar=64";
    class       volVectorField;
    location    "0.00033";
    object      U;
}
// * * * * * * * * * * * * * * * * * * * * * * * * * * * * * * * * * * * * * //

dimensions      [0 1 -1 0 0 0 0];

internalField   nonuniform List<vector> 
3423
(
(91.03 24.39 0)
(91.03 24.39 1.0507392e-23)
(91.03 24.39 -9.5745449e-24)
(91.03 24.39 1.1074738e-21)
(91.03 24.39 4.0724003e-21)
(91.03 24.39 1.8837303e-23)
(91.03 24.39 0)
(91.03 24.39 -1.0087275e-21)
(91.03 24.39 -1.4405512e-23)
(91.03 24.39 1.3159277e-23)
(91.03 24.39 1.5378595e-21)
(91.03 24.39 0)
(91.03 24.39 1.2799477e-21)
(91.03 24.39 0)
(91.03 24.39 2.1262804e-21)
(91.03 24.39 -1.928855e-21)
(91.03 24.39 1.3409833e-21)
(91.03 24.39 -1.2484569e-21)
(91.03 24.39 0)
(91.03 24.39 3.2712415e-23)
(91.03 24.39 -2.9929225e-23)
(91.03 24.39 -2.7367829e-23)
(91.03 24.39 0)
(91.03 24.39 0)
(91.03 24.39 -1.3140577e-21)
(91.03 24.39 -1.2371086e-21)
(91.03 24.39 1.1195702e-21)
(91.03 24.39 -2.0173382e-21)
(91.03 24.39 -1.8451796e-21)
(91.03 24.39 0)
(91.03 24.39 1.4506872e-21)
(91.03 24.39 -4.0332e-23)
(91.03 24.39 1.2204054e-21)
(91.03 24.39 -3.3890856e-23)
(91.03 24.39 9.932965e-22)
(91.03 24.39 -2.8413937e-23)
(91.03 24.39 0)
(91.03 24.39 2.3769174e-23)
(91.03 24.39 -1.4119289e-21)
(91.03 24.39 1.9840432e-23)
(91.03 24.39 -1.8112234e-23)
(91.03 24.39 -1.057658e-21)
(91.03 24.39 -1.913982e-21)
(91.03 24.39 1.7514271e-21)
(91.03 24.39 0)
(91.03 24.39 0)
(91.03 24.39 0)
(91.03 24.39 0)
(91.03 24.39 0)
(91.03 24.39 4.5312232e-23)
(91.03 24.39 -1.3734461e-21)
(91.03 24.39 -3.8205511e-23)
(91.03 24.39 -2.2432722e-21)
(91.03 24.39 -1.0284352e-21)
(91.03 24.39 -9.1298632e-22)
(91.03 24.39 -2.69731e-23)
(91.03 24.39 0)
(91.03 24.39 1.4681415e-21)
(91.03 24.39 1.3217055e-21)
(91.03 24.39 -1.887197e-23)
(91.03 24.39 1.7236334e-23)
(91.03 24.39 0)
(91.03 24.39 -1.4355159e-23)
(91.03 24.39 2.6180611e-23)
(91.03 24.39 1.3192916e-21)
(91.03 24.39 1.2943787e-21)
(91.03 24.39 -7.0266365e-23)
(91.03 24.39 -1.0369193e-21)
(91.03 24.39 -8.9605693e-22)
(91.03 24.39 -8.8049186e-22)
(91.03 24.39 1.6212792e-21)
(91.03 24.39 0)
(91.03 24.39 -1.4146611e-21)
(91.03 24.39 0)
(91.03 24.39 0)
(91.03 24.39 1.0629377e-21)
(91.03 24.39 1.9807732e-21)
(91.03 24.39 -2.7940396e-23)
(91.03 24.39 1.638601e-21)
(91.03 24.39 0)
(91.03 24.39 -1.3950319e-21)
(91.03 24.39 -1.2368949e-21)
(91.03 24.39 1.1667708e-21)
(91.03 24.39 -1.6402625e-23)
(91.03 24.39 0)
(91.03 24.39 -1.3673852e-23)
(91.03 24.39 2.4949586e-23)
(91.03 24.39 7.8448393e-22)
(91.03 24.39 7.2611004e-22)
(91.03 24.39 0)
(91.03 24.39 -7.7622722e-23)
(91.03 24.39 1.2192502e-21)
(91.03 24.39 -6.6228029e-23)
(91.03 24.39 6.1119739e-23)
(91.03 24.39 1.7475262e-21)
(91.03 24.39 8.8334826e-22)
(91.03 24.39 -1.5317715e-21)
(91.03 24.39 0)
(91.03 24.39 -4.0549583e-23)
(91.03 24.39 0)
(91.03 24.39 -1.0623139e-21)
(91.03 24.39 0)
(91.03 24.39 -9.5340829e-22)
(91.03 24.39 -1.6962822e-21)
(91.03 24.39 -1.5309397e-21)
(91.03 24.39 0)
(91.03 24.39 -2.0392119e-23)
(91.03 24.39 1.194516e-21)
(91.03 24.39 1.707325e-23)
(91.03 24.39 0)
(91.03 24.39 -1.8113516e-21)
(91.03 24.39 1.6541959e-21)
(91.03 24.39 0)
(91.03 24.39 0)
(91.03 24.39 8.531543e-23)
(91.03 24.39 -1.3424853e-21)
(91.03 24.39 -1.1688517e-21)
(91.03 24.39 -1.0806429e-21)
(91.03 24.39 -9.9849877e-22)
(91.03 24.39 9.2204917e-22)
(91.03 24.39 -8.5094353e-22)
(91.03 24.39 4.9053154e-23)
(91.03 24.39 1.3564791e-21)
(91.03 24.39 8.3307744e-23)
(91.03 24.39 1.1888281e-21)
(91.03 24.39 1.1644256e-21)
(91.03 24.39 2.0441741e-21)
(91.03 24.39 0)
(91.03 24.39 -2.7387768e-23)
(91.03 24.39 1.6340737e-21)
(91.03 24.39 -2.3062327e-23)
(91.03 24.39 2.1144271e-23)
(91.03 24.39 0)
(91.03 24.39 1.1355169e-21)
(91.03 24.39 0)
(91.03 24.39 -1.4853816e-23)
(91.03 24.39 1.7653304e-21)
(91.03 24.39 1.5757584e-21)
(91.03 24.39 0)
(91.03 24.39 -8.665545e-22)
(91.03 24.39 7.0388202e-22)
(91.03 24.39 8.396463e-22)
(91.03 24.39 -8.6508555e-23)
(91.03 24.39 -5.6119433e-22)
(91.03 24.39 2.3761273e-21)
(91.03 24.39 -6.873381e-23)
(91.03 24.39 0)
(91.03 24.39 9.4063828e-22)
(91.03 24.39 -8.6916246e-22)
(91.03 24.39 -5.0164778e-23)
(91.03 24.39 4.6297282e-23)
(91.03 24.39 -2.7329382e-21)
(91.03 24.39 0)
(91.03 24.39 1.1603791e-21)
(91.03 24.39 -2.1366588e-21)
(91.03 24.39 -9.8298632e-22)
(91.03 24.39 -9.0391432e-22)
(91.03 24.39 1.6614036e-21)
(91.03 24.39 0)
(91.03 24.39 2.1885138e-23)
(91.03 24.39 1.244743e-21)
(91.03 24.39 1.8406448e-23)
(91.03 24.39 -1.062521e-21)
(91.03 24.39 -2.0077725e-21)
(91.03 24.39 -1.7951403e-21)
(91.03 24.39 1.6549313e-21)
(91.03 24.39 -1.5247179e-21)
(91.03 24.39 1.0799083e-23)
(91.03 24.39 -1.879084e-21)
(91.03 24.39 0)
(91.03 24.39 0)
(91.03 24.39 0)
(91.03 24.39 0)
(91.03 24.39 8.1216158e-23)
(91.03 24.39 5.2719479e-22)
(91.03 24.39 -1.0469938e-21)
(91.03 24.39 -1.0990782e-21)
(91.03 24.39 0)
(91.03 24.39 -5.5368793e-23)
(91.03 24.39 1.0238823e-22)
(91.03 24.39 7.0958691e-22)
(91.03 24.39 0)
(91.03 24.39 0)
(91.03 24.39 0)
(91.03 24.39 -1.0970146e-21)
(91.03 24.39 1.0106219e-21)
(91.03 24.39 -5.8154072e-23)
(91.03 24.39 9.0965324e-22)
(91.03 24.39 -1.5253563e-21)
(91.03 24.39 -4.5219805e-23)
(91.03 24.39 0)
(91.03 24.39 -1.2199166e-21)
(91.03 24.39 0)
(91.03 24.39 0)
(91.03 24.39 3.7602968e-21)
(91.03 24.39 1.7217018e-21)
(91.03 24.39 -1.575693e-21)
(91.03 24.39 0)
(91.03 24.39 1.0293017e-23)
(91.03 24.39 7.6913997e-22)
(91.03 24.39 1.0223933e-22)
(91.03 24.39 -9.50813e-23)
(91.03 24.39 -7.0700917e-22)
(91.03 24.39 0)
(91.03 24.39 0)
(91.03 24.39 0)
(91.03 24.39 9.8389603e-22)
(91.03 24.39 1.0335084e-21)
(91.03 24.39 -9.0102594e-22)
(91.03 24.39 5.2133008e-23)
(91.03 24.39 -4.823356e-23)
(91.03 24.39 -2.1853511e-21)
(91.03 24.39 4.1213418e-23)
(91.03 24.39 1.2940989e-21)
(91.03 24.39 -7.025928e-23)
(91.03 24.39 9.7210805e-22)
(91.03 24.39 5.9741601e-23)
(91.03 24.39 0)
(91.03 24.39 -1.6215649e-21)
(91.03 24.39 4.6627117e-23)
(91.03 24.39 -1.4578262e-21)
(91.03 24.39 -1.221551e-21)
(91.03 24.39 0)
(91.03 24.39 3.3220361e-23)
(91.03 24.39 -3.0474627e-23)
(91.03 24.39 -3.5482657e-21)
(91.03 24.39 1.6127568e-21)
(91.03 24.39 -1.5002657e-21)
(91.03 24.39 -1.3730119e-21)
(91.03 24.39 1.2558256e-21)
(91.03 24.39 -1.0276261e-22)
(91.03 24.39 0)
(91.03 24.39 8.9036731e-23)
(91.03 24.39 0)
(91.03 24.39 6.1581944e-22)
(91.03 24.39 0)
(91.03 24.39 -6.6403372e-23)
(91.03 24.39 -9.8594482e-22)
(91.03 24.39 1.0287188e-21)
(91.03 24.39 7.946085e-22)
(91.03 24.39 0)
(91.03 24.39 7.2692e-22)
(91.03 24.39 1.3451764e-21)
(91.03 24.39 1.1661398e-21)
(91.03 24.39 1.4368967e-22)
(91.03 24.39 -6.6353906e-23)
(91.03 24.39 -1.9598412e-21)
(91.03 24.39 -5.6494737e-23)
(91.03 24.39 0)
(91.03 24.39 1.5834061e-21)
(91.03 24.39 0)
(91.03 24.39 1.3008459e-21)
(91.03 24.39 0)
(91.03 24.39 1.0650369e-21)
(91.03 24.39 -9.466474e-22)
(91.03 24.39 0)
(91.03 24.39 1.7005209e-21)
(91.03 24.39 -3.1667912e-21)
(91.03 24.39 1.4507872e-21)
(91.03 24.39 1.2876194e-21)
(91.03 24.39 1.8704591e-23)
(91.03 24.39 0)
(91.03 24.39 8.0557653e-22)
(91.03 24.39 5.8343298e-22)
(91.03 24.39 0)
(91.03 24.39 -5.7721637e-22)
(91.03 24.39 -6.7076196e-23)
(91.03 24.39 6.2322488e-23)
(91.03 24.39 0)
(91.03 24.39 -8.5935998e-22)
(91.03 24.39 -8.9671689e-22)
(91.03 24.39 7.3888216e-22)
(91.03 24.39 7.7009157e-22)
(91.03 24.39 7.9223564e-23)
(91.03 24.39 -1.4661443e-22)
(91.03 24.39 0)
(91.03 24.39 -1.0024385e-21)
(91.03 24.39 9.8374416e-22)
(91.03 24.39 -8.5463481e-22)
(91.03 24.39 1.626046e-21)
(91.03 24.39 -4.5426312e-23)
(91.03 24.39 4.1852956e-23)
(91.03 24.39 0)
(91.03 24.39 -7.0922374e-23)
(91.03 24.39 -1.0109369e-21)
(91.03 24.39 9.5907523e-22)
(91.03 24.39 1.7617941e-21)
(91.03 24.39 -2.5268592e-23)
(91.03 24.39 1.5067286e-21)
(91.03 24.39 1.3601249e-21)
(91.03 24.39 1.2267468e-21)
(91.03 24.39 -1.1233396e-21)
(91.03 24.39 9.2839247e-22)
(91.03 24.39 -9.6263943e-23)
(91.03 24.39 6.2851927e-22)
(91.03 24.39 -5.8594018e-22)
(91.03 24.39 -7.0195046e-22)
(91.03 24.39 0)
(91.03 24.39 6.7606349e-23)
(91.03 24.39 0)
(91.03 24.39 0)
(91.03 24.39 1.0867056e-22)
(91.03 24.39 0)
(91.03 24.39 1.311401e-21)
(91.03 24.39 8.6891163e-23)
(91.03 24.39 6.4443184e-22)
(91.03 24.39 0)
(91.03 24.39 -1.1057297e-21)
(91.03 24.39 6.3952159e-23)
(91.03 24.39 -5.914468e-23)
(91.03 24.39 8.7463868e-22)
(91.03 24.39 8.0789125e-22)
(91.03 24.39 -1.4915476e-21)
(91.03 24.39 1.3760066e-21)
(91.03 24.39 0)
(91.03 24.39 3.65277e-23)
(91.03 24.39 2.1189996e-21)
(91.03 24.39 0)
(91.03 24.39 0)
(91.03 24.39 -3.3486934e-21)
(91.03 24.39 0)
(91.03 24.39 -1.4117103e-21)
(91.03 24.39 -2.0235523e-23)
(91.03 24.39 -1.150243e-21)
(91.03 24.39 -1.6998785e-23)
(91.03 24.39 -1.0302258e-21)
(91.03 24.39 -5.7748743e-22)
(91.03 24.39 6.2912577e-22)
(91.03 24.39 8.3882838e-23)
(91.03 24.39 -7.0425601e-22)
(91.03 24.39 0)
(91.03 24.39 0)
(91.03 24.39 -1.2665068e-22)
(91.03 24.39 -8.2528448e-22)
(91.03 24.39 0)
(91.03 24.39 -1.0199567e-22)
(91.03 24.39 0)
(91.03 24.39 -6.1627098e-22)
(91.03 24.39 -6.5378111e-22)
(91.03 24.39 -1.2888562e-21)
(91.03 24.39 1.4058542e-22)
(91.03 24.39 -6.5133408e-23)
(91.03 24.39 0)
(91.03 24.39 9.4895928e-22)
(91.03 24.39 -1.7037648e-21)
(91.03 24.39 -7.1583796e-22)
(91.03 24.39 0)
(91.03 24.39 -1.3837096e-21)
(91.03 24.39 -1.1264187e-21)
(91.03 24.39 -3.4619258e-23)
(91.03 24.39 -1.0207823e-21)
(91.03 24.39 9.39993e-22)
(91.03 24.39 -1.7301046e-21)
(91.03 24.39 3.1823408e-21)
(91.03 24.39 0)
(91.03 24.39 0)
(91.03 24.39 -1.2138876e-21)
(91.03 24.39 -1.7676589e-23)
(91.03 24.39 -1.037222e-21)
(91.03 24.39 -1.026738e-22)
(91.03 24.39 7.6821629e-22)
(91.03 24.39 0)
(91.03 24.39 -6.7102567e-22)
(91.03 24.39 -6.2668904e-22)
(91.03 24.39 5.849915e-22)
(91.03 24.39 -1.3644805e-22)
(91.03 24.39 -3.8171757e-22)
(91.03 24.39 1.0673048e-21)
(91.03 24.39 7.7328009e-22)
(91.03 24.39 9.2563115e-22)
(91.03 24.39 -1.9139993e-22)
(91.03 24.39 1.7799759e-22)
(91.03 24.39 -8.2719732e-23)
(91.03 24.39 0)
(91.03 24.39 0)
(91.03 24.39 0)
(91.03 24.39 0)
(91.03 24.39 0)
(91.03 24.39 -5.2672563e-23)
(91.03 24.39 4.8751961e-23)
(91.03 24.39 7.6661859e-22)
(91.03 24.39 1.2922885e-21)
(91.03 24.39 1.2323743e-21)
(91.03 24.39 0)
(91.03 24.39 6.5613028e-23)
(91.03 24.39 -1.0285136e-21)
(91.03 24.39 -8.9202337e-22)
(91.03 24.39 1.6429546e-21)
(91.03 24.39 -1.5593121e-21)
(91.03 24.39 4.3459752e-23)
(91.03 24.39 1.2782938e-21)
(91.03 24.39 1.1742223e-21)
(91.03 24.39 -1.6842925e-23)
(91.03 24.39 1.0044007e-21)
(91.03 24.39 2.8681198e-22)
(91.03 24.39 7.1576561e-22)
(91.03 24.39 6.6954011e-22)
(91.03 24.39 0)
(91.03 24.39 0)
(91.03 24.39 0)
(91.03 24.39 5.1018062e-22)
(91.03 24.39 4.7606878e-22)
(91.03 24.39 -7.7701312e-22)
(91.03 24.39 -1.0347166e-22)
(91.03 24.39 -8.6760377e-22)
(91.03 24.39 8.9763341e-23)
(91.03 24.39 -8.3536772e-23)
(91.03 24.39 7.7698251e-23)
(91.03 24.39 0)
(91.03 24.39 1.0736139e-21)
(91.03 24.39 0)
(91.03 24.39 -8.6718971e-22)
(91.03 24.39 -9.1144005e-22)
(91.03 24.39 -9.9380492e-23)
(91.03 24.39 9.2050509e-23)
(91.03 24.39 -1.3633338e-21)
(91.03 24.39 -1.1823834e-21)
(91.03 24.39 -1.3117514e-21)
(91.03 24.39 1.1446306e-21)
(91.03 24.39 0)
(91.03 24.39 9.1787439e-22)
(91.03 24.39 1.7457612e-21)
(91.03 24.39 -4.8752936e-23)
(91.03 24.39 0)
(91.03 24.39 -1.3224417e-21)
(91.03 24.39 3.8012199e-23)
(91.03 24.39 -5.2412378e-23)
(91.03 24.39 1.6049311e-23)
(91.03 24.39 0)
(91.03 24.39 -3.7993084e-22)
(91.03 24.39 -1.7796841e-22)
(91.03 24.39 -1.3332477e-21)
(91.03 24.39 -4.6797774e-22)
(91.03 24.39 -4.3783326e-22)
(91.03 24.39 4.0943835e-22)
(91.03 24.39 3.8270128e-22)
(91.03 24.39 -3.5753486e-22)
(91.03 24.39 -1.1128545e-22)
(91.03 24.39 1.0386222e-22)
(91.03 24.39 -7.7506941e-22)
(91.03 24.39 0)
(91.03 24.39 -6.7333526e-22)
(91.03 24.39 0)
(91.03 24.39 0)
(91.03 24.39 -1.2216588e-21)
(91.03 24.39 -1.8929916e-21)
(91.03 24.39 0)
(91.03 24.39 8.7112923e-22)
(91.03 24.39 9.0952349e-22)
(91.03 24.39 6.5612245e-22)
(91.03 24.39 -6.9506614e-22)
(91.03 24.39 1.2877659e-21)
(91.03 24.39 1.1921935e-21)
(91.03 24.39 0)
(91.03 24.39 1.0198716e-21)
(91.03 24.39 -5.8899421e-23)
(91.03 24.39 9.2462963e-22)
(91.03 24.39 -1.5560002e-21)
(91.03 24.39 -4.6291112e-23)
(91.03 24.39 4.2664558e-23)
(91.03 24.39 -7.8593509e-23)
(91.03 24.39 3.6171465e-23)
(91.03 24.39 -1.0314722e-21)
(91.03 24.39 -3.0587683e-23)
(91.03 24.39 -1.8125034e-21)
(91.03 24.39 3.7667428e-22)
(91.03 24.39 0)
(91.03 24.39 0)
(91.03 24.39 1.2411956e-21)
(91.03 24.39 -4.3594734e-22)
(91.03 24.39 -1.3604424e-22)
(91.03 24.39 -3.8191671e-22)
(91.03 24.39 -5.9536036e-22)
(91.03 24.39 0)
(91.03 24.39 0)
(91.03 24.39 -9.7145972e-23)
(91.03 24.39 9.0682568e-22)
(91.03 24.39 -8.4604884e-23)
(91.03 24.39 1.2622798e-21)
(91.03 24.39 5.8820711e-22)
(91.03 24.39 0)
(91.03 24.39 1.1476203e-21)
(91.03 24.39 9.4911455e-22)
(91.03 24.39 -9.9287024e-22)
(91.03 24.39 8.2017409e-22)
(91.03 24.39 0)
(91.03 24.39 -7.0706492e-22)
(91.03 24.39 1.2298191e-21)
(91.03 24.39 1.2161378e-21)
(91.03 24.39 -1.1267439e-21)
(91.03 24.39 1.1084697e-21)
(91.03 24.39 -1.0256959e-21)
(91.03 24.39 5.5794021e-23)
(91.03 24.39 -8.2498715e-22)
(91.03 24.39 -4.761973e-23)
(91.03 24.39 4.3950703e-23)
(91.03 24.39 0)
(91.03 24.39 1.1583501e-21)
(91.03 24.39 3.4419991e-23)
(91.03 24.39 3.1685539e-23)
(91.03 24.39 -1.9238598e-21)
(91.03 24.39 2.6798868e-23)
(91.03 24.39 0)
(91.03 24.39 -3.498571e-22)
(91.03 24.39 3.2830805e-22)
(91.03 24.39 0)
(91.03 24.39 -5.775051e-22)
(91.03 24.39 4.0593997e-22)
(91.03 24.39 6.3381668e-22)
(91.03 24.39 3.5610026e-22)
(91.03 24.39 1.1109847e-22)
(91.03 24.39 -1.0393448e-22)
(91.03 24.39 0)
(91.03 24.39 -8.1746972e-22)
(91.03 24.39 -6.7877777e-22)
(91.03 24.39 1.5843546e-22)
(91.03 24.39 -1.1827669e-21)
(91.03 24.39 0)
(91.03 24.39 0)
(91.03 24.39 0)
(91.03 24.39 1.114986e-22)
(91.03 24.39 -1.0375802e-22)
(91.03 24.39 -6.7549025e-22)
(91.03 24.39 5.3816449e-22)
(91.03 24.39 8.3319449e-23)
(91.03 24.39 0)
(91.03 24.39 -1.1482539e-21)
(91.03 24.39 -9.9814168e-22)
(91.03 24.39 -9.8657858e-22)
(91.03 24.39 8.5652313e-22)
(91.03 24.39 0)
(91.03 24.39 -4.8875075e-23)
(91.03 24.39 1.5359118e-21)
(91.03 24.39 0)
(91.03 24.39 -3.8515915e-23)
(91.03 24.39 0)
(91.03 24.39 1.0808657e-21)
(91.03 24.39 -3.0174472e-23)
(91.03 24.39 1.7779388e-21)
(91.03 24.39 3.2715952e-21)
(91.03 24.39 1.728858e-22)
(91.03 24.39 1.6240164e-22)
(91.03 24.39 -6.0997617e-22)
(91.03 24.39 5.7253531e-22)
(91.03 24.39 5.3717241e-22)
(91.03 24.39 -1.259455e-22)
(91.03 24.39 -4.7226385e-22)
(91.03 24.39 -3.3189166e-22)
(91.03 24.39 4.1446631e-22)
(91.03 24.39 -9.7002404e-22)
(91.03 24.39 0)
(91.03 24.39 8.4892026e-22)
(91.03 24.39 0)
(91.03 24.39 0)
(91.03 24.39 5.5393511e-22)
(91.03 24.39 -1.0340412e-21)
(91.03 24.39 -1.2057669e-22)
(91.03 24.39 -7.8693546e-22)
(91.03 24.39 -8.3804385e-22)
(91.03 24.39 9.7558688e-23)
(91.03 24.39 -9.0803976e-23)
(91.03 24.39 -6.7573971e-22)
(91.03 24.39 0)
(91.03 24.39 0)
(91.03 24.39 0)
(91.03 24.39 1.0058473e-21)
(91.03 24.39 9.9110862e-22)
(91.03 24.39 -1.0806585e-22)
(91.03 24.39 5.0045844e-23)
(91.03 24.39 0)
(91.03 24.39 -1.371193e-21)
(91.03 24.39 -1.267552e-21)
(91.03 24.39 1.1343853e-21)
(91.03 24.39 6.7565753e-23)
(91.03 24.39 -1.0285422e-21)
(91.03 24.39 9.1956597e-22)
(91.03 24.39 -2.6477105e-23)
(91.03 24.39 -1.5602741e-21)
(91.03 24.39 1.603321e-22)
(91.03 24.39 4.5210843e-22)
(91.03 24.39 7.0799134e-22)
(91.03 24.39 -5.3196789e-22)
(91.03 24.39 0)
(91.03 24.39 -4.6870088e-22)
(91.03 24.39 4.3967244e-22)
(91.03 24.39 0)
(91.03 24.39 1.9319695e-22)
(91.03 24.39 9.0495753e-22)
(91.03 24.39 -1.6947857e-22)
(91.03 24.39 1.5862263e-22)
(91.03 24.39 1.1871197e-21)
(91.03 24.39 0)
(91.03 24.39 6.4833824e-22)
(91.03 24.39 2.4223667e-22)
(91.03 24.39 1.1307286e-22)
(91.03 24.39 0)
(91.03 24.39 -9.8389334e-23)
(91.03 24.39 7.3361843e-22)
(91.03 24.39 8.5421093e-23)
(91.03 24.39 -6.3619203e-22)
(91.03 24.39 0)
(91.03 24.39 0)
(91.03 24.39 1.0229836e-21)
(91.03 24.39 0)
(91.03 24.39 -1.7636206e-21)
(91.03 24.39 -8.1793796e-22)
(91.03 24.39 0)
(91.03 24.39 0)
(91.03 24.39 4.0641548e-23)
(91.03 24.39 1.1656248e-21)
(91.03 24.39 -1.1472367e-21)
(91.03 24.39 -9.9576406e-22)
(91.03 24.39 0)
(91.03 24.39 -8.7577405e-22)
(91.03 24.39 2.5236679e-23)
(91.03 24.39 -2.3255876e-23)
(91.03 24.39 0)
(91.03 24.39 -1.7825456e-22)
(91.03 24.39 1.6782927e-22)
(91.03 24.39 0)
(91.03 24.39 -1.4861962e-22)
(91.03 24.39 -4.1934362e-22)
(91.03 24.39 0)
(91.03 24.39 4.9404879e-22)
(91.03 24.39 -2.3207018e-22)
(91.03 24.39 1.0896708e-21)
(91.03 24.39 -2.045754e-22)
(91.03 24.39 1.9195483e-22)
(91.03 24.39 -7.2014059e-22)
(91.03 24.39 -1.6878088e-22)
(91.03 24.39 -4.7447544e-22)
(91.03 24.39 7.4067909e-22)
(91.03 24.39 -5.5472925e-22)
(91.03 24.39 -2.595378e-22)
(91.03 24.39 -8.4957548e-22)
(91.03 24.39 -1.1345311e-22)
(91.03 24.39 -7.4199537e-22)
(91.03 24.39 1.6827066e-21)
(91.03 24.39 7.3904426e-22)
(91.03 24.39 -8.6171139e-23)
(91.03 24.39 0)
(91.03 24.39 6.7364354e-22)
(91.03 24.39 9.0608054e-22)
(91.03 24.39 1.2972758e-21)
(91.03 24.39 -2.0511587e-21)
(91.03 24.39 0)
(91.03 24.39 1.6668969e-21)
(91.03 24.39 0)
(91.03 24.39 -1.3459595e-21)
(91.03 24.39 -8.3195818e-23)
(91.03 24.39 1.3104809e-21)
(91.03 24.39 1.0707062e-21)
(91.03 24.39 0)
(91.03 24.39 6.1082442e-23)
(91.03 24.39 -5.6448544e-23)
(91.03 24.39 0)
(91.03 24.39 0)
(91.03 24.39 0)
(91.03 24.39 5.2478658e-22)
(91.03 24.39 -1.6485003e-22)
(91.03 24.39 1.5530211e-22)
(91.03 24.39 -4.3877702e-22)
(91.03 24.39 0)
(91.03 24.39 -1.2958883e-22)
(91.03 24.39 0)
(91.03 24.39 -4.5861792e-22)
(91.03 24.39 -2.1557011e-22)
(91.03 24.39 -1.0128787e-21)
(91.03 24.39 0)
(91.03 24.39 -3.5734746e-22)
(91.03 24.39 0)
(91.03 24.39 1.5732715e-22)
(91.03 24.39 4.4259908e-22)
(91.03 24.39 -5.5314373e-22)
(91.03 24.39 0)
(91.03 24.39 1.2132343e-22)
(91.03 24.39 3.406702e-22)
(91.03 24.39 8.4987374e-22)
(91.03 24.39 8.9399911e-22)
(91.03 24.39 -8.3548946e-22)
(91.03 24.39 1.7342074e-22)
(91.03 24.39 -1.6189662e-22)
(91.03 24.39 0)
(91.03 24.39 -1.1268732e-21)
(91.03 24.39 -9.1893471e-22)
(91.03 24.39 -2.0786576e-21)
(91.03 24.39 9.1056989e-22)
(91.03 24.39 0)
(91.03 24.39 -1.4767351e-21)
(91.03 24.39 0)
(91.03 24.39 -8.4941565e-23)
(91.03 24.39 0)
(91.03 24.39 -1.1696147e-21)
(91.03 24.39 -2.1002134e-21)
(91.03 24.39 0)
(91.03 24.39 8.7115078e-22)
(91.03 24.39 0)
(91.03 24.39 1.5640683e-21)
(91.03 24.39 2.293235e-23)
(91.03 24.39 1.3547786e-21)
(91.03 24.39 -1.6159468e-22)
(91.03 24.39 -4.5712512e-22)
(91.03 24.39 2.8727338e-22)
(91.03 24.39 0)
(91.03 24.39 2.5502281e-22)
(91.03 24.39 -4.8032237e-22)
(91.03 24.39 2.2608712e-22)
(91.03 24.39 2.1276195e-22)
(91.03 24.39 -6.0044571e-22)
(91.03 24.39 3.7642385e-22)
(91.03 24.39 0)
(91.03 24.39 3.3247309e-22)
(91.03 24.39 0)
(91.03 24.39 4.3976078e-22)
(91.03 24.39 1.3756289e-22)
(91.03 24.39 6.4518599e-22)
(91.03 24.39 -1.2098504e-22)
(91.03 24.39 -1.1338264e-22)
(91.03 24.39 1.062073e-22)
(91.03 24.39 -5.9662495e-22)
(91.03 24.39 -1.8610546e-22)
(91.03 24.39 0)
(91.03 24.39 6.5088834e-22)
(91.03 24.39 -6.0814222e-22)
(91.03 24.39 -1.4197345e-22)
(91.03 24.39 1.1925326e-21)
(91.03 24.39 -9.8876353e-22)
(91.03 24.39 9.2175717e-22)
(91.03 24.39 -1.073484e-22)
(91.03 24.39 9.9955168e-23)
(91.03 24.39 6.5110253e-22)
(91.03 24.39 8.6502738e-23)
(91.03 24.39 2.4922906e-21)
(91.03 24.39 -1.1201092e-21)
(91.03 24.39 0)
(91.03 24.39 1.0930596e-21)
(91.03 24.39 -5.9604959e-23)
(91.03 24.39 0)
(91.03 24.39 0)
(91.03 24.39 -1.5134299e-21)
(91.03 24.39 1.3992254e-21)
(91.03 24.39 -1.2725607e-21)
(91.03 24.39 0)
(91.03 24.39 2.8153937e-22)
(91.03 24.39 0)
(91.03 24.39 0)
(91.03 24.39 -2.3604007e-22)
(91.03 24.39 0)
(91.03 24.39 2.0953021e-22)
(91.03 24.39 -5.9193618e-22)
(91.03 24.39 1.1144412e-21)
(91.03 24.39 1.7478307e-22)
(91.03 24.39 -3.288211e-22)
(91.03 24.39 1.545937e-22)
(91.03 24.39 4.3591582e-22)
(91.03 24.39 -5.4607665e-22)
(91.03 24.39 0)
(91.03 24.39 -7.2213473e-22)
(91.03 24.39 -2.2586453e-22)
(91.03 24.39 2.1183723e-22)
(91.03 24.39 -1.9858874e-22)
(91.03 24.39 0)
(91.03 24.39 6.9709723e-22)
(91.03 24.39 4.8940771e-22)
(91.03 24.39 -4.5789408e-22)
(91.03 24.39 5.7091409e-22)
(91.03 24.39 4.0019045e-22)
(91.03 24.39 9.9685745e-22)
(91.03 24.39 1.0469871e-21)
(91.03 24.39 0)
(91.03 24.39 0)
(91.03 24.39 9.4333568e-23)
(91.03 24.39 -8.7863213e-23)
(91.03 24.39 0)
(91.03 24.39 -2.3585854e-21)
(91.03 24.39 -7.0733313e-23)
(91.03 24.39 6.5717548e-23)
(91.03 24.39 0)
(91.03 24.39 -1.1323537e-22)
(91.03 24.39 8.9249968e-22)
(91.03 24.39 1.508129e-21)
(91.03 24.39 0)
(91.03 24.39 -1.2507063e-21)
(91.03 24.39 -1.9277002e-23)
(91.03 24.39 2.7535072e-22)
(91.03 24.39 0)
(91.03 24.39 -4.906994e-22)
(91.03 24.39 2.3149512e-22)
(91.03 24.39 2.1835589e-22)
(91.03 24.39 -4.117949e-22)
(91.03 24.39 -9.7043275e-22)
(91.03 24.39 5.4867556e-22)
(91.03 24.39 -5.1685067e-22)
(91.03 24.39 -3.2446634e-22)
(91.03 24.39 1.5271333e-22)
(91.03 24.39 1.4369829e-22)
(91.03 24.39 -5.4065333e-22)
(91.03 24.39 5.0833975e-22)
(91.03 24.39 0)
(91.03 24.39 8.9767554e-22)
(91.03 24.39 0)
(91.03 24.39 -1.9780984e-22)
(91.03 24.39 0)
(91.03 24.39 0)
(91.03 24.39 -4.8940093e-22)
(91.03 24.39 -4.5850727e-22)
(91.03 24.39 0)
(91.03 24.39 -6.6973228e-22)
(91.03 24.39 -5.01194e-22)
(91.03 24.39 -1.8743383e-21)
(91.03 24.39 -9.8517885e-22)
(91.03 24.39 9.2006199e-22)
(91.03 24.39 9.5417741e-23)
(91.03 24.39 -8.9008489e-23)
(91.03 24.39 -8.2980615e-23)
(91.03 24.39 7.7314371e-23)
(91.03 24.39 0)
(91.03 24.39 0)
(91.03 24.39 0)
(91.03 24.39 -9.2643e-22)
(91.03 24.39 8.6044914e-22)
(91.03 24.39 -1.6472e-21)
(91.03 24.39 -1.4352666e-21)
(91.03 24.39 1.3733075e-21)
(91.03 24.39 -3.9753054e-23)
(91.03 24.39 3.6798192e-23)
(91.03 24.39 -2.5394337e-22)
(91.03 24.39 -4.7978457e-22)
(91.03 24.39 2.2655529e-22)
(91.03 24.39 4.2779599e-22)
(91.03 24.39 6.0566385e-22)
(91.03 24.39 5.714824e-22)
(91.03 24.39 3.5937374e-22)
(91.03 24.39 1.6943804e-22)
(91.03 24.39 6.3888225e-22)
(91.03 24.39 -1.5050878e-22)
(91.03 24.39 -2.8355678e-22)
(91.03 24.39 -5.3402405e-22)
(91.03 24.39 -2.5133881e-22)
(91.03 24.39 2.36495e-22)
(91.03 24.39 4.4487997e-22)
(91.03 24.39 -4.1827081e-22)
(91.03 24.39 0)
(91.03 24.39 0)
(91.03 24.39 -5.2010042e-22)
(91.03 24.39 0)
(91.03 24.39 -1.5264612e-22)
(91.03 24.39 0)
(91.03 24.39 0)
(91.03 24.39 5.0264747e-22)
(91.03 24.39 -9.4122894e-22)
(91.03 24.39 8.8078427e-22)
(91.03 24.39 8.2377987e-22)
(91.03 24.39 -1.5400856e-21)
(91.03 24.39 0)
(91.03 24.39 5.8775519e-22)
(91.03 24.39 7.8353465e-23)
(91.03 24.39 0)
(91.03 24.39 1.0216232e-21)
(91.03 24.39 0)
(91.03 24.39 5.9057139e-23)
(91.03 24.39 8.7905733e-22)
(91.03 24.39 -8.1726356e-22)
(91.03 24.39 7.5931732e-22)
(91.03 24.39 1.4100261e-21)
(91.03 24.39 -1.3083089e-21)
(91.03 24.39 -3.7909641e-23)
(91.03 24.39 3.5127106e-23)
(91.03 24.39 0)
(91.03 24.39 2.2125077e-22)
(91.03 24.39 2.0908207e-22)
(91.03 24.39 -1.9752781e-22)
(91.03 24.39 -5.5967625e-22)
(91.03 24.39 -1.7614704e-22)
(91.03 24.39 1.6626614e-22)
(91.03 24.39 -6.2756215e-22)
(91.03 24.39 -2.9599219e-22)
(91.03 24.39 2.7911973e-22)
(91.03 24.39 -5.2623937e-22)
(91.03 24.39 4.9589982e-22)
(91.03 24.39 2.335707e-22)
(91.03 24.39 -4.3988764e-22)
(91.03 24.39 -2.0703302e-22)
(91.03 24.39 0)
(91.03 24.39 -3.6644545e-22)
(91.03 24.39 -6.8903519e-22)
(91.03 24.39 1.2950555e-21)
(91.03 24.39 0)
(91.03 24.39 0)
(91.03 24.39 0)
(91.03 24.39 0)
(91.03 24.39 -1.1784841e-22)
(91.03 24.39 9.9394561e-22)
(91.03 24.39 0)
(91.03 24.39 7.7469636e-22)
(91.03 24.39 0)
(91.03 24.39 -6.7783222e-22)
(91.03 24.39 0)
(91.03 24.39 0)
(91.03 24.39 0)
(91.03 24.39 1.2884982e-22)
(91.03 24.39 -2.4028302e-22)
(91.03 24.39 1.1195257e-22)
(91.03 24.39 8.3405046e-22)
(91.03 24.39 0)
(91.03 24.39 0)
(91.03 24.39 4.1937016e-23)
(91.03 24.39 -3.8952252e-23)
(91.03 24.39 0)
(91.03 24.39 0)
(91.03 24.39 0)
(91.03 24.39 -2.0393718e-22)
(91.03 24.39 0)
(91.03 24.39 0)
(91.03 24.39 1.722954e-22)
(91.03 24.39 3.2557828e-22)
(91.03 24.39 0)
(91.03 24.39 2.9038577e-22)
(91.03 24.39 -5.4823476e-22)
(91.03 24.39 2.586781e-22)
(91.03 24.39 1.2201423e-21)
(91.03 24.39 -2.3013104e-22)
(91.03 24.39 -4.338996e-22)
(91.03 24.39 4.0890103e-22)
(91.03 24.39 -3.8520108e-22)
(91.03 24.39 3.6273736e-22)
(91.03 24.39 3.414508e-22)
(91.03 24.39 8.0321136e-22)
(91.03 24.39 -6.043691e-22)
(91.03 24.39 -1.4204981e-22)
(91.03 24.39 4.00471e-22)
(91.03 24.39 3.7617112e-22)
(91.03 24.39 -4.7091091e-22)
(91.03 24.39 4.4192452e-22)
(91.03 24.39 -2.072606e-22)
(91.03 24.39 -7.7724766e-22)
(91.03 24.39 -7.2831715e-22)
(91.03 24.39 6.8211008e-22)
(91.03 24.39 0)
(91.03 24.39 0)
(91.03 24.39 0)
(91.03 24.39 0)
(91.03 24.39 -1.0967606e-21)
(91.03 24.39 1.137439e-21)
(91.03 24.39 -9.5491608e-22)
(91.03 24.39 -7.9129457e-22)
(91.03 24.39 -7.3720777e-22)
(91.03 24.39 0)
(91.03 24.39 0)
(91.03 24.39 -3.7113949e-23)
(91.03 24.39 6.8973071e-23)
(91.03 24.39 9.9272481e-22)
(91.03 24.39 1.9849333e-22)
(91.03 24.39 -3.7572833e-22)
(91.03 24.39 1.7775999e-22)
(91.03 24.39 0)
(91.03 24.39 -3.180589e-22)
(91.03 24.39 6.0142885e-22)
(91.03 24.39 0)
(91.03 24.39 0)
(91.03 24.39 0)
(91.03 24.39 -2.396031e-22)
(91.03 24.39 -9.0480658e-22)
(91.03 24.39 0)
(91.03 24.39 4.0281579e-22)
(91.03 24.39 -1.8995276e-22)
(91.03 24.39 -5.3725731e-22)
(91.03 24.39 -5.0633683e-22)
(91.03 24.39 3.1801132e-22)
(91.03 24.39 -4.4922127e-22)
(91.03 24.39 -2.8191811e-22)
(91.03 24.39 -2.6527682e-22)
(91.03 24.39 2.4951264e-22)
(91.03 24.39 4.6916731e-22)
(91.03 24.39 4.4089955e-22)
(91.03 24.39 6.2121813e-22)
(91.03 24.39 -5.8324768e-22)
(91.03 24.39 0)
(91.03 24.39 -6.8450214e-22)
(91.03 24.39 6.4170855e-22)
(91.03 24.39 6.0127677e-22)
(91.03 24.39 0)
(91.03 24.39 0)
(91.03 24.39 -1.2325649e-22)
(91.03 24.39 1.0371162e-21)
(91.03 24.39 -9.6905533e-22)
(91.03 24.39 0)
(91.03 24.39 9.3835002e-23)
(91.03 24.39 1.4002714e-21)
(91.03 24.39 1.3051632e-21)
(91.03 24.39 -1.2917152e-21)
(91.03 24.39 1.2024186e-21)
(91.03 24.39 0)
(91.03 24.39 -9.7866631e-22)
(91.03 24.39 -1.826172e-22)
(91.03 24.39 0)
(91.03 24.39 -3.2750901e-22)
(91.03 24.39 6.20042e-22)
(91.03 24.39 0)
(91.03 24.39 -2.7758453e-22)
(91.03 24.39 -2.6255778e-22)
(91.03 24.39 0)
(91.03 24.39 0)
(91.03 24.39 2.2181063e-22)
(91.03 24.39 2.0956189e-22)
(91.03 24.39 3.9585628e-22)
(91.03 24.39 -5.606416e-22)
(91.03 24.39 5.2917457e-22)
(91.03 24.39 1.6643475e-22)
(91.03 24.39 0)
(91.03 24.39 0)
(91.03 24.39 -2.7902566e-22)
(91.03 24.39 5.2578152e-22)
(91.03 24.39 7.4277405e-22)
(91.03 24.39 0)
(91.03 24.39 0)
(91.03 24.39 -4.1263783e-22)
(91.03 24.39 -7.7593193e-22)
(91.03 24.39 7.2920704e-22)
(91.03 24.39 6.8497573e-22)
(91.03 24.39 4.823389e-22)
(91.03 24.39 -6.0352145e-22)
(91.03 24.39 1.4151894e-22)
(91.03 24.39 -6.6334718e-22)
(91.03 24.39 0)
(91.03 24.39 2.3281658e-22)
(91.03 24.39 -9.8055448e-22)
(91.03 24.39 1.6305952e-21)
(91.03 24.39 0)
(91.03 24.39 -7.1210262e-22)
(91.03 24.39 -1.3298146e-21)
(91.03 24.39 -1.2409074e-21)
(91.03 24.39 -1.2295357e-21)
(91.03 24.39 -1.0110574e-21)
(91.03 24.39 -6.2775696e-23)
(91.03 24.39 5.8426321e-23)
(91.03 24.39 -3.3580202e-22)
(91.03 24.39 0)
(91.03 24.39 0)
(91.03 24.39 -2.8560511e-22)
(91.03 24.39 2.7047145e-22)
(91.03 24.39 -2.5607636e-22)
(91.03 24.39 0)
(91.03 24.39 0)
(91.03 24.39 -4.3397738e-22)
(91.03 24.39 -6.1566377e-22)
(91.03 24.39 3.8807258e-22)
(91.03 24.39 -5.5021997e-22)
(91.03 24.39 0)
(91.03 24.39 0)
(91.03 24.39 -3.0919353e-22)
(91.03 24.39 2.9188236e-22)
(91.03 24.39 5.5089086e-22)
(91.03 24.39 -5.1968353e-22)
(91.03 24.39 -4.9006463e-22)
(91.03 24.39 -4.6195976e-22)
(91.03 24.39 -2.1764866e-22)
(91.03 24.39 -6.1501392e-22)
(91.03 24.39 9.6507766e-22)
(91.03 24.39 -1.8165038e-22)
(91.03 24.39 6.8351834e-22)
(91.03 24.39 6.4270037e-22)
(91.03 24.39 0)
(91.03 24.39 -1.4185868e-22)
(91.03 24.39 1.3319674e-22)
(91.03 24.39 1.2500079e-22)
(91.03 24.39 -1.1724857e-22)
(91.03 24.39 0)
(91.03 24.39 8.2393095e-22)
(91.03 24.39 -1.4467009e-21)
(91.03 24.39 0)
(91.03 24.39 5.9103018e-22)
(91.03 24.39 6.3143345e-22)
(91.03 24.39 0)
(91.03 24.39 1.1015623e-21)
(91.03 24.39 0)
(91.03 24.39 -1.0183239e-21)
(91.03 24.39 -8.6519852e-22)
(91.03 24.39 1.5426693e-22)
(91.03 24.39 0)
(91.03 24.39 2.7739741e-22)
(91.03 24.39 2.6294125e-22)
(91.03 24.39 -2.4918133e-22)
(91.03 24.39 0)
(91.03 24.39 0)
(91.03 24.39 -2.1176824e-22)
(91.03 24.39 8.0195561e-22)
(91.03 24.39 -3.7952011e-22)
(91.03 24.39 3.5911265e-22)
(91.03 24.39 6.794139e-22)
(91.03 24.39 -3.2125664e-22)
(91.03 24.39 3.0371761e-22)
(91.03 24.39 -2.8704745e-22)
(91.03 24.39 -5.4241168e-22)
(91.03 24.39 -2.5615441e-22)
(91.03 24.39 2.4185646e-22)
(91.03 24.39 9.1310755e-22)
(91.03 24.39 2.1538217e-22)
(91.03 24.39 -2.0314024e-22)
(91.03 24.39 0)
(91.03 24.39 -1.4439572e-21)
(91.03 24.39 6.8013617e-22)
(91.03 24.39 -1.4410121e-21)
(91.03 24.39 1.5070464e-22)
(91.03 24.39 1.417865e-22)
(91.03 24.39 -6.6667474e-22)
(91.03 24.39 3.7598407e-22)
(91.03 24.39 1.1774479e-22)
(91.03 24.39 0)
(91.03 24.39 0)
(91.03 24.39 -6.8139083e-22)
(91.03 24.39 6.3883256e-22)
(91.03 24.39 7.6962903e-22)
(91.03 24.39 0)
(91.03 24.39 1.124304e-21)
(91.03 24.39 -7.0110671e-23)
(91.03 24.39 6.55407e-23)
(91.03 24.39 0)
(91.03 24.39 8.5751011e-22)
(91.03 24.39 8.5342769e-22)
(91.03 24.39 1.4164122e-22)
(91.03 24.39 -2.6881686e-22)
(91.03 24.39 2.5503775e-22)
(91.03 24.39 0)
(91.03 24.39 -2.2941546e-22)
(91.03 24.39 4.3502877e-22)
(91.03 24.39 0)
(91.03 24.39 0)
(91.03 24.39 0)
(91.03 24.39 -3.5071298e-22)
(91.03 24.39 0)
(91.03 24.39 3.1441843e-22)
(91.03 24.39 -2.9758338e-22)
(91.03 24.39 -2.8156987e-22)
(91.03 24.39 -2.6634006e-22)
(91.03 24.39 5.0371591e-22)
(91.03 24.39 0)
(91.03 24.39 4.5000181e-22)
(91.03 24.39 -2.1256149e-22)
(91.03 24.39 -6.0222292e-22)
(91.03 24.39 7.5804326e-22)
(91.03 24.39 0)
(91.03 24.39 1.1809948e-21)
(91.03 24.39 3.1819066e-22)
(91.03 24.39 -1.4996541e-22)
(91.03 24.39 0)
(91.03 24.39 -2.6616105e-22)
(91.03 24.39 1.5033992e-21)
(91.03 24.39 -2.3577901e-22)
(91.03 24.39 -2.217609e-22)
(91.03 24.39 4.1695232e-22)
(91.03 24.39 -1.9589051e-22)
(91.03 24.39 5.5191378e-22)
(91.03 24.39 1.7268708e-22)
(91.03 24.39 0)
(91.03 24.39 0)
(91.03 24.39 -2.2776502e-21)
(91.03 24.39 -1.0665908e-21)
(91.03 24.39 -6.2396602e-23)
(91.03 24.39 -8.7553076e-22)
(91.03 24.39 5.4566909e-23)
(91.03 24.39 7.647049e-22)
(91.03 24.39 -2.5991158e-22)
(91.03 24.39 -2.468062e-22)
(91.03 24.39 4.6863275e-22)
(91.03 24.39 0)
(91.03 24.39 -4.2214743e-22)
(91.03 24.39 0)
(91.03 24.39 0)
(91.03 24.39 5.4051828e-22)
(91.03 24.39 0)
(91.03 24.39 3.2388829e-22)
(91.03 24.39 3.0695588e-22)
(91.03 24.39 0)
(91.03 24.39 0)
(91.03 24.39 2.6088491e-22)
(91.03 24.39 2.4698566e-22)
(91.03 24.39 4.6752058e-22)
(91.03 24.39 0)
(91.03 24.39 -6.2762847e-22)
(91.03 24.39 -3.9565314e-22)
(91.03 24.39 -1.8700237e-22)
(91.03 24.39 1.7671126e-22)
(91.03 24.39 -6.6771546e-22)
(91.03 24.39 3.1526358e-22)
(91.03 24.39 2.9759533e-22)
(91.03 24.39 0)
(91.03 24.39 -2.6486821e-22)
(91.03 24.39 0)
(91.03 24.39 -7.0607457e-22)
(91.03 24.39 0)
(91.03 24.39 -6.263261e-22)
(91.03 24.39 0)
(91.03 24.39 7.3942173e-22)
(91.03 24.39 -6.9527152e-22)
(91.03 24.39 0)
(91.03 24.39 0)
(91.03 24.39 -5.7624782e-22)
(91.03 24.39 1.0814148e-21)
(91.03 24.39 1.0775336e-21)
(91.03 24.39 0)
(91.03 24.39 7.7906442e-22)
(91.03 24.39 -7.2931367e-22)
(91.03 24.39 -8.7726497e-22)
(91.03 24.39 2.3829208e-22)
(91.03 24.39 0)
(91.03 24.39 0)
(91.03 24.39 2.0434103e-22)
(91.03 24.39 7.762477e-22)
(91.03 24.39 -3.6852722e-22)
(91.03 24.39 0)
(91.03 24.39 -3.320473e-22)
(91.03 24.39 3.1508394e-22)
(91.03 24.39 -2.9892096e-22)
(91.03 24.39 -8.505663e-22)
(91.03 24.39 2.688531e-22)
(91.03 24.39 0)
(91.03 24.39 2.4157444e-22)
(91.03 24.39 0)
(91.03 24.39 -6.505158e-22)
(91.03 24.39 6.1605959e-22)
(91.03 24.39 -3.8884134e-22)
(91.03 24.39 3.6803184e-22)
(91.03 24.39 0)
(91.03 24.39 -3.2938983e-22)
(91.03 24.39 3.1146772e-22)
(91.03 24.39 -5.8884361e-22)
(91.03 24.39 -1.3910608e-21)
(91.03 24.39 2.6280062e-22)
(91.03 24.39 -4.9630138e-22)
(91.03 24.39 4.684552e-22)
(91.03 24.39 -2.2099822e-22)
(91.03 24.39 -4.1686164e-22)
(91.03 24.39 9.8247509e-22)
(91.03 24.39 -5.5548601e-22)
(91.03 24.39 -8.7202067e-22)
(91.03 24.39 6.5678013e-22)
(91.03 24.39 -4.6352872e-22)
(91.03 24.39 -1.453237e-22)
(91.03 24.39 5.4645789e-22)
(91.03 24.39 -1.0268798e-21)
(91.03 24.39 -1.2053926e-22)
(91.03 24.39 2.2626467e-22)
(91.03 24.39 -1.5918015e-22)
(91.03 24.39 8.4561656e-22)
(91.03 24.39 -7.4565971e-22)
(91.03 24.39 0)
(91.03 24.39 -6.2275058e-22)
(91.03 24.39 3.9471088e-22)
(91.03 24.39 -7.5039457e-22)
(91.03 24.39 1.7829211e-22)
(91.03 24.39 -1.6941598e-22)
(91.03 24.39 0)
(91.03 24.39 -3.057595e-22)
(91.03 24.39 2.9036738e-22)
(91.03 24.39 2.7569313e-22)
(91.03 24.39 5.234094e-22)
(91.03 24.39 0)
(91.03 24.39 -4.71328e-22)
(91.03 24.39 -2.2355443e-22)
(91.03 24.39 4.2403194e-22)
(91.03 24.39 -4.0204569e-22)
(91.03 24.39 0)
(91.03 24.39 3.6115186e-22)
(91.03 24.39 0)
(91.03 24.39 0)
(91.03 24.39 0)
(91.03 24.39 8.7131121e-22)
(91.03 24.39 -2.7482897e-22)
(91.03 24.39 5.199501e-22)
(91.03 24.39 0)
(91.03 24.39 4.6479009e-22)
(91.03 24.39 -2.1960519e-22)
(91.03 24.39 -2.0744204e-22)
(91.03 24.39 -5.8763158e-22)
(91.03 24.39 3.6976698e-22)
(91.03 24.39 6.9774018e-22)
(91.03 24.39 8.2253576e-22)
(91.03 24.39 6.2030454e-22)
(91.03 24.39 4.3835839e-22)
(91.03 24.39 1.3761562e-22)
(91.03 24.39 -1.0363522e-21)
(91.03 24.39 1.0969654e-21)
(91.03 24.39 8.0233933e-22)
(91.03 24.39 0)
(91.03 24.39 0)
(91.03 24.39 7.6009892e-22)
(91.03 24.39 7.1321001e-22)
(91.03 24.39 0)
(91.03 24.39 1.9015609e-22)
(91.03 24.39 0)
(91.03 24.39 1.7209733e-22)
(91.03 24.39 -3.2736228e-22)
(91.03 24.39 3.1129992e-22)
(91.03 24.39 0)
(91.03 24.39 0)
(91.03 24.39 2.6740118e-22)
(91.03 24.39 2.5409439e-22)
(91.03 24.39 0)
(91.03 24.39 -4.5859405e-22)
(91.03 24.39 2.177534e-22)
(91.03 24.39 0)
(91.03 24.39 -3.9250308e-22)
(91.03 24.39 3.7249329e-22)
(91.03 24.39 3.5341943e-22)
(91.03 24.39 -3.3523969e-22)
(91.03 24.39 -3.1791417e-22)
(91.03 24.39 6.0280962e-22)
(91.03 24.39 0)
(91.03 24.39 -2.7068964e-22)
(91.03 24.39 -2.564157e-22)
(91.03 24.39 -4.8564228e-22)
(91.03 24.39 -4.597511e-22)
(91.03 24.39 0)
(91.03 24.39 4.1163199e-22)
(91.03 24.39 0)
(91.03 24.39 7.3607641e-22)
(91.03 24.39 -6.9562556e-22)
(91.03 24.39 1.6428619e-22)
(91.03 24.39 -7.7568184e-22)
(91.03 24.39 -7.3217902e-22)
(91.03 24.39 8.289857e-22)
(91.03 24.39 -1.3030251e-22)
(91.03 24.39 0)
(91.03 24.39 0)
(91.03 24.39 -8.7196506e-22)
(91.03 24.39 9.23371e-22)
(91.03 24.39 0)
(91.03 24.39 -8.1684984e-22)
(91.03 24.39 0)
(91.03 24.39 0)
(91.03 24.39 -3.481044e-22)
(91.03 24.39 0)
(91.03 24.39 1.5775354e-22)
(91.03 24.39 0)
(91.03 24.39 0)
(91.03 24.39 -2.7192927e-22)
(91.03 24.39 -5.1740022e-22)
(91.03 24.39 7.3821767e-22)
(91.03 24.39 -1.1701013e-21)
(91.03 24.39 6.6755376e-22)
(91.03 24.39 2.1154166e-22)
(91.03 24.39 0)
(91.03 24.39 0)
(91.03 24.39 3.6308373e-22)
(91.03 24.39 -3.4489543e-22)
(91.03 24.39 0)
(91.03 24.39 0)
(91.03 24.39 0)
(91.03 24.39 -2.8017527e-22)
(91.03 24.39 0)
(91.03 24.39 -2.5215319e-22)
(91.03 24.39 -2.3911649e-22)
(91.03 24.39 9.0676377e-22)
(91.03 24.39 2.1484943e-22)
(91.03 24.39 2.035659e-22)
(91.03 24.39 -7.7126207e-22)
(91.03 24.39 -3.6514902e-22)
(91.03 24.39 0)
(91.03 24.39 6.5412339e-22)
(91.03 24.39 -6.187431e-22)
(91.03 24.39 -5.8506052e-22)
(91.03 24.39 5.5300002e-22)
(91.03 24.39 -3.9186704e-22)
(91.03 24.39 -1.2336483e-22)
(91.03 24.39 9.3168823e-22)
(91.03 24.39 9.890565e-22)
(91.03 24.39 -1.036522e-21)
(91.03 24.39 -7.8174216e-22)
(91.03 24.39 1.8415629e-22)
(91.03 24.39 -1.7344045e-22)
(91.03 24.39 4.0815747e-23)
(91.03 24.39 1.6704373e-22)
(91.03 24.39 0)
(91.03 24.39 1.5166712e-22)
(91.03 24.39 1.4448871e-22)
(91.03 24.39 -2.7526182e-22)
(91.03 24.39 0)
(91.03 24.39 0)
(91.03 24.39 -4.753822e-22)
(91.03 24.39 4.5254995e-22)
(91.03 24.39 0)
(91.03 24.39 -2.0496236e-22)
(91.03 24.39 1.9502212e-22)
(91.03 24.39 0)
(91.03 24.39 -3.5294264e-22)
(91.03 24.39 0)
(91.03 24.39 3.1913381e-22)
(91.03 24.39 0)
(91.03 24.39 0)
(91.03 24.39 0)
(91.03 24.39 -2.6028966e-22)
(91.03 24.39 4.9444811e-22)
(91.03 24.39 0)
(91.03 24.39 0)
(91.03 24.39 -2.115279e-22)
(91.03 24.39 0)
(91.03 24.39 -3.8079376e-22)
(91.03 24.39 0)
(91.03 24.39 6.8473934e-22)
(91.03 24.39 0)
(91.03 24.39 -6.1490288e-22)
(91.03 24.39 5.8242242e-22)
(91.03 24.39 -2.7573584e-22)
(91.03 24.39 0)
(91.03 24.39 2.4694576e-22)
(91.03 24.39 1.1678389e-22)
(91.03 24.39 7.7289836e-22)
(91.03 24.39 -1.669588e-21)
(91.03 24.39 8.8718416e-22)
(91.03 24.39 -1.8616299e-22)
(91.03 24.39 -6.1497391e-22)
(91.03 24.39 0)
(91.03 24.39 0)
(91.03 24.39 1.5252923e-22)
(91.03 24.39 2.9091083e-22)
(91.03 24.39 -5.5477267e-22)
(91.03 24.39 -1.3222912e-22)
(91.03 24.39 0)
(91.03 24.39 0)
(91.03 24.39 0)
(91.03 24.39 4.3643262e-22)
(91.03 24.39 2.0790889e-22)
(91.03 24.39 -5.9418024e-22)
(91.03 24.39 0)
(91.03 24.39 -1.7966021e-22)
(91.03 24.39 -1.7107215e-22)
(91.03 24.39 3.2573696e-22)
(91.03 24.39 -3.1006514e-22)
(91.03 24.39 0)
(91.03 24.39 0)
(91.03 24.39 0)
(91.03 24.39 2.5411621e-22)
(91.03 24.39 0)
(91.03 24.39 4.5957489e-22)
(91.03 24.39 0)
(91.03 24.39 0)
(91.03 24.39 -3.9455686e-22)
(91.03 24.39 7.4965303e-22)
(91.03 24.39 -3.5599707e-22)
(91.03 24.39 0)
(91.03 24.39 3.2088436e-22)
(91.03 24.39 6.0905413e-22)
(91.03 24.39 -2.8892259e-22)
(91.03 24.39 -5.4807565e-22)
(91.03 24.39 5.1968231e-22)
(91.03 24.39 2.4630233e-22)
(91.03 24.39 -7.0017751e-22)
(91.03 24.39 0)
(91.03 24.39 -1.046752e-21)
(91.03 24.39 0)
(91.03 24.39 -9.3754188e-23)
(91.03 24.39 0)
(91.03 24.39 6.7071146e-22)
(91.03 24.39 7.1308147e-22)
(91.03 24.39 0)
(91.03 24.39 5.5660878e-22)
(91.03 24.39 -2.6559444e-22)
(91.03 24.39 1.2671904e-22)
(91.03 24.39 1.2090595e-22)
(91.03 24.39 0)
(91.03 24.39 -2.2006139e-22)
(91.03 24.39 2.0989494e-22)
(91.03 24.39 2.0017433e-22)
(91.03 24.39 -1.9088054e-22)
(91.03 24.39 3.6399104e-22)
(91.03 24.39 -1.7350182e-22)
(91.03 24.39 0)
(91.03 24.39 3.1524362e-22)
(91.03 24.39 -3.0040846e-22)
(91.03 24.39 -5.7246043e-22)
(91.03 24.39 1.0907218e-21)
(91.03 24.39 -2.5973226e-22)
(91.03 24.39 0)
(91.03 24.39 2.355378e-22)
(91.03 24.39 -6.7272887e-22)
(91.03 24.39 -4.269047e-22)
(91.03 24.39 0)
(91.03 24.39 0)
(91.03 24.39 -7.3556661e-22)
(91.03 24.39 -3.4981677e-22)
(91.03 24.39 3.3265794e-22)
(91.03 24.39 -6.3254323e-22)
(91.03 24.39 3.0062427e-22)
(91.03 24.39 -8.5705079e-22)
(91.03 24.39 5.4283764e-22)
(91.03 24.39 7.7340119e-22)
(91.03 24.39 -2.4480011e-22)
(91.03 24.39 0)
(91.03 24.39 0)
(91.03 24.39 6.277331e-22)
(91.03 24.39 7.9383404e-22)
(91.03 24.39 1.1290031e-21)
(91.03 24.39 5.3504654e-22)
(91.03 24.39 6.7593162e-22)
(91.03 24.39 -8.0024844e-23)
(91.03 24.39 7.576519e-23)
(91.03 24.39 5.7362805e-22)
(91.03 24.39 -2.5366522e-22)
(91.03 24.39 0)
(91.03 24.39 5.7837612e-22)
(91.03 24.39 -4.4181865e-22)
(91.03 24.39 1.0545966e-22)
(91.03 24.39 -2.013614e-22)
(91.03 24.39 0)
(91.03 24.39 3.6693955e-22)
(91.03 24.39 -3.502039e-22)
(91.03 24.39 3.3419576e-22)
(91.03 24.39 -1.594421e-22)
(91.03 24.39 0)
(91.03 24.39 1.4511705e-22)
(91.03 24.39 0)
(91.03 24.39 -7.9209607e-22)
(91.03 24.39 1.2589229e-21)
(91.03 24.39 -9.6029577e-22)
(91.03 24.39 2.2887722e-22)
(91.03 24.39 0)
(91.03 24.39 2.0793839e-22)
(91.03 24.39 0)
(91.03 24.39 3.7760605e-22)
(91.03 24.39 3.5972747e-22)
(91.03 24.39 0)
(91.03 24.39 3.2630611e-22)
(91.03 24.39 0)
(91.03 24.39 2.9577926e-22)
(91.03 24.39 2.81524e-22)
(91.03 24.39 0)
(91.03 24.39 2.5488639e-22)
(91.03 24.39 -4.8490068e-22)
(91.03 24.39 -2.3056892e-22)
(91.03 24.39 0)
(91.03 24.39 0)
(91.03 24.39 -7.9206729e-22)
(91.03 24.39 -7.5249352e-22)
(91.03 24.39 0)
(91.03 24.39 -6.786e-22)
(91.03 24.39 -8.0516158e-22)
(91.03 24.39 2.2920536e-22)
(91.03 24.39 -7.2473457e-22)
(91.03 24.39 6.8723122e-23)
(91.03 24.39 4.6198122e-22)
(91.03 24.39 -3.3116137e-22)
(91.03 24.39 -1.0549668e-22)
(91.03 24.39 0)
(91.03 24.39 0)
(91.03 24.39 0)
(91.03 24.39 1.7587411e-22)
(91.03 24.39 -1.6801362e-22)
(91.03 24.39 -3.2098101e-22)
(91.03 24.39 1.5329063e-22)
(91.03 24.39 0)
(91.03 24.39 0)
(91.03 24.39 -1.3349771e-22)
(91.03 24.39 -2.5492136e-22)
(91.03 24.39 2.4336894e-22)
(91.03 24.39 -2.3231612e-22)
(91.03 24.39 -6.6522506e-22)
(91.03 24.39 6.3487618e-22)
(91.03 24.39 -6.0584388e-22)
(91.03 24.39 5.7807197e-22)
(91.03 24.39 0)
(91.03 24.39 0)
(91.03 24.39 -3.3452882e-22)
(91.03 24.39 0)
(91.03 24.39 -3.0421175e-22)
(91.03 24.39 5.8007598e-22)
(91.03 24.39 0)
(91.03 24.39 0)
(91.03 24.39 2.511265e-22)
(91.03 24.39 0)
(91.03 24.39 2.2794157e-22)
(91.03 24.39 -2.1710583e-22)
(91.03 24.39 2.0674562e-22)
(91.03 24.39 1.9684046e-22)
(91.03 24.39 1.8737071e-22)
(91.03 24.39 1.783175e-22)
(91.03 24.39 -1.6966287e-22)
(91.03 24.39 1.6138959e-22)
(91.03 24.39 0)
(91.03 24.39 5.836872e-22)
(91.03 24.39 5.5478571e-22)
(91.03 24.39 0)
(91.03 24.39 0)
(91.03 24.39 -1.0049991e-22)
(91.03 24.39 0)
(91.03 24.39 0)
(91.03 24.39 -8.7915189e-23)
(91.03 24.39 0)
(91.03 24.39 1.6077481e-22)
(91.03 24.39 -1.5372212e-22)
(91.03 24.39 -4.4090607e-22)
(91.03 24.39 5.6200894e-22)
(91.03 24.39 0)
(91.03 24.39 5.1353128e-22)
(91.03 24.39 -6.1353724e-22)
(91.03 24.39 2.3454823e-22)
(91.03 24.39 0)
(91.03 24.39 -2.1418709e-22)
(91.03 24.39 4.0930921e-22)
(91.03 24.39 1.9553016e-22)
(91.03 24.39 -3.7359297e-22)
(91.03 24.39 5.3531183e-22)
(91.03 24.39 0)
(91.03 24.39 -3.2555936e-22)
(91.03 24.39 0)
(91.03 24.39 2.9687726e-22)
(91.03 24.39 -2.8345475e-22)
(91.03 24.39 -2.7061015e-22)
(91.03 24.39 2.5831886e-22)
(91.03 24.39 0)
(91.03 24.39 -1.1765151e-21)
(91.03 24.39 4.4906846e-22)
(91.03 24.39 2.1423023e-22)
(91.03 24.39 -4.0874231e-22)
(91.03 24.39 -1.9493795e-22)
(91.03 24.39 -3.7182463e-22)
(91.03 24.39 1.7727674e-22)
(91.03 24.39 8.4507248e-22)
(91.03 24.39 -6.4443805e-22)
(91.03 24.39 6.1418563e-22)
(91.03 24.39 0)
(91.03 24.39 -4.1816233e-22)
(91.03 24.39 -6.6381999e-22)
(91.03 24.39 -5.0570865e-22)
(91.03 24.39 9.5490864e-23)
(91.03 24.39 0)
(91.03 24.39 2.6248943e-22)
(91.03 24.39 -4.1873944e-22)
(91.03 24.39 7.214043e-22)
(91.03 24.39 0)
(91.03 24.39 -7.3417278e-22)
(91.03 24.39 -4.2154981e-22)
(91.03 24.39 2.6892761e-22)
(91.03 24.39 5.1466125e-22)
(91.03 24.39 -6.1555334e-22)
(91.03 24.39 4.7115914e-22)
(91.03 24.39 -6.761586e-22)
(91.03 24.39 2.1562262e-22)
(91.03 24.39 -2.0627107e-22)
(91.03 24.39 -1.9731451e-22)
(91.03 24.39 -3.7747299e-22)
(91.03 24.39 0)
(91.03 24.39 -3.453076e-22)
(91.03 24.39 3.3023932e-22)
(91.03 24.39 3.1580961e-22)
(91.03 24.39 0)
(91.03 24.39 -5.7752173e-22)
(91.03 24.39 8.2827488e-22)
(91.03 24.39 -7.9188207e-22)
(91.03 24.39 5.0469085e-22)
(91.03 24.39 2.4122413e-22)
(91.03 24.39 -4.6115204e-22)
(91.03 24.39 8.8152417e-22)
(91.03 24.39 -4.2124004e-22)
(91.03 24.39 0)
(91.03 24.39 0)
(91.03 24.39 0)
(91.03 24.39 0)
(91.03 24.39 -3.3541451e-22)
(91.03 24.39 1.6018941e-22)
(91.03 24.39 4.5897498e-22)
(91.03 24.39 -1.1688022e-21)
(91.03 24.39 1.395021e-22)
(91.03 24.39 2.663691e-22)
(91.03 24.39 1.2713554e-22)
(91.03 24.39 0)
(91.03 24.39 -1.73394e-22)
(91.03 24.39 0)
(91.03 24.39 0)
(91.03 24.39 -6.0974436e-22)
(91.03 24.39 5.1106973e-22)
(91.03 24.39 0)
(91.03 24.39 5.35897e-22)
(91.03 24.39 -3.8497059e-22)
(91.03 24.39 6.1453756e-22)
(91.03 24.39 -3.5314977e-22)
(91.03 24.39 0)
(91.03 24.39 4.3189568e-22)
(91.03 24.39 -2.0680976e-22)
(91.03 24.39 1.9805273e-22)
(91.03 24.39 -3.7932232e-22)
(91.03 24.39 7.2648068e-22)
(91.03 24.39 -5.2174605e-22)
(91.03 24.39 1.6653281e-22)
(91.03 24.39 1.5945928e-22)
(91.03 24.39 1.5268209e-22)
(91.03 24.39 0)
(91.03 24.39 0)
(91.03 24.39 -2.6801706e-22)
(91.03 24.39 -2.5659809e-22)
(91.03 24.39 2.4565889e-22)
(91.03 24.39 -7.0553839e-22)
(91.03 24.39 1.1257033e-21)
(91.03 24.39 -4.3104824e-22)
(91.03 24.39 -4.1262438e-22)
(91.03 24.39 0)
(91.03 24.39 0)
(91.03 24.39 3.6187637e-22)
(91.03 24.39 3.4636422e-22)
(91.03 24.39 3.315051e-22)
(91.03 24.39 -3.1727143e-22)
(91.03 24.39 -6.0727356e-22)
(91.03 24.39 0)
(91.03 24.39 4.1709608e-22)
(91.03 24.39 1.3303909e-22)
(91.03 24.39 -1.0183832e-21)
(91.03 24.39 0)
(91.03 24.39 5.8264075e-22)
(91.03 24.39 7.8630993e-23)
(91.03 24.39 6.0310397e-22)
(91.03 24.39 -4.3366584e-22)
(91.03 24.39 1.3858922e-22)
(91.03 24.39 0)
(91.03 24.39 -1.2738089e-22)
(91.03 24.39 4.8847726e-22)
(91.03 24.39 -7.0244311e-22)
(91.03 24.39 0)
(91.03 24.39 -1.0759688e-22)
(91.03 24.39 1.0314898e-22)
(91.03 24.39 -3.9553753e-22)
(91.03 24.39 0)
(91.03 24.39 -5.4525491e-22)
(91.03 24.39 1.5681217e-21)
(91.03 24.39 -1.1692141e-21)
(91.03 24.39 9.6074126e-22)
(91.03 24.39 -7.6751251e-22)
(91.03 24.39 4.414675e-22)
(91.03 24.39 4.2321708e-22)
(91.03 24.39 -5.409651e-22)
(91.03 24.39 0)
(91.03 24.39 2.4859127e-22)
(91.03 24.39 0)
(91.03 24.39 -4.5696498e-22)
(91.03 24.39 2.1905135e-22)
(91.03 24.39 4.2002599e-22)
(91.03 24.39 4.0270265e-22)
(91.03 24.39 -3.8610157e-22)
(91.03 24.39 -3.7019294e-22)
(91.03 24.39 -7.098963e-22)
(91.03 24.39 6.8067951e-22)
(91.03 24.39 -3.2634129e-22)
(91.03 24.39 -3.1292748e-22)
(91.03 24.39 3.00074e-22)
(91.03 24.39 2.8775747e-22)
(91.03 24.39 0)
(91.03 24.39 0)
(91.03 24.39 1.2690511e-22)
(91.03 24.39 4.8685263e-22)
(91.03 24.39 -1.1673797e-22)
(91.03 24.39 -4.4788156e-22)
(91.03 24.39 -2.8495745e-22)
(91.03 24.39 -5.4684556e-22)
(91.03 24.39 9.8383351e-22)
(91.03 24.39 0)
(91.03 24.39 -4.8309933e-22)
(91.03 24.39 2.3177623e-22)
(91.03 24.39 4.4480034e-22)
(91.03 24.39 -3.2010844e-22)
(91.03 24.39 -5.1194345e-22)
(91.03 24.39 0)
(91.03 24.39 -3.7712385e-22)
(91.03 24.39 0)
(91.03 24.39 8.6821571e-22)
(91.03 24.39 4.9991425e-22)
(91.03 24.39 -1.2793573e-21)
(91.03 24.39 -1.5347642e-22)
(91.03 24.39 4.4189195e-22)
(91.03 24.39 2.8274341e-22)
(91.03 24.39 1.356895e-22)
(91.03 24.39 1.302408e-22)
(91.03 24.39 1.2501621e-22)
(91.03 24.39 -4.8002712e-22)
(91.03 24.39 4.6081504e-22)
(91.03 24.39 2.2119769e-22)
(91.03 24.39 -2.1236806e-22)
(91.03 24.39 0)
(91.03 24.39 0)
(91.03 24.39 0)
(91.03 24.39 0)
(91.03 24.39 3.4681228e-22)
(91.03 24.39 3.3311129e-22)
(91.03 24.39 -3.1997964e-22)
(91.03 24.39 3.0739423e-22)
(91.03 24.39 0)
(91.03 24.39 0)
(91.03 24.39 0)
(91.03 24.39 -1.0483355e-21)
(91.03 24.39 5.0382766e-22)
(91.03 24.39 2.4216947e-22)
(91.03 24.39 -4.6566685e-22)
(91.03 24.39 0)
(91.03 24.39 -1.0766016e-22)
(91.03 24.39 0)
(91.03 24.39 0)
(91.03 24.39 5.9454886e-23)
(91.03 24.39 0)
(91.03 24.39 5.4832941e-23)
(91.03 24.39 -1.053211e-22)
(91.03 24.39 3.034541e-22)
(91.03 24.39 -2.9144952e-22)
(91.03 24.39 9.3309872e-23)
(91.03 24.39 0)
(91.03 24.39 0)
(91.03 24.39 -6.615705e-22)
(91.03 24.39 7.149687e-22)
(91.03 24.39 6.1054087e-22)
(91.03 24.39 -5.8656812e-22)
(91.03 24.39 0)
(91.03 24.39 -5.4150589e-22)
(91.03 24.39 2.6017018e-22)
(91.03 24.39 1.2500936e-22)
(91.03 24.39 -1.2014076e-22)
(91.03 24.39 -1.1547104e-22)
(91.03 24.39 0)
(91.03 24.39 -2.1339402e-22)
(91.03 24.39 6.1546719e-22)
(91.03 24.39 -5.9176719e-22)
(91.03 24.39 3.7936128e-22)
(91.03 24.39 -3.6483518e-22)
(91.03 24.39 -1.7545418e-22)
(91.03 24.39 3.3755723e-22)
(91.03 24.39 -3.2475901e-22)
(91.03 24.39 0)
(91.03 24.39 0)
(91.03 24.39 -8.6840178e-22)
(91.03 24.39 0)
(91.03 24.39 0)
(91.03 24.39 2.5841627e-22)
(91.03 24.39 2.4892372e-22)
(91.03 24.39 0)
(91.03 24.39 0)
(91.03 24.39 4.4558275e-22)
(91.03 24.39 1.074063e-22)
(91.03 24.39 3.1076471e-22)
(91.03 24.39 0)
(91.03 24.39 3.7684584e-22)
(91.03 24.39 -5.1743354e-23)
(91.03 24.39 -4.9735063e-23)
(91.03 24.39 0)
(91.03 24.39 0)
(91.03 24.39 -8.835809e-23)
(91.03 24.39 -6.7957164e-22)
(91.03 24.39 5.717009e-22)
(91.03 24.39 -6.2822463e-22)
(91.03 24.39 0)
(91.03 24.39 1.089224e-21)
(91.03 24.39 -5.5868453e-22)
(91.03 24.39 0)
(91.03 24.39 0)
(91.03 24.39 1.2430433e-22)
(91.03 24.39 5.9795211e-22)
(91.03 24.39 -6.9040525e-22)
(91.03 24.39 1.1072822e-22)
(91.03 24.39 4.2626121e-22)
(91.03 24.39 -6.154315e-22)
(91.03 24.39 9.8741475e-22)
(91.03 24.39 -3.8027059e-22)
(91.03 24.39 3.6617748e-22)
(91.03 24.39 -5.2899491e-22)
(91.03 24.39 1.6985283e-22)
(91.03 24.39 0)
(91.03 24.39 0)
(91.03 24.39 0)
(91.03 24.39 5.8604975e-22)
(91.03 24.39 -2.8254574e-22)
(91.03 24.39 0)
(91.03 24.39 5.2578577e-22)
(91.03 24.39 2.5368683e-22)
(91.03 24.39 -4.8974792e-22)
(91.03 24.39 4.7287978e-22)
(91.03 24.39 -4.5674162e-22)
(91.03 24.39 4.4130722e-22)
(91.03 24.39 0)
(91.03 24.39 -2.0622582e-22)
(91.03 24.39 0)
(91.03 24.39 -4.0495999e-22)
(91.03 24.39 -4.8691616e-23)
(91.03 24.39 0)
(91.03 24.39 4.5060863e-23)
(91.03 24.39 6.9364304e-22)
(91.03 24.39 8.3424608e-23)
(91.03 24.39 -6.4219326e-22)
(91.03 24.39 -7.7248981e-23)
(91.03 24.39 6.6909784e-22)
(91.03 24.39 -5.7244159e-22)
(91.03 24.39 0)
(91.03 24.39 0)
(91.03 24.39 0)
(91.03 24.39 -4.9176055e-22)
(91.03 24.39 1.0655321e-21)
(91.03 24.39 -5.7013835e-22)
(91.03 24.39 0)
(91.03 24.39 1.0581886e-22)
(91.03 24.39 6.1176991e-22)
(91.03 24.39 -1.4739133e-21)
(91.03 24.39 5.6826367e-22)
(91.03 24.39 0)
(91.03 24.39 1.7607782e-22)
(91.03 24.39 -5.0944067e-22)
(91.03 24.39 8.1903697e-22)
(91.03 24.39 -1.5804964e-22)
(91.03 24.39 3.0506224e-22)
(91.03 24.39 0)
(91.03 24.39 0)
(91.03 24.39 -2.7464943e-22)
(91.03 24.39 0)
(91.03 24.39 5.129274e-22)
(91.03 24.39 0)
(91.03 24.39 -4.7962916e-22)
(91.03 24.39 0)
(91.03 24.39 -2.245989e-22)
(91.03 24.39 0)
(91.03 24.39 -2.1072439e-22)
(91.03 24.39 -2.0426417e-22)
(91.03 24.39 -3.9621903e-22)
(91.03 24.39 -3.8450387e-22)
(91.030007 24.389975 4.1123474e-22)
(91.030007 24.389974 -3.0792164e-22)
(91.030007 24.389974 7.1998162e-22)
(91.030007 24.389974 -6.9324879e-22)
(91.030007 24.389974 -5.890316e-22)
(91.030007 24.389973 6.050845e-22)
(91.030007 24.389973 0)
(91.030007 24.389973 -4.2102573e-22)
(91.030007 24.389973 4.7319811e-22)
(91.030007 24.389973 5.2104351e-22)
(91.030007 24.389973 -5.0207356e-22)
(91.030007 24.389973 0)
(91.030007 24.389973 5.2466454e-22)
(91.030007 24.389971 -5.0577431e-22)
(91.030008 24.389971 -2.1672886e-22)
(91.030008 24.389971 -9.4046584e-22)
(91.030008 24.389971 9.0705177e-22)
(91.030008 24.389971 7.7776461e-22)
(91.030008 24.38997 -6.5661226e-22)
(91.030008 24.38997 2.7812329e-30)
(91.030008 24.38997 8.7375276e-23)
(91.030008 24.389969 -7.5921813e-22)
(91.030008 24.389968 -1.6292776e-22)
(91.030008 24.389968 4.7213818e-22)
(91.030008 24.389968 -6.082458e-22)
(91.030008 24.389968 0)
(91.030008 24.389966 -1.4208433e-22)
(91.030008 24.389966 1.0992789e-21)
(91.030009 24.389965 -5.3174074e-22)
(91.03001 24.389965 1.2865356e-22)
(91.03001 24.389964 -1.245586e-22)
(91.03001 24.389963 0)
(91.03001 24.389963 2.3380965e-22)
(91.03001 24.389961 2.2666995e-22)
(91.03001 24.389959 -4.3971887e-22)
(91.030011 24.389959 4.2673761e-22)
(91.030011 24.389957 -2.0718953e-22)
(91.030011 24.389956 2.013138e-22)
(91.030012 24.389955 -3.9146922e-22)
(91.030012 24.389954 7.6178302e-22)
(91.030014 24.389953 -1.8544192e-22)
(91.041641 24.346558 -3.7076912e-22)
(91.041663 24.346469 0)
(91.041688 24.346375 -3.8249316e-23)
(91.041716 24.346276 -3.6919178e-23)
(91.041744 24.346172 -5.6839718e-22)
(91.041774 24.346064 1.0959134e-21)
(91.041804 24.345948 -5.282662e-22)
(91.041837 24.345827 -5.0925123e-22)
(91.041871 24.345699 6.1397607e-23)
(91.041908 24.345564 5.3303728e-22)
(91.041945 24.345422 0)
(91.041985 24.345272 0)
(91.042027 24.345114 -5.3176743e-23)
(91.042072 24.344947 5.1321681e-23)
(91.042119 24.344771 9.9081569e-23)
(91.04217 24.344586 9.566263e-23)
(91.042222 24.34439 -8.3143173e-22)
(91.042277 24.344182 7.1386046e-22)
(91.042336 24.343963 8.6346219e-23)
(91.042399 24.343731 -8.3313773e-23)
(91.042464 24.343486 -8.0534733e-23)
(91.042534 24.343226 1.5586212e-22)
(91.042607 24.34295 -5.2709667e-22)
(91.042685 24.342659 1.4596584e-22)
(91.042768 24.34235 5.6419997e-22)
(91.042856 24.34202 0)
(91.042949 24.341673 0)
(91.043048 24.341301 3.8426424e-22)
(91.043156 24.340907 -6.2132164e-22)
(91.043268 24.340487 -1.2047135e-22)
(91.043388 24.340038 -1.8254287e-25)
(91.043516 24.33956 0)
(91.043652 24.339049 -6.6125733e-22)
(91.043798 24.338504 6.4298093e-22)
(91.043956 24.337919 0)
(91.044124 24.337292 4.0543842e-22)
(91.044303 24.336619 -3.9452036e-22)
(91.044498 24.335895 1.9239822e-22)
(91.044708 24.335115 1.8766707e-22)
(91.044932 24.334274 1.8350426e-22)
(91.045181 24.333364 0)
(91.03 24.39 -1.3071515e-21)
(91.03 24.39 -3.9056064e-23)
(91.03 24.39 -1.2324187e-21)
(91.03 24.39 1.1785851e-21)
(91.03 24.39 -6.8316939e-23)
(91.03 24.39 -6.5347768e-23)
(91.03 24.39 -1.0002448e-21)
(91.03 24.39 0)
(91.03 24.39 1.8315456e-21)
(91.03 24.39 -9.3121115e-22)
(91.03 24.39 0)
(91.03 24.39 0)
(91.03 24.39 0)
(91.03 24.39 -7.3641227e-22)
(91.03 24.39 7.0535512e-22)
(91.03 24.39 0)
(91.03 24.39 -8.0935783e-23)
(91.03 24.39 -1.2410955e-21)
(91.03 24.39 2.3050832e-21)
(91.03 24.39 -1.1407347e-21)
(91.03 24.39 1.367539e-22)
(91.03 24.39 1.3118838e-22)
(91.03 24.39 0)
(91.03 24.39 -4.8330653e-22)
(91.03 24.39 8.1205543e-22)
(91.03 24.39 -6.6849817e-22)
(91.03 24.39 -1.0704224e-22)
(91.03 24.39 4.1150406e-22)
(91.03 24.39 0)
(91.03 24.39 -7.6105573e-22)
(91.03 24.39 3.6615009e-22)
(91.03 24.39 0)
(91.03 24.39 3.3946406e-22)
(91.03 24.39 3.2709948e-22)
(91.03 24.39 -3.1535271e-22)
(91.03 24.39 6.0839972e-22)
(91.03 24.39 -2.9361872e-22)
(91.03 24.39 2.835883e-22)
(91.03 24.39 -2.7408933e-22)
(91.03 24.39 0)
(91.03 24.39 2.5661622e-22)
(91.03 24.39 0)
(91.03 24.39 -4.8215417e-22)
(91.03 24.39 2.3400177e-22)
(91.03 24.39 0)
(91.03 24.39 2.2119424e-22)
(91.03 24.39 3.2317447e-22)
(91.03 24.39 -1.1557764e-21)
(91.03 24.39 0)
(91.03 24.39 1.5062756e-21)
(91.03 24.39 -6.8898475e-22)
(91.03 24.39 -7.7331847e-22)
(91.03 24.39 0)
(91.030029 24.389886 0)
(91.045162 24.333359 7.4296555e-22)
(91.03 24.39 -2.3872657e-21)
(91.03 24.39 4.5323555e-21)
(91.03 24.39 -2.1343254e-21)
(91.03 24.39 3.2416203e-23)
(91.03 24.39 -2.0163016e-21)
(91.03 24.39 1.8702649e-21)
(91.03 24.39 0)
(91.03 24.39 -5.4395755e-23)
(91.03 24.39 -5.2074182e-23)
(91.03 24.39 0)
(91.03 24.39 -4.7741244e-23)
(91.03 24.39 1.4630665e-21)
(91.03 24.39 0)
(91.03 24.39 -1.3004724e-21)
(91.03 24.39 1.2861811e-21)
(91.03 24.39 -1.2324989e-21)
(91.03 24.39 7.382892e-23)
(91.03 24.39 1.2739112e-21)
(91.03 24.39 6.7856422e-23)
(91.03 24.39 -1.0411773e-21)
(91.03 24.39 6.2418413e-23)
(91.03 24.39 -1.1977065e-22)
(91.03 24.39 -9.1950369e-22)
(91.03 24.39 8.8262841e-22)
(91.03 24.39 -7.415293e-22)
(91.03 24.39 1.7296026e-21)
(91.03 24.39 -1.563926e-21)
(91.03 24.39 1.596923e-21)
(91.03 24.39 -9.0307156e-22)
(91.03 24.39 0)
(91.03 24.39 1.6711166e-22)
(91.03 24.39 -8.042007e-22)
(91.03 24.39 4.6461313e-22)
(91.03 24.39 5.9676864e-22)
(91.03 24.39 -4.3137633e-22)
(91.03 24.39 -2.7731943e-22)
(91.03 24.39 5.3514057e-22)
(91.03 24.39 -2.5831755e-22)
(91.03 24.39 4.9908695e-22)
(91.03 24.39 0)
(91.03 24.39 2.3336692e-22)
(91.03 24.39 2.2593552e-22)
(91.03 24.39 6.5677594e-22)
(91.03 24.39 -2.123253e-22)
(91.03 24.39 -2.0612626e-22)
(91.03 24.39 6.0096019e-22)
(91.03 24.39 1.9490121e-22)
(91.03 24.39 1.8986575e-22)
(91.03 24.39 0)
(91.03 24.39 -7.2375962e-22)
(91.03 24.39 7.0821665e-22)
(91.03 24.39 6.9424622e-22)
(91.03 24.39 -6.8189374e-22)
(91.030028 24.389884 0)
(91.045238 24.333057 -6.6232475e-22)
(91.03 24.39 2.1598958e-21)
(91.03 24.39 0)
(91.03 24.39 -1.9641606e-21)
(91.03 24.39 -2.9382963e-23)
(91.03 24.39 3.6291994e-21)
(91.03 24.39 -1.6701991e-21)
(91.03 24.39 0)
(91.03 24.39 4.9410288e-23)
(91.03 24.39 2.3661821e-23)
(91.03 24.39 0)
(91.03 24.39 4.3423556e-23)
(91.03 24.39 1.3728776e-21)
(91.03 24.39 0)
(91.03 24.39 -1.2223816e-21)
(91.03 24.39 -3.6610903e-23)
(91.03 24.39 -3.5093389e-23)
(91.03 24.39 0)
(91.03 24.39 -6.4518503e-23)
(91.03 24.39 0)
(91.03 24.39 -5.9348268e-23)
(91.03 24.39 -5.6936701e-23)
(91.03 24.39 5.4634206e-23)
(91.03 24.39 0)
(91.03 24.39 0)
(91.03 24.39 -7.7337207e-22)
(91.03 24.39 8.35651e-22)
(91.03 24.39 8.920421e-23)
(91.03 24.39 -7.7153828e-22)
(91.03 24.39 9.065086e-22)
(91.03 24.39 6.3398099e-22)
(91.03 24.39 -1.3721998e-21)
(91.03 24.39 8.8033208e-22)
(91.03 24.39 0)
(91.03 24.39 0)
(91.03 24.39 -1.3107901e-22)
(91.03 24.39 -2.5272091e-22)
(91.03 24.39 -2.4374809e-22)
(91.03 24.39 4.7044458e-22)
(91.03 24.39 -4.5425421e-22)
(91.03 24.39 0)
(91.03 24.39 -2.1216963e-22)
(91.03 24.39 -4.1056082e-22)
(91.03 24.39 0)
(91.03 24.39 -7.704913e-22)
(91.03 24.39 0)
(91.03 24.39 -3.627912e-22)
(91.03 24.39 -3.5259888e-22)
(91.03 24.39 0)
(91.03 24.39 0)
(91.03 24.39 0)
(91.03 24.39 7.1670756e-22)
(91.03 24.39 -1.558481e-22)
(91.03 24.39 6.8746946e-22)
(91.03003 24.389884 0)
(91.045365 24.332638 0)
(91.03 24.39 0)
(91.03 24.39 -1.8546646e-21)
(91.03 24.39 1.3880761e-23)
(91.03 24.39 0)
(91.03 24.39 0)
(91.03 24.39 -2.4412499e-23)
(91.03 24.39 -2.3390625e-23)
(91.03 24.39 -1.456832e-21)
(91.03 24.39 1.3960168e-21)
(91.03 24.39 1.3172529e-21)
(91.03 24.39 -1.2624495e-21)
(91.03 24.39 1.1722145e-21)
(91.03 24.39 -1.1598885e-21)
(91.03 24.39 0)
(91.03 24.39 0)
(91.03 24.39 6.3889814e-23)
(91.03 24.39 -9.803176e-22)
(91.03 24.39 1.8804861e-21)
(91.03 24.39 -9.5830775e-22)
(91.03 24.39 9.1940712e-22)
(91.03 24.39 -8.3033547e-22)
(91.03 24.39 -9.9612724e-23)
(91.03 24.39 0)
(91.03 24.39 -4.5902787e-23)
(91.03 24.39 -7.9346128e-22)
(91.03 24.39 5.9278163e-22)
(91.03 24.39 -7.3224964e-22)
(91.03 24.39 7.0370713e-22)
(91.03 24.39 5.2613964e-22)
(91.03 24.39 -5.7819547e-22)
(91.03 24.39 0)
(91.03 24.39 -1.3378213e-22)
(91.03 24.39 1.2877108e-22)
(91.03 24.39 -1.23995e-22)
(91.03 24.39 0)
(91.03 24.39 -4.604466e-22)
(91.03 24.39 0)
(91.03 24.39 4.2825498e-22)
(91.03 24.39 4.1333538e-22)
(91.03 24.39 3.9916245e-22)
(91.03 24.39 -3.8571066e-22)
(91.03 24.39 5.5943406e-22)
(91.03 24.39 -7.2175352e-22)
(91.03 24.39 1.0483575e-21)
(91.03 24.39 -6.7733076e-22)
(91.03 24.39 1.6424974e-22)
(91.03 24.39 1.5947061e-22)
(91.03 24.39 -1.5498947e-22)
(91.03 24.39 1.5080222e-22)
(91.03 24.39 -4.4071765e-22)
(91.03 24.39 -1.4329919e-22)
(91.03 24.39 -1.3998285e-22)
(91.03 24.39 1.3695921e-22)
(91.03003 24.389885 0)
(91.045505 24.332135 5.2726067e-22)
(91.03 24.39 1.7529925e-21)
(91.03 24.39 -1.6739634e-21)
(91.03 24.39 1.5859407e-21)
(91.03 24.39 -6.009389e-24)
(91.03 24.39 1.4748243e-21)
(91.03 24.39 0)
(91.03 24.39 -1.3343471e-21)
(91.03 24.39 3.0459506e-23)
(91.03 24.39 0)
(91.03 24.39 -1.8667714e-23)
(91.03 24.39 -1.7900005e-23)
(91.03 24.39 -1.0985529e-21)
(91.03 24.39 0)
(91.03 24.39 -1.0577458e-21)
(91.03 24.39 1.9987798e-21)
(91.03 24.39 -2.90499e-23)
(91.03 24.39 0)
(91.03 24.39 2.6737799e-23)
(91.03 24.39 5.1312221e-23)
(91.03 24.39 0)
(91.03 24.39 4.7263133e-23)
(91.03 24.39 -1.4518377e-21)
(91.03 24.39 1.3939073e-21)
(91.03 24.39 8.3657379e-23)
(91.03 24.39 -1.2855699e-21)
(91.03 24.39 1.2349618e-21)
(91.03 24.39 7.4162523e-23)
(91.03 24.39 -1.2116674e-21)
(91.03 24.39 2.1925077e-21)
(91.03 24.39 -1.0540988e-21)
(91.03 24.39 -5.0692465e-22)
(91.03 24.39 5.4867861e-22)
(91.03 24.39 -1.1734552e-22)
(91.03 24.39 0)
(91.03 24.39 0)
(91.03 24.39 4.1931816e-22)
(91.03 24.39 -4.0417002e-22)
(91.03 24.39 -9.7435869e-23)
(91.03 24.39 -1.8800602e-22)
(91.03 24.39 3.6295103e-22)
(91.03 24.39 -1.7526822e-22)
(91.03 24.39 1.693734e-22)
(91.03 24.39 0)
(91.03 24.39 3.1696146e-22)
(91.03 24.39 -3.0692986e-22)
(91.03 24.39 -2.9745111e-22)
(91.03 24.39 5.7702278e-22)
(91.03 24.39 -2.8009901e-22)
(91.03 24.39 0)
(91.03 24.39 1.3240935e-22)
(91.03 24.39 -6.4484506e-22)
(91.03 24.39 0)
(91.03 24.39 0)
(91.03003 24.389886 -6.0078605e-23)
(91.045652 24.331586 5.8865182e-23)
(91.03 24.39 3.2775586e-21)
(91.03 24.39 -3.1506505e-21)
(91.03 24.39 6.0320832e-21)
(91.03 24.39 -2.8885202e-21)
(91.03 24.39 2.7819285e-21)
(91.03 24.39 -2.6635952e-21)
(91.03 24.39 0)
(91.03 24.39 2.4513402e-21)
(91.03 24.39 -2.3608478e-21)
(91.03 24.39 0)
(91.03 24.39 -2.1474942e-21)
(91.03 24.39 4.1611526e-21)
(91.03 24.39 -1.9922729e-21)
(91.03 24.39 0)
(91.03 24.39 2.8658381e-23)
(91.03 24.39 -2.7499726e-23)
(91.03 24.39 -1.3194816e-23)
(91.03 24.39 -1.6208773e-21)
(91.03 24.39 1.5556883e-21)
(91.03 24.39 0)
(91.03 24.39 0)
(91.03 24.39 -4.3007566e-23)
(91.03 24.39 1.3421006e-21)
(91.03 24.39 -1.2690137e-21)
(91.03 24.39 -3.8088448e-23)
(91.03 24.39 -1.1708148e-21)
(91.03 24.39 1.1600335e-21)
(91.03 24.39 3.3779581e-23)
(91.03 24.39 -1.0389327e-21)
(91.03 24.39 1.997526e-21)
(91.03 24.39 -9.6036551e-22)
(91.03 24.39 -5.772941e-23)
(91.03 24.39 7.7753466e-22)
(91.03 24.39 -8.0167803e-22)
(91.03 24.39 5.1446649e-23)
(91.03 24.39 0)
(91.03 24.39 0)
(91.03 24.39 -7.3571231e-22)
(91.03 24.39 7.9787678e-22)
(91.03 24.39 6.8398156e-22)
(91.03 24.39 -3.2997031e-22)
(91.03 24.39 -3.9816144e-22)
(91.03 24.39 -1.5382375e-22)
(91.03 24.39 0)
(91.03 24.39 0)
(91.03 24.39 2.7817739e-22)
(91.03 24.39 -2.6935869e-22)
(91.03 24.39 -5.2203778e-22)
(91.03 24.39 5.0629184e-22)
(91.03 24.39 0)
(91.03 24.39 2.3876094e-22)
(91.03 24.39 5.8058359e-22)
(91.03 24.39 -1.1307105e-22)
(91.03 24.39 1.1024217e-22)
(91.03003 24.389886 2.1525995e-22)
(91.045811 24.330993 -5.7888037e-22)
(91.03 24.39 5.8898684e-21)
(91.03 24.39 -2.8291071e-21)
(91.03 24.39 1.3250599e-24)
(91.03 24.39 0)
(91.03 24.39 0)
(91.03 24.39 2.4014667e-21)
(91.03 24.39 -2.3054308e-21)
(91.03 24.39 0)
(91.03 24.39 0)
(91.03 24.39 0)
(91.03 24.39 0)
(91.03 24.39 7.3416868e-24)
(91.03 24.39 -1.8059969e-21)
(91.03 24.39 3.3828889e-24)
(91.03 24.39 1.6530283e-21)
(91.03 24.39 -1.5963232e-21)
(91.03 24.39 1.5505511e-21)
(91.03 24.39 1.4714721e-21)
(91.03 24.39 -1.434946e-21)
(91.03 24.39 1.0599131e-23)
(91.03 24.39 0)
(91.03 24.39 0)
(91.03 24.39 1.8777747e-23)
(91.03 24.39 1.8037468e-23)
(91.03 24.39 0)
(91.03 24.39 1.0655499e-21)
(91.03 24.39 -3.199782e-23)
(91.03 24.39 -1.9681706e-21)
(91.03 24.39 9.4594604e-22)
(91.03 24.39 8.8102693e-22)
(91.03 24.39 -8.74526e-22)
(91.03 24.39 5.2570092e-23)
(91.03 24.39 -7.5860205e-22)
(91.03 24.39 7.2996817e-22)
(91.03 24.39 9.3679891e-23)
(91.03 24.39 -4.5096506e-23)
(91.03 24.39 6.9489846e-22)
(91.03 24.39 -6.2761435e-22)
(91.03 24.39 0)
(91.03 24.39 0)
(91.03 24.39 -7.4988259e-23)
(91.03 24.39 -6.512043e-22)
(91.03 24.39 4.8894233e-22)
(91.03 24.39 6.0716336e-22)
(91.03 24.39 -9.1270328e-22)
(91.03 24.39 7.5643986e-22)
(91.03 24.39 -2.4395929e-22)
(91.03 24.39 0)
(91.03 24.39 -2.288499e-22)
(91.03 24.39 2.2190587e-22)
(91.03 24.39 0)
(91.03 24.39 0)
(91.03 24.39 2.0341097e-22)
(91.03 24.39 -3.9600904e-22)
(91.03003 24.389887 -1.9297089e-22)
(91.045986 24.33034 -4.7150916e-23)
(91.03 24.39 -2.7479994e-21)
(91.03 24.39 -2.6411253e-21)
(91.03 24.39 -7.428909e-24)
(91.03 24.39 2.4367495e-21)
(91.03 24.39 -9.1463686e-24)
(91.03 24.39 2.2497748e-21)
(91.03 24.39 -2.1699907e-21)
(91.03 24.39 0)
(91.03 24.39 0)
(91.03 24.39 3.7432313e-24)
(91.03 24.39 1.8446536e-21)
(91.03 24.39 3.4541096e-24)
(91.03 24.39 -1.6987726e-21)
(91.03 24.39 1.6365456e-21)
(91.03 24.39 -1.5735106e-21)
(91.03 24.39 1.5026081e-21)
(91.03 24.39 -2.8923148e-21)
(91.03 24.39 1.3823449e-21)
(91.03 24.39 0)
(91.03 24.39 1.2815039e-21)
(91.03 24.39 -1.2409965e-21)
(91.03 24.39 1.1829751e-21)
(91.03 24.39 -2.2708583e-21)
(91.03 24.39 1.0919969e-21)
(91.03 24.39 -1.6394991e-23)
(91.03 24.39 -1.0083182e-21)
(91.03 24.39 1.9380984e-21)
(91.03 24.39 -9.314094e-22)
(91.03 24.39 -2.7979331e-23)
(91.03 24.39 0)
(91.03 24.39 1.2932359e-23)
(91.03 24.39 0)
(91.03 24.39 0)
(91.03 24.39 0)
(91.03 24.39 0)
(91.03 24.39 -4.2632152e-23)
(91.03 24.39 6.9770089e-22)
(91.03 24.39 -1.2646381e-21)
(91.03 24.39 -7.6131483e-23)
(91.03 24.39 6.2349484e-22)
(91.03 24.39 3.5348877e-23)
(91.03 24.39 6.8163207e-23)
(91.03 24.39 -5.9170011e-22)
(91.03 24.39 6.3437459e-22)
(91.03 24.39 4.2866842e-22)
(91.03 24.39 -5.3229137e-22)
(91.03 24.39 0)
(91.03 24.39 0)
(91.03 24.39 0)
(91.03 24.39 1.034826e-22)
(91.03 24.39 0)
(91.03 24.39 0)
(91.03 24.39 0)
(91.03 24.39 -2.7464068e-22)
(91.03 24.39 -1.7796028e-22)
(91.03003 24.389887 3.4629917e-22)
(91.04618 24.329616 -8.4461029e-23)
(91.03 24.39 0)
(91.03 24.39 0)
(91.03 24.39 2.3606159e-21)
(91.03 24.39 -2.2618211e-21)
(91.03 24.39 2.183987e-21)
(91.03 24.39 8.2047108e-24)
(91.03 24.39 -2.011965e-21)
(91.03 24.39 1.9498256e-21)
(91.03 24.39 -1.8601725e-21)
(91.03 24.39 1.7884378e-21)
(91.03 24.39 -1.7362178e-21)
(91.03 24.39 -3.2408992e-24)
(91.03 24.39 -3.1932677e-21)
(91.03 24.39 3.0664619e-21)
(91.03 24.39 2.9560866e-21)
(91.03 24.39 -2.8412678e-21)
(91.03 24.39 0)
(91.03 24.39 0)
(91.03 24.39 1.2281176e-24)
(91.03 24.39 2.4173389e-21)
(91.03 24.39 -2.3230219e-21)
(91.03 24.39 0)
(91.03 24.39 0)
(91.03 24.39 -2.0648052e-21)
(91.03 24.39 -3.8725287e-24)
(91.03 24.39 0)
(91.03 24.39 0)
(91.03 24.39 1.7612838e-21)
(91.03 24.39 0)
(91.03 24.39 0)
(91.03 24.39 1.5289487e-24)
(91.03 24.39 1.1763239e-23)
(91.03 24.39 0)
(91.03 24.39 -5.4419189e-24)
(91.03 24.39 -1.3403407e-21)
(91.03 24.39 1.2897651e-21)
(91.03 24.39 0)
(91.03 24.39 0)
(91.03 24.39 -1.7977192e-23)
(91.03 24.39 3.462657e-23)
(91.03 24.39 5.0034496e-22)
(91.03 24.39 -5.4640699e-22)
(91.03 24.39 0)
(91.03 24.39 -4.1819088e-22)
(91.03 24.39 3.7454326e-22)
(91.03 24.39 2.7799373e-23)
(91.03 24.39 4.0251302e-22)
(91.03 24.39 -4.1462312e-22)
(91.03 24.39 5.0074287e-23)
(91.03 24.39 3.3883394e-22)
(91.03 24.39 -8.895228e-22)
(91.03 24.39 3.1715834e-22)
(91.03 24.39 -1.7550654e-22)
(91.03 24.39 3.4015944e-22)
(91.03 24.39 -2.4741835e-22)
(91.03 24.39 1.6009771e-22)
(91.03003 24.389885 0)
(91.046396 24.32881 0)
(91.03 24.39 9.2179888e-24)
(91.03 24.39 0)
(91.03 24.39 0)
(91.03 24.39 -1.6466715e-23)
(91.03 24.39 0)
(91.03 24.39 1.526315e-23)
(91.03 24.39 -3.761239e-21)
(91.03 24.39 3.613131e-21)
(91.03 24.39 -1.360979e-23)
(91.03 24.39 6.5484548e-24)
(91.03 24.39 -3.2198701e-21)
(91.03 24.39 6.2141681e-21)
(91.03 24.39 -5.9726415e-21)
(91.03 24.39 2.861618e-21)
(91.03 24.39 -2.774278e-21)
(91.03 24.39 5.305863e-21)
(91.03 24.39 -2.5466485e-21)
(91.03 24.39 0)
(91.03 24.39 0)
(91.03 24.39 0)
(91.03 24.39 -2.1870188e-21)
(91.03 24.39 2.0949122e-21)
(91.03 24.39 -2.0224221e-21)
(91.03 24.39 1.9447979e-21)
(91.03 24.39 -1.8555412e-21)
(91.03 24.39 3.6002851e-21)
(91.03 24.39 -1.7294033e-21)
(91.03 24.39 1.6631092e-21)
(91.03 24.39 1.2495415e-23)
(91.03 24.39 -3.0884674e-21)
(91.03 24.39 2.9589193e-21)
(91.03 24.39 -1.4244234e-21)
(91.03 24.39 0)
(91.03 24.39 1.3168757e-21)
(91.03 24.39 -1.2620405e-21)
(91.03 24.39 1.2191329e-21)
(91.03 24.39 0)
(91.03 24.39 -1.1292233e-21)
(91.03 24.39 1.0870355e-21)
(91.03 24.39 -1.0302523e-21)
(91.03 24.39 0)
(91.03 24.39 1.8960427e-24)
(91.03 24.39 -9.3525486e-22)
(91.03 24.39 9.0125919e-22)
(91.03 24.39 -6.7869819e-24)
(91.03 24.39 2.6175866e-23)
(91.03 24.39 -2.524663e-23)
(91.03 24.39 -2.4358777e-23)
(91.03 24.39 0)
(91.03 24.39 -4.086306e-22)
(91.03 24.39 3.947383e-22)
(91.03 24.39 -2.7552649e-22)
(91.03 24.39 4.0987799e-23)
(91.03 24.39 3.1724065e-22)
(91.03 24.39 0)
(91.03 24.39 0)
(91.03 24.39 0)
(91.030031 24.389885 0)
(91.046637 24.327908 6.7904062e-23)
(91.03 24.39 1.6983685e-23)
(91.03 24.39 0)
(91.03 24.39 4.0581041e-21)
(91.03 24.39 -3.8816569e-21)
(91.03 24.39 0)
(91.03 24.39 3.6200432e-21)
(91.03 24.39 -7.0040578e-21)
(91.03 24.39 3.3479965e-21)
(91.03 24.39 3.2380969e-21)
(91.03 24.39 -3.1070185e-21)
(91.03 24.39 2.9925963e-21)
(91.03 24.39 -2.893376e-21)
(91.03 24.39 0)
(91.03 24.39 -2.095916e-23)
(91.03 24.39 -2.5728264e-21)
(91.03 24.39 2.4768395e-21)
(91.03 24.39 1.8699852e-23)
(91.03 24.39 -1.7999241e-23)
(91.03 24.39 -2.2174212e-21)
(91.03 24.39 4.2680834e-21)
(91.03 24.39 -2.0536703e-21)
(91.03 24.39 0)
(91.03 24.39 -7.4280921e-24)
(91.03 24.39 0)
(91.03 24.39 -1.7604801e-21)
(91.03 24.39 1.6805913e-21)
(91.03 24.39 0)
(91.03 24.39 0)
(91.03 24.39 -1.5202771e-21)
(91.03 24.39 1.4399955e-21)
(91.03 24.39 2.1818144e-23)
(91.03 24.39 0)
(91.03 24.39 0)
(91.03 24.39 0)
(91.03 24.39 0)
(91.03 24.39 0)
(91.03 24.39 -1.7320941e-23)
(91.03 24.39 -1.050294e-21)
(91.03 24.39 1.0270554e-21)
(91.03 24.39 9.8875374e-22)
(91.03 24.39 -1.9188856e-21)
(91.03 24.39 9.3108095e-22)
(91.03 24.39 8.7433422e-22)
(91.03 24.39 -8.5055619e-22)
(91.03 24.39 0)
(91.03 24.39 1.2340021e-23)
(91.03 24.39 0)
(91.03 24.39 7.3401023e-22)
(91.03 24.39 -7.0791983e-22)
(91.03 24.39 0)
(91.03 24.39 -6.5943534e-22)
(91.03 24.39 6.375666e-22)
(91.03 24.39 -1.920511e-23)
(91.03 24.39 -4.6390647e-24)
(91.03 24.39 -8.968802e-24)
(91.03 24.39 -2.7757212e-22)
(91.03 24.39 2.6859773e-22)
(91.03 24.39 -1.6254137e-23)
(91.030032 24.389884 0)
(91.046908 24.326895 -3.0535792e-23)
(91.03 24.39 -3.9873494e-21)
(91.03 24.39 -3.0075843e-23)
(91.03 24.39 0)
(91.03 24.39 -1.4011013e-23)
(91.03 24.39 -1.3521032e-23)
(91.03 24.39 -3.3267861e-21)
(91.03 24.39 3.2220739e-21)
(91.03 24.39 2.4281379e-23)
(91.03 24.39 1.1709266e-23)
(91.03 24.39 2.2583226e-23)
(91.03 24.39 2.7653968e-21)
(91.03 24.39 -2.7080349e-21)
(91.03 24.39 2.0235789e-23)
(91.03 24.39 0)
(91.03 24.39 -2.3871316e-21)
(91.03 24.39 -1.8112286e-23)
(91.03 24.39 2.2512078e-21)
(91.03 24.39 -3.3625029e-23)
(91.03 24.39 0)
(91.03 24.39 0)
(91.03 24.39 0)
(91.03 24.39 -1.8520605e-21)
(91.03 24.39 1.7834719e-21)
(91.03 24.39 0)
(91.03 24.39 0)
(91.03 24.39 0)
(91.03 24.39 0)
(91.03 24.39 2.3052609e-23)
(91.03 24.39 1.3980522e-21)
(91.03 24.39 -1.335093e-21)
(91.03 24.39 0)
(91.03 24.39 -2.968875e-23)
(91.03 24.39 1.9051462e-23)
(91.03 24.39 0)
(91.03 24.39 -1.7651807e-23)
(91.03 24.39 1.1044446e-21)
(91.03 24.39 -1.0631601e-21)
(91.03 24.39 1.0392059e-21)
(91.03 24.39 -9.8529464e-22)
(91.03 24.39 -9.3401849e-22)
(91.03 24.39 8.9931407e-22)
(91.03 24.39 4.0592636e-23)
(91.03 24.39 -1.3030624e-23)
(91.03 24.39 -1.8825501e-23)
(91.03 24.39 0)
(91.03 24.39 -7.4540922e-22)
(91.03 24.39 7.1264319e-22)
(91.03 24.39 0)
(91.03 24.39 2.0851765e-23)
(91.03 24.39 -6.4333999e-22)
(91.03 24.39 6.204321e-22)
(91.03 24.39 1.8995357e-23)
(91.03 24.39 -1.1279521e-24)
(91.03 24.39 5.5743629e-22)
(91.03 24.39 -5.3404036e-22)
(91.03 24.39 8.1236052e-24)
(91.03 24.39 0)
(91.03 24.39 2.4285335e-22)
(91.03 24.39 2.202136e-23)
(91.030032 24.389882 -2.3441888e-22)
(91.047215 24.325749 8.2711445e-23)
(91.03 24.39 0)
(91.03 24.39 1.3285032e-23)
(91.03 24.39 3.2866319e-21)
(91.03 24.39 -3.1756135e-21)
(91.03 24.39 0)
(91.03 24.39 2.9632491e-21)
(91.03 24.39 -2.8394097e-21)
(91.03 24.39 1.0794244e-23)
(91.03 24.39 -2.0842657e-23)
(91.03 24.39 0)
(91.03 24.39 0)
(91.03 24.39 1.8739366e-23)
(91.03 24.39 -3.6162598e-23)
(91.03 24.39 0)
(91.03 24.39 0)
(91.03 24.39 4.1709021e-21)
(91.03 24.39 -4.0066249e-21)
(91.03 24.39 1.5091297e-23)
(91.03 24.39 -3.7102424e-21)
(91.03 24.39 0)
(91.03 24.39 3.4611814e-21)
(91.03 24.39 3.3098541e-21)
(91.03 24.39 2.5116075e-23)
(91.03 24.39 -3.0857912e-21)
(91.03 24.39 0)
(91.03 24.39 -2.8758084e-21)
(91.03 24.39 5.5625876e-21)
(91.03 24.39 -2.0849986e-23)
(91.03 24.39 -2.5506009e-21)
(91.03 24.39 -2.4953729e-21)
(91.03 24.39 0)
(91.03 24.39 4.6292797e-21)
(91.03 24.39 -2.2291064e-21)
(91.03 24.39 2.1300286e-21)
(91.03 24.39 -2.0672353e-21)
(91.03 24.39 1.9598494e-21)
(91.03 24.39 -1.887295e-21)
(91.03 24.39 -1.4310521e-23)
(91.03 24.39 0)
(91.03 24.39 -2.654289e-23)
(91.03 24.39 2.5562366e-23)
(91.03 24.39 -1.6248697e-21)
(91.03 24.39 2.3712328e-23)
(91.03 24.39 1.4846313e-21)
(91.03 24.39 0)
(91.03 24.39 -2.1197547e-23)
(91.03 24.39 0)
(91.03 24.39 -1.9681833e-23)
(91.03 24.39 -5.6907433e-23)
(91.03 24.39 -5.4855817e-22)
(91.03 24.39 5.6413697e-22)
(91.03 24.39 -1.7000275e-23)
(91.03 24.39 5.2471644e-22)
(91.03 24.39 -4.7459337e-22)
(91.03 24.39 -4.8853256e-22)
(91.03 24.39 9.4318149e-22)
(91.03 24.39 -4.2692226e-22)
(91.03 24.39 2.4743753e-22)
(91.03 24.39 -1.9261661e-22)
(91.030032 24.389879 -1.926333e-23)
(91.047565 24.324444 -1.9904435e-22)
(91.03 24.39 0)
(91.03 24.39 -6.1959796e-21)
(91.03 24.39 5.9953579e-21)
(91.03 24.39 -5.8002271e-21)
(91.03 24.39 1.1220963e-20)
(91.03 24.39 -5.4260157e-21)
(91.03 24.39 5.246723e-21)
(91.03 24.39 -1.0145011e-20)
(91.03 24.39 4.8841036e-21)
(91.03 24.39 3.7022466e-23)
(91.03 24.39 -3.577547e-23)
(91.03 24.39 0)
(91.03 24.39 -1.6695047e-23)
(91.03 24.39 1.6125074e-23)
(91.03 24.39 -3.9864779e-21)
(91.03 24.39 3.8492104e-21)
(91.03 24.39 0)
(91.03 24.39 0)
(91.03 24.39 0)
(91.03 24.39 0)
(91.03 24.39 2.51849e-23)
(91.03 24.39 0)
(91.03 24.39 2.3438228e-23)
(91.03 24.39 -2.2606669e-23)
(91.03 24.39 0)
(91.03 24.39 0)
(91.03 24.39 2.5946784e-21)
(91.03 24.39 -2.5210594e-21)
(91.03 24.39 2.4114638e-21)
(91.03 24.39 -2.3244382e-21)
(91.03 24.39 0)
(91.03 24.39 -3.3736699e-23)
(91.03 24.39 -1.6255681e-23)
(91.03 24.39 3.1328422e-23)
(91.03 24.39 1.9319486e-21)
(91.03 24.39 -1.8032713e-21)
(91.03 24.39 -1.8214477e-21)
(91.03 24.39 0)
(91.03 24.39 0)
(91.03 24.39 1.6036196e-21)
(91.03 24.39 -1.5207308e-21)
(91.03 24.39 0)
(91.03 24.39 1.4561549e-21)
(91.03 24.39 -1.4028409e-21)
(91.03 24.39 -4.1585179e-23)
(91.03 24.39 1.2420283e-21)
(91.03 24.39 1.9301627e-23)
(91.03 24.39 1.1903005e-21)
(91.03 24.39 -1.16495e-21)
(91.03 24.39 1.1399759e-21)
(91.03 24.39 -1.1320502e-21)
(91.03 24.39 1.0270601e-21)
(91.03 24.39 -9.9018511e-22)
(91.03 24.39 0)
(91.03 24.39 0)
(91.03 24.39 0)
(91.03 24.39 2.6780922e-23)
(91.03 24.39 -3.8767802e-22)
(91.03 24.39 3.7423271e-22)
(91.03 24.39 4.0954108e-22)
(91.030033 24.389876 -3.4904183e-22)
(91.047965 24.322952 -4.4968314e-23)
(91.03 24.39 0)
(91.03 24.39 0)
(91.03 24.39 0)
(91.03 24.39 0)
(91.03 24.39 -4.9448901e-21)
(91.03 24.39 9.5565859e-21)
(91.03 24.39 0)
(91.03 24.39 -4.503175e-21)
(91.03 24.39 -4.3407535e-21)
(91.03 24.39 -1.6405525e-23)
(91.03 24.39 8.1413906e-21)
(91.03 24.39 1.5349671e-23)
(91.03 24.39 -3.8000039e-21)
(91.03 24.39 1.4352159e-23)
(91.03 24.39 0)
(91.03 24.39 -3.4331354e-21)
(91.03 24.39 6.6615668e-21)
(91.03 24.39 -3.2058785e-21)
(91.03 24.39 3.1214286e-21)
(91.03 24.39 0)
(91.03 24.39 -5.8016637e-21)
(91.03 24.39 2.7903649e-21)
(91.03 24.39 2.6942027e-21)
(91.03 24.39 -2.6213093e-21)
(91.03 24.39 -2.5302729e-21)
(91.03 24.39 2.423142e-21)
(91.03 24.39 -2.3566437e-21)
(91.03 24.39 2.2562916e-21)
(91.03 24.39 0)
(91.03 24.39 2.0671071e-21)
(91.03 24.39 -2.0255013e-21)
(91.03 24.39 3.0523669e-23)
(91.03 24.39 1.8838965e-21)
(91.03 24.39 -2.8384168e-23)
(91.03 24.39 -1.7241582e-21)
(91.03 24.39 0)
(91.03 24.39 5.0872361e-23)
(91.03 24.39 1.5692517e-21)
(91.03 24.39 2.3634475e-23)
(91.03 24.39 -1.4579252e-21)
(91.03 24.39 0)
(91.03 24.39 -2.1159974e-23)
(91.03 24.39 1.3051278e-21)
(91.03 24.39 -1.2577703e-21)
(91.03 24.39 3.7878633e-23)
(91.03 24.39 3.6503623e-23)
(91.03 24.39 0)
(91.03 24.39 0)
(91.03 24.39 3.2673832e-23)
(91.03 24.39 -3.1490851e-23)
(91.03 24.39 3.0352369e-23)
(91.03 24.39 2.9257043e-23)
(91.03 24.39 0)
(91.03 24.39 -8.1572064e-22)
(91.03 24.39 7.6029749e-22)
(91.03 24.39 8.0901651e-22)
(91.03 24.39 -8.5341764e-22)
(91.03 24.39 -4.7041628e-23)
(91.03 24.39 3.1770237e-22)
(91.03 24.39 -7.4456402e-22)
(91.030034 24.389871 3.3820058e-22)
(91.048426 24.321233 4.0815651e-23)
(91.03 24.39 9.8347121e-21)
(91.03 24.39 -9.5394392e-21)
(91.03 24.39 4.6257071e-21)
(91.03 24.39 0)
(91.03 24.39 -4.365297e-21)
(91.03 24.39 4.2148058e-21)
(91.03 24.39 0)
(91.03 24.39 3.9578832e-21)
(91.03 24.39 -1.4977925e-23)
(91.03 24.39 -3.7140201e-21)
(91.03 24.39 0)
(91.03 24.39 -1.3604504e-23)
(91.03 24.39 1.3170705e-23)
(91.03 24.39 -3.8245622e-23)
(91.03 24.39 0)
(91.03 24.39 0)
(91.03 24.39 -4.6198805e-23)
(91.03 24.39 2.2343847e-23)
(91.03 24.39 2.766006e-21)
(91.03 24.39 -2.6746506e-21)
(91.03 24.39 2.020229e-23)
(91.03 24.39 -1.9528754e-23)
(91.03 24.39 0)
(91.03 24.39 2.3529225e-21)
(91.03 24.39 -2.2381709e-21)
(91.03 24.39 4.3584879e-21)
(91.03 24.39 -4.1606276e-21)
(91.03 24.39 4.0659155e-21)
(91.03 24.39 -3.9569174e-21)
(91.03 24.39 2.9616027e-23)
(91.03 24.39 0)
(91.03 24.39 -3.5325152e-21)
(91.03 24.39 3.4093795e-21)
(91.03 24.39 0)
(91.03 24.39 -2.4802374e-23)
(91.03 24.39 -3.0629782e-21)
(91.03 24.39 2.9317878e-21)
(91.03 24.39 2.8502989e-21)
(91.03 24.39 -2.8135998e-21)
(91.03 24.39 4.1427951e-23)
(91.03 24.39 -3.9951249e-23)
(91.03 24.39 0)
(91.03 24.39 0)
(91.03 24.39 1.1460632e-21)
(91.03 24.39 -1.0704003e-21)
(91.03 24.39 -3.3288272e-23)
(91.03 24.39 -1.0269103e-21)
(91.03 24.39 9.8994756e-22)
(91.03 24.39 9.8412072e-22)
(91.03 24.39 -8.9117965e-22)
(91.03 24.39 8.8679715e-22)
(91.03 24.39 -8.8158743e-22)
(91.03 24.39 0)
(91.03 24.39 7.4484654e-22)
(91.03 24.39 -7.1811644e-22)
(91.03 24.39 7.385504e-22)
(91.03 24.39 -1.3797909e-21)
(91.03 24.39 1.3735186e-21)
(91.03 24.39 -5.7955462e-22)
(91.03 24.39 0)
(91.030035 24.389868 -3.0817443e-22)
(91.04896 24.319236 -7.4802483e-23)
(91.03 24.39 4.29463e-21)
(91.03 24.39 -4.1866916e-21)
(91.03 24.39 -4.049077e-21)
(91.03 24.39 7.8612243e-21)
(91.03 24.39 -3.8000561e-21)
(91.03 24.39 2.8922403e-23)
(91.03 24.39 1.4030845e-23)
(91.03 24.39 -3.4843984e-21)
(91.03 24.39 3.4059317e-21)
(91.03 24.39 -1.2801731e-23)
(91.03 24.39 6.3674067e-21)
(91.03 24.39 -6.1364312e-21)
(91.03 24.39 5.9709043e-21)
(91.03 24.39 -5.74093e-21)
(91.03 24.39 0)
(91.03 24.39 5.4307245e-21)
(91.03 24.39 -5.2599149e-21)
(91.03 24.39 0)
(91.03 24.39 -3.8528774e-23)
(91.03 24.39 0)
(91.03 24.39 4.584651e-21)
(91.03 24.39 -4.4541071e-21)
(91.03 24.39 0)
(91.03 24.39 4.1854013e-21)
(91.03 24.39 -4.0482503e-21)
(91.03 24.39 -3.8843672e-21)
(91.03 24.39 7.570863e-21)
(91.03 24.39 -3.6596102e-21)
(91.03 24.39 2.7636054e-23)
(91.03 24.39 3.4187712e-21)
(91.03 24.39 -2.5809407e-23)
(91.03 24.39 -3.1669042e-21)
(91.03 24.39 2.408912e-23)
(91.03 24.39 -2.3267444e-23)
(91.03 24.39 0)
(91.03 24.39 -2.1698231e-23)
(91.03 24.39 -2.6815484e-21)
(91.03 24.39 2.5887006e-21)
(91.03 24.39 3.9043132e-23)
(91.03 24.39 0)
(91.03 24.39 3.6364592e-23)
(91.03 24.39 -3.5089287e-23)
(91.03 24.39 0)
(91.03 24.39 2.0903341e-21)
(91.03 24.39 -6.3013915e-23)
(91.03 24.39 -1.9146155e-21)
(91.03 24.39 0)
(91.03 24.39 0)
(91.03 24.39 -2.7262036e-23)
(91.03 24.39 0)
(91.03 24.39 0)
(91.03 24.39 -4.8887517e-23)
(91.03 24.39 -4.7138183e-23)
(91.03 24.39 4.5450692e-23)
(91.03 24.39 -7.0117353e-22)
(91.03 24.39 1.3943979e-21)
(91.03 24.39 0)
(91.03 24.39 -6.285709e-22)
(91.03 24.39 -3.7882587e-23)
(91.03 24.39 0)
(91.030037 24.389861 0)
(91.049587 24.316899 -2.0430614e-22)
(91.03 24.39 -7.4989783e-21)
(91.03 24.39 0)
(91.03 24.39 0)
(91.03 24.39 6.8733263e-21)
(91.03 24.39 -6.6787565e-21)
(91.03 24.39 0)
(91.03 24.39 0)
(91.03 24.39 0)
(91.03 24.39 0)
(91.03 24.39 5.7822256e-21)
(91.03 24.39 -1.1225711e-20)
(91.03 24.39 5.4262707e-21)
(91.03 24.39 -2.0608643e-23)
(91.03 24.39 -3.9989192e-23)
(91.03 24.39 -1.9395465e-23)
(91.03 24.39 0)
(91.03 24.39 -4.633202e-21)
(91.03 24.39 4.509693e-21)
(91.03 24.39 1.7143118e-23)
(91.03 24.39 0)
(91.03 24.39 1.6100045e-23)
(91.03 24.39 0)
(91.03 24.39 -3.8681182e-21)
(91.03 24.39 3.7462969e-21)
(91.03 24.39 -3.599341e-21)
(91.03 24.39 0)
(91.03 24.39 3.3732753e-21)
(91.03 24.39 0)
(91.03 24.39 0)
(91.03 24.39 0)
(91.03 24.39 2.3281893e-23)
(91.03 24.39 -2.2517992e-23)
(91.03 24.39 2.787277e-21)
(91.03 24.39 2.1054292e-23)
(91.03 24.39 -2.6256194e-21)
(91.03 24.39 0)
(91.03 24.39 0)
(91.03 24.39 0)
(91.03 24.39 -3.549855e-23)
(91.03 24.39 -2.2632318e-21)
(91.03 24.39 2.0865988e-21)
(91.03 24.39 3.1985438e-23)
(91.03 24.39 -1.9766442e-21)
(91.03 24.39 3.7869775e-21)
(91.03 24.39 -1.8134943e-21)
(91.03 24.39 1.7504561e-21)
(91.03 24.39 -1.7162327e-21)
(91.03 24.39 -1.6562075e-21)
(91.03 24.39 1.6480592e-21)
(91.03 24.39 4.8184925e-23)
(91.03 24.39 -1.4875595e-21)
(91.03 24.39 2.9148422e-21)
(91.03 24.39 -1.3841909e-21)
(91.03 24.39 -1.3768125e-21)
(91.03 24.39 1.2876552e-21)
(91.03 24.39 -6.9853568e-22)
(91.03 24.39 5.9880301e-22)
(91.03 24.39 5.774544e-22)
(91.03 24.39 3.4803378e-23)
(91.03 24.39 -5.3698202e-22)
(91.030039 24.389852 -5.8254584e-22)
(91.050328 24.314134 4.9934412e-22)
(91.03 24.39 1.2708679e-23)
(91.03 24.39 6.3575635e-21)
(91.03 24.39 1.2036199e-23)
(91.03 24.39 1.1710762e-23)
(91.03 24.39 1.1392371e-23)
(91.03 24.39 5.6734273e-21)
(91.03 24.39 -1.104568e-20)
(91.03 24.39 -1.0478343e-23)
(91.03 24.39 5.2055622e-21)
(91.03 24.39 0)
(91.03 24.39 9.6237177e-24)
(91.03 24.39 -4.7879942e-21)
(91.03 24.39 9.3217916e-21)
(91.03 24.39 1.7651327e-23)
(91.03 24.39 -4.3887329e-21)
(91.03 24.39 -4.2617391e-21)
(91.03 24.39 -1.6162935e-23)
(91.03 24.39 8.0175068e-21)
(91.03 24.39 -3.8983537e-21)
(91.03 24.39 0)
(91.03 24.39 3.6702803e-21)
(91.03 24.39 -3.5603583e-21)
(91.03 24.39 1.3488749e-23)
(91.03 24.39 -3.3615982e-21)
(91.03 24.39 3.1957826e-21)
(91.03 24.39 3.1470496e-21)
(91.03 24.39 0)
(91.03 24.39 -2.9556022e-21)
(91.03 24.39 0)
(91.03 24.39 2.7955017e-21)
(91.03 24.39 -2.6864687e-21)
(91.03 24.39 0)
(91.03 24.39 0)
(91.03 24.39 2.4379749e-21)
(91.03 24.39 -2.341104e-21)
(91.03 24.39 1.7837744e-23)
(91.03 24.39 -3.4515845e-23)
(91.03 24.39 -3.338823e-23)
(91.03 24.39 -2.0343984e-21)
(91.03 24.39 1.9985062e-21)
(91.03 24.39 -1.9020633e-21)
(91.03 24.39 0)
(91.03 24.39 1.8053983e-21)
(91.03 24.39 -1.7447169e-21)
(91.03 24.39 0)
(91.03 24.39 1.6286607e-21)
(91.03 24.39 0)
(91.03 24.39 -1.5431751e-21)
(91.03 24.39 1.4672902e-21)
(91.03 24.39 1.4167454e-21)
(91.03 24.39 -2.7355267e-21)
(91.03 24.39 1.3203096e-21)
(91.03 24.39 1.3539955e-21)
(91.03 24.39 -1.2298467e-21)
(91.03 24.39 0)
(91.03 24.39 1.1808664e-21)
(91.03 24.39 -1.1047535e-21)
(91.03 24.39 1.0990542e-21)
(91.03 24.39 -1.5420568e-21)
(91.03 24.39 4.9579324e-22)
(91.030043 24.389842 -4.7818196e-22)
(91.051214 24.310829 4.0352316e-22)
(91.03 24.39 1.1288818e-20)
(91.03 24.39 -5.5210288e-21)
(91.03 24.39 5.3472109e-21)
(91.03 24.39 -5.2289386e-21)
(91.03 24.39 -5.0926355e-21)
(91.03 24.39 4.9398484e-21)
(91.03 24.39 0)
(91.03 24.39 9.1630395e-24)
(91.03 24.39 -4.5665377e-21)
(91.03 24.39 8.6801973e-24)
(91.03 24.39 4.3246013e-21)
(91.03 24.39 4.223952e-21)
(91.03 24.39 -4.0769771e-21)
(91.03 24.39 3.980904e-21)
(91.03 24.39 -3.8712943e-21)
(91.03 24.39 3.7640956e-21)
(91.03 24.39 -3.6449758e-21)
(91.03 24.39 -3.5428849e-21)
(91.03 24.39 -3.456583e-21)
(91.03 24.39 6.7172907e-21)
(91.03 24.39 6.5258614e-21)
(91.03 24.39 -1.267761e-20)
(91.03 24.39 6.1440266e-21)
(91.03 24.39 2.3349716e-23)
(91.03 24.39 -5.7918337e-21)
(91.03 24.39 5.6108996e-21)
(91.03 24.39 -5.48802e-21)
(91.03 24.39 5.3043911e-21)
(91.03 24.39 0)
(91.03 24.39 4.9719693e-21)
(91.03 24.39 -4.840689e-21)
(91.03 24.39 0)
(91.03 24.39 -3.5548337e-23)
(91.03 24.39 -1.722789e-23)
(91.03 24.39 4.2740126e-21)
(91.03 24.39 -8.2984649e-21)
(91.03 24.39 4.0430183e-21)
(91.03 24.39 0)
(91.03 24.39 3.7627063e-21)
(91.03 24.39 -3.643086e-21)
(91.03 24.39 0)
(91.03 24.39 3.4132878e-21)
(91.03 24.39 -3.3029957e-21)
(91.03 24.39 2.4966401e-23)
(91.03 24.39 -2.4151122e-23)
(91.03 24.39 3.0365896e-21)
(91.03 24.39 0)
(91.03 24.39 -5.5470556e-21)
(91.03 24.39 2.6600002e-21)
(91.03 24.39 0)
(91.03 24.39 0)
(91.03 24.39 -1.2192916e-21)
(91.03 24.39 1.1410867e-21)
(91.03 24.39 0)
(91.03 24.39 1.0987643e-21)
(91.03 24.39 -3.3155533e-23)
(91.03 24.39 -1.0243416e-21)
(91.03 24.39 -6.1802057e-23)
(91.03 24.39 -9.8425194e-22)
(91.03 24.39 -2.8784276e-23)
(91.030046 24.389829 9.443709e-22)
(91.052287 24.306823 -5.4135502e-31)
(91.03 24.39 -4.8856042e-21)
(91.03 24.39 9.3074783e-24)
(91.03 24.39 4.6476621e-21)
(91.03 24.39 4.5234111e-21)
(91.03 24.39 -4.4105599e-21)
(91.03 24.39 0)
(91.03 24.39 8.3915232e-21)
(91.03 24.39 -8.1950569e-21)
(91.03 24.39 -7.986529e-21)
(91.03 24.39 1.5534174e-20)
(91.03 24.39 -7.5748172e-21)
(91.03 24.39 -1.4412258e-23)
(91.03 24.39 -7.0189361e-24)
(91.03 24.39 0)
(91.03 24.39 1.3312322e-23)
(91.03 24.39 1.2960903e-23)
(91.03 24.39 -1.2616885e-23)
(91.03 24.39 0)
(91.03 24.39 0)
(91.03 24.39 -5.9535577e-21)
(91.03 24.39 5.791969e-21)
(91.03 24.39 0)
(91.03 24.39 5.4792023e-21)
(91.03 24.39 -1.0655821e-20)
(91.03 24.39 5.190058e-21)
(91.03 24.39 0)
(91.03 24.39 2.8674339e-23)
(91.03 24.39 -4.7554309e-21)
(91.03 24.39 4.6202194e-21)
(91.03 24.39 -4.4880699e-21)
(91.03 24.39 8.7348919e-21)
(91.03 24.39 -4.216225e-21)
(91.03 24.39 0)
(91.03 24.39 -3.9735289e-21)
(91.03 24.39 3.8715439e-21)
(91.03 24.39 0)
(91.03 24.39 0)
(91.03 24.39 2.7619646e-23)
(91.03 24.39 1.3392894e-23)
(91.03 24.39 -3.2854869e-21)
(91.03 24.39 3.2228644e-21)
(91.03 24.39 0)
(91.03 24.39 0)
(91.03 24.39 -2.9101139e-21)
(91.03 24.39 2.8634428e-21)
(91.03 24.39 -2.1498511e-23)
(91.03 24.39 0)
(91.03 24.39 -2.0154803e-23)
(91.03 24.39 2.4971764e-21)
(91.03 24.39 -2.4733666e-21)
(91.03 24.39 0)
(91.03 24.39 1.7673634e-23)
(91.03 24.39 0)
(91.03 24.39 2.116007e-21)
(91.03 24.39 -4.0918169e-21)
(91.03 24.39 2.9975529e-21)
(91.03 24.39 -9.5577223e-22)
(91.03 24.39 0)
(91.03 24.39 0)
(91.03 24.389998 2.6937901e-23)
(91.030051 24.389812 -8.3255695e-22)
(91.053608 24.301889 4.2648101e-22)
(91.03 24.39 -8.4437288e-21)
(91.03 24.39 -8.2368681e-21)
(91.03 24.39 1.6092153e-20)
(91.03 24.39 -7.8474202e-21)
(91.03 24.39 -7.4881499e-24)
(91.03 24.39 -7.484331e-21)
(91.03 24.39 7.3115555e-21)
(91.03 24.39 -7.1211109e-21)
(91.03 24.39 1.3917228e-20)
(91.03 24.39 -6.7791701e-21)
(91.03 24.39 -6.464598e-24)
(91.03 24.39 0)
(91.03 24.39 6.2913778e-21)
(91.03 24.39 -6.1412413e-21)
(91.03 24.39 5.9880943e-21)
(91.03 24.39 -5.8494367e-21)
(91.03 24.39 0)
(91.03 24.39 0)
(91.03 24.39 0)
(91.03 24.39 0)
(91.03 24.39 5.1221558e-21)
(91.03 24.39 -4.9995458e-21)
(91.03 24.39 4.8601343e-21)
(91.03 24.39 -4.7424319e-21)
(91.03 24.39 4.6178614e-21)
(91.03 24.39 -4.4958891e-21)
(91.03 24.39 -4.3764708e-21)
(91.03 24.39 4.2512452e-21)
(91.03 24.39 -4.1451293e-21)
(91.03 24.39 4.0410014e-21)
(91.03 24.39 3.9081823e-21)
(91.03 24.39 -3.8311516e-21)
(91.03 24.39 3.7402869e-21)
(91.03 24.39 -3.6086156e-21)
(91.03 24.39 0)
(91.03 24.39 -3.4099398e-21)
(91.03 24.39 3.3138693e-21)
(91.03 24.39 -1.2577851e-23)
(91.03 24.39 3.1158686e-21)
(91.03 24.39 -1.1868395e-23)
(91.03 24.39 -5.8895958e-21)
(91.03 24.39 0)
(91.03 24.39 0)
(91.03 24.39 2.6886294e-21)
(91.03 24.39 0)
(91.03 24.39 -2.541149e-21)
(91.03 24.39 0)
(91.03 24.39 0)
(91.03 24.39 2.2997485e-21)
(91.03 24.39 1.7554475e-23)
(91.03 24.39 -2.1948286e-21)
(91.03 24.39 -1.6487138e-23)
(91.03 24.39 0)
(91.03 24.39 1.9958843e-21)
(91.03 24.39 0)
(91.03 24.39 -1.4507262e-23)
(91.03 24.39 -1.7694556e-21)
(91.03 24.39 1.7940545e-21)
(91.03 24.39 0)
(91.03 24.389998 2.5445013e-23)
(91.030057 24.389788 7.8753679e-22)
(91.055266 24.2957 -7.3774977e-22)
(91.03 24.39 3.5519414e-24)
(91.03 24.39 -7.110629e-21)
(91.03 24.39 6.9534556e-21)
(91.03 24.39 0)
(91.03 24.39 3.2413197e-24)
(91.03 24.39 0)
(91.03 24.39 0)
(91.03 24.39 6.1898112e-21)
(91.03 24.39 -1.2100227e-20)
(91.03 24.39 5.9101734e-21)
(91.03 24.39 5.637657e-24)
(91.03 24.39 -5.638428e-21)
(91.03 24.39 5.5038339e-21)
(91.03 24.39 5.3771952e-21)
(91.03 24.39 -5.2452713e-21)
(91.03 24.39 5.0059449e-24)
(91.03 24.39 0)
(91.03 24.39 -4.884734e-21)
(91.03 24.39 4.7676032e-21)
(91.03 24.39 0)
(91.03 24.39 8.8676172e-24)
(91.03 24.39 0)
(91.03 24.39 4.3301727e-21)
(91.03 24.39 -4.21984e-21)
(91.03 24.39 0)
(91.03 24.39 -3.9160003e-24)
(91.03 24.39 -7.6370694e-24)
(91.03 24.39 7.4460363e-24)
(91.03 24.39 7.4330416e-21)
(91.03 24.39 -7.2522675e-21)
(91.03 24.39 -7.0611265e-21)
(91.03 24.39 6.8807784e-21)
(91.03 24.39 6.6909884e-21)
(91.03 24.39 -6.5309763e-21)
(91.03 24.39 0)
(91.03 24.39 0)
(91.03 24.39 0)
(91.03 24.39 5.88471e-21)
(91.03 24.39 -1.1434368e-20)
(91.03 24.39 1.112874e-20)
(91.03 24.39 -5.4253169e-21)
(91.03 24.39 5.2682448e-21)
(91.03 24.39 -5.1148201e-21)
(91.03 24.39 -9.7352447e-24)
(91.03 24.39 0)
(91.03 24.39 -4.7125713e-21)
(91.03 24.39 4.5809853e-21)
(91.03 24.39 0)
(91.03 24.39 -2.1462422e-21)
(91.03 24.39 -8.2091352e-24)
(91.03 24.39 2.0572352e-21)
(91.03 24.39 0)
(91.03 24.39 -1.9247571e-21)
(91.03 24.39 -2.1895729e-23)
(91.03 24.39 1.8062992e-21)
(91.03 24.39 -1.7595789e-21)
(91.03 24.39 1.680332e-21)
(91.03 24.39 1.6427042e-21)
(91.03 24.39 -3.2234728e-21)
(91.03 24.389998 3.0764472e-21)
(91.030066 24.389754 -1.5204017e-21)
(91.057404 24.28772 -7.3209338e-22)
(91.03 24.39 -6.2574407e-21)
(91.03 24.39 -2.989722e-24)
(91.03 24.39 -2.9253284e-24)
(91.03 24.39 -5.8617541e-21)
(91.03 24.39 5.7321471e-21)
(91.03 24.39 0)
(91.03 24.39 -5.4886724e-21)
(91.03 24.39 5.3717292e-21)
(91.03 24.39 5.2518615e-21)
(91.03 24.39 -5.1368904e-21)
(91.03 24.39 0)
(91.03 24.39 0)
(91.03 24.39 2.3462818e-24)
(91.03 24.39 9.3977542e-21)
(91.03 24.39 -4.4869426e-24)
(91.03 24.39 -8.98919e-21)
(91.03 24.39 0)
(91.03 24.39 8.5877063e-21)
(91.03 24.39 -8.3949111e-21)
(91.03 24.39 0)
(91.03 24.39 0)
(91.03 24.39 0)
(91.03 24.39 0)
(91.03 24.39 -3.6550505e-24)
(91.03 24.39 0)
(91.03 24.39 -7.1424983e-21)
(91.03 24.39 6.9811309e-21)
(91.03 24.39 6.8194696e-21)
(91.03 24.39 -1.3321884e-20)
(91.03 24.39 1.3010979e-20)
(91.03 24.39 -6.3530531e-21)
(91.03 24.39 0)
(91.03 24.39 0)
(91.03 24.39 0)
(91.03 24.39 -5.7723339e-21)
(91.03 24.39 5.634138e-21)
(91.03 24.39 0)
(91.03 24.39 -5.3657622e-21)
(91.03 24.39 5.235482e-21)
(91.03 24.39 -5.1077424e-21)
(91.03 24.39 9.9649938e-21)
(91.03 24.39 -9.7193972e-21)
(91.03 24.39 4.730047e-21)
(91.03 24.39 0)
(91.03 24.39 0)
(91.03 24.39 4.3920954e-21)
(91.03 24.39 -4.2808786e-21)
(91.03 24.39 0)
(91.03 24.39 0)
(91.03 24.39 7.7348184e-24)
(91.03 24.39 3.8575485e-21)
(91.03 24.39 -3.7569108e-21)
(91.03 24.39 -3.6582786e-21)
(91.03 24.39 7.1301913e-21)
(91.03 24.39 -5.1935684e-21)
(91.03 24.39 1.7002167e-21)
(91.03 24.39 0)
(91.03 24.39 -1.2476632e-23)
(91.03 24.39 1.2135627e-23)
(91.03 24.389998 1.1801576e-23)
(91.030082 24.389704 1.4801933e-21)
(91.060238 24.277184 -1.4276971e-21)
)
;

boundaryField
{
    Side
    {
        type            empty;
    }
    Inlet
    {
        type            freestreamVelocity;
        freestreamValue uniform (91.03 24.39 0);
        value           nonuniform List<vector> 
65
(
(91.035819 24.368285 -1.8533609e-22)
(91.03583 24.36824 0)
(91.035843 24.368193 -1.9119636e-23)
(91.035856 24.368144 -1.8454734e-23)
(91.035871 24.368092 -2.8412366e-22)
(91.035885 24.368038 5.4781194e-22)
(91.035901 24.36798 -2.6406313e-22)
(91.035917 24.367919 -2.54558e-22)
(91.035934 24.367855 3.069063e-23)
(91.035952 24.367788 2.6644749e-22)
(91.035971 24.367717 0)
(91.035991 24.367642 0)
(91.036012 24.367563 -2.6581208e-23)
(91.036035 24.36748 2.5653903e-23)
(91.036058 24.367392 4.9527343e-23)
(91.036083 24.367299 4.7818286e-23)
(91.036109 24.367201 -4.1560221e-22)
(91.036137 24.367097 3.5683223e-22)
(91.036166 24.366988 4.3161202e-23)
(91.036198 24.366872 -4.1645346e-23)
(91.03623 24.36675 -4.0256158e-23)
(91.036265 24.36662 7.790925e-23)
(91.036302 24.366482 -2.6347421e-22)
(91.036341 24.366336 7.2962269e-23)
(91.036382 24.366182 2.820197e-22)
(91.036426 24.366017 0)
(91.036473 24.365843 0)
(91.036522 24.365658 1.9207633e-22)
(91.036576 24.36546 -3.1056995e-22)
(91.036632 24.365251 -6.0217915e-23)
(91.036692 24.365026 -9.12443e-26)
(91.036756 24.364788 0)
(91.036824 24.364532 -3.3052856e-22)
(91.036897 24.36426 3.2139219e-22)
(91.036976 24.363968 0)
(91.03706 24.363654 2.0265589e-22)
(91.037149 24.363318 -1.9719783e-22)
(91.037247 24.362956 9.6168323e-23)
(91.037351 24.362566 9.3803098e-23)
(91.037463 24.362146 9.1721949e-23)
(91.037588 24.361691 0)
(91.037578 24.361689 3.7136189e-22)
(91.037617 24.361538 -3.3105402e-22)
(91.03768 24.361329 0)
(91.03775 24.361077 2.6354276e-22)
(91.037823 24.360803 2.9422722e-23)
(91.037903 24.360506 -2.8934222e-22)
(91.03799 24.36018 -2.3567395e-23)
(91.038087 24.359818 -4.2215899e-23)
(91.038195 24.359416 0)
(91.038316 24.358965 3.3939961e-23)
(91.038451 24.358459 -1.5262385e-23)
(91.038604 24.357886 4.1340535e-23)
(91.038779 24.357234 -9.948491e-23)
(91.038979 24.356489 -2.2475553e-23)
(91.039209 24.35563 2.0399825e-23)
(91.039476 24.354632 -3.7386168e-23)
(91.039789 24.353465 -1.0211059e-22)
(91.040159 24.352083 2.4956444e-22)
(91.040602 24.350432 2.0167095e-22)
(91.041138 24.348431 -2.7054999e-31)
(91.041798 24.345967 2.1313426e-22)
(91.042626 24.342875 -3.6867857e-22)
(91.043694 24.33889 -3.6583586e-22)
(91.045109 24.333628 -7.1339612e-22)
)
;
    }
    Airfoil
    {
        type            noSlip;
    }
    Outlet
    {
        type            inletOutlet;
        inletValue      uniform (91.03 24.39 0);
        value           nonuniform List<vector> 
62
(
(91.03 24.39 -6.2574407e-21)
(91.03 24.39 -2.989722e-24)
(91.03 24.39 -2.9253284e-24)
(91.03 24.39 -5.8617541e-21)
(91.03 24.39 5.7321471e-21)
(91.03 24.39 0)
(91.03 24.39 -5.4886724e-21)
(91.03 24.39 5.3717292e-21)
(91.03 24.39 5.2518615e-21)
(91.03 24.39 -5.1368904e-21)
(91.03 24.39 0)
(91.03 24.39 0)
(91.03 24.39 2.3462818e-24)
(91.03 24.39 9.3977542e-21)
(91.03 24.39 -4.4869426e-24)
(91.03 24.39 -8.98919e-21)
(91.03 24.39 0)
(91.03 24.39 8.5877063e-21)
(91.03 24.39 -8.3949111e-21)
(91.03 24.39 0)
(91.03 24.39 0)
(91.03 24.39 0)
(91.03 24.39 0)
(91.03 24.39 -3.6550505e-24)
(91.03 24.39 0)
(91.03 24.39 -7.1424983e-21)
(91.03 24.39 6.9811309e-21)
(91.03 24.39 6.8194696e-21)
(91.03 24.39 -1.3321884e-20)
(91.03 24.39 1.3010979e-20)
(91.03 24.39 -6.3530531e-21)
(91.03 24.39 0)
(91.03 24.39 0)
(91.03 24.39 0)
(91.03 24.39 -5.7723339e-21)
(91.03 24.39 5.634138e-21)
(91.03 24.39 0)
(91.03 24.39 -5.3657622e-21)
(91.03 24.39 5.235482e-21)
(91.03 24.39 -5.1077424e-21)
(91.03 24.39 9.9649938e-21)
(91.03 24.39 -9.7193972e-21)
(91.03 24.39 4.730047e-21)
(91.03 24.39 0)
(91.03 24.39 0)
(91.03 24.39 4.3920954e-21)
(91.03 24.39 -4.2808786e-21)
(91.03 24.39 0)
(91.03 24.39 0)
(91.03 24.39 7.7348184e-24)
(91.03 24.39 3.8575485e-21)
(91.03 24.39 -3.7569108e-21)
(91.03 24.39 -3.6582786e-21)
(91.03 24.39 7.1301913e-21)
(91.03 24.39 -5.1935684e-21)
(91.03 24.39 1.7002167e-21)
(91.03 24.39 0)
(91.03 24.39 -1.2476632e-23)
(91.03 24.39 1.2135627e-23)
(91.03 24.389998 1.1801576e-23)
(91.030082 24.389704 1.4801933e-21)
(91.060238 24.277184 -1.4276971e-21)
)
;
    }
    procBoundary6to38
    {
        type            processor;
        value           nonuniform List<vector> 
95
(
(91.03 24.39 1.2115639e-23)
(91.03 24.39 1.4132288e-21)
(91.03 24.39 1.277178e-21)
(91.03 24.39 1.1810684e-21)
(91.03 24.39 0)
(91.03 24.39 0)
(91.03 24.39 -1.8160418e-23)
(91.03 24.39 -1.0623489e-21)
(91.03 24.39 -9.5534145e-22)
(91.03 24.39 -1.7722756e-21)
(91.03 24.39 0)
(91.03 24.39 0)
(91.03 24.39 0)
(91.03 24.39 0)
(91.03 24.39 0)
(91.03 24.39 0)
(91.03 24.39 -2.3212698e-23)
(91.03 24.39 -2.3212698e-23)
(91.03 24.39 0)
(91.03 24.39 -1.0726056e-21)
(91.03 24.39 9.8695312e-22)
(91.03 24.39 2.836273e-23)
(91.03 24.39 -8.6021909e-22)
(91.03 24.39 -8.6021909e-22)
(91.03 24.39 0)
(91.03 24.39 1.3333795e-21)
(91.03 24.39 -1.2297887e-21)
(91.03 24.39 -1.2297887e-21)
(91.03 24.39 0)
(91.03 24.39 7.7225632e-22)
(91.03 24.39 0)
(91.03 24.39 0)
(91.03 24.39 -8.4706141e-22)
(91.03 24.39 -9.2445351e-22)
(91.03 24.39 5.3603542e-23)
(91.03 24.39 1.5407719e-21)
(91.03 24.39 1.5407719e-21)
(91.03 24.39 -9.4114307e-22)
(91.03 24.39 -1.0495704e-21)
(91.03 24.39 -1.0495704e-21)
(91.03 24.39 0)
(91.03 24.39 -2.3604585e-22)
(91.03 24.39 9.9281195e-22)
(91.03 24.39 0)
(91.03 24.39 -8.2454548e-22)
(91.03 24.39 -8.2454548e-22)
(91.03 24.39 0)
(91.03 24.39 0)
(91.03 24.39 5.5110934e-22)
(91.03 24.39 5.5110934e-22)
(91.03 24.39 -1.097307e-21)
(91.03 24.39 3.0633623e-22)
(91.03 24.39 3.0633623e-22)
(91.03 24.39 5.0671096e-22)
(91.03 24.39 5.0671096e-22)
(91.03 24.39 2.0074152e-22)
(91.03 24.39 2.0074152e-22)
(91.03 24.39 1.9841028e-22)
(91.03 24.39 0)
(91.03 24.39 -2.0467206e-22)
(91.03 24.39 -1.9265248e-22)
(91.03 24.39 5.4383142e-22)
(91.03 24.39 -3.4102782e-22)
(91.03 24.39 -3.4102782e-22)
(91.03 24.39 0)
(91.03 24.39 0)
(91.03 24.39 1.7490926e-23)
(91.03 24.39 -4.0500459e-21)
(91.03 24.39 1.814372e-21)
(91.03 24.39 1.814372e-21)
(91.03 24.39 3.4161263e-21)
(91.03 24.39 3.0623396e-21)
(91.03 24.39 3.0623396e-21)
(91.03 24.39 -2.856174e-21)
(91.03 24.39 -2.856174e-21)
(91.03 24.39 1.035438e-23)
(91.03 24.39 1.035438e-23)
(91.03 24.39 9.5692898e-24)
(91.03 24.39 9.5692898e-24)
(91.03 24.39 4.5081456e-21)
(91.03 24.39 4.5081456e-21)
(91.03 24.39 -4.1615044e-21)
(91.03 24.39 1.4218271e-23)
(91.03 24.39 1.4218271e-23)
(91.03 24.39 0)
(91.03 24.39 0)
(91.03 24.39 5.0785809e-21)
(91.03 24.39 -8.636355e-24)
(91.03 24.39 -7.6973975e-21)
(91.03 24.39 6.6846523e-21)
(91.03 24.39 0)
(91.03 24.39 0)
(91.03 24.39 0)
(91.03 24.39 7.4413625e-21)
(91.03 24.39 -6.3945963e-21)
)
;
    }
    procBoundary6to46
    {
        type            processor;
        value           nonuniform List<vector> 
34
(
(91.03 24.39 2.0089072e-22)
(91.03 24.39 0)
(91.03 24.39 0)
(91.03 24.39 0)
(91.03 24.39 2.9157583e-22)
(91.03 24.39 0)
(91.03 24.39 -2.4755542e-22)
(91.03 24.39 2.2789918e-22)
(91.03 24.39 2.0967302e-22)
(91.03 24.39 0)
(91.03 24.39 -5.3139623e-22)
(91.03 24.39 -1.6264284e-22)
(91.03 24.39 0)
(91.03 24.39 6.8415273e-22)
(91.03 24.39 2.5072885e-22)
(91.03 24.39 2.2954144e-22)
(91.03 24.39 -2.0997718e-22)
(91.03 24.39 -3.838458e-22)
(91.03 24.39 3.5054573e-22)
(91.03 24.39 1.5992825e-22)
(91.03 24.39 4.3738834e-22)
(91.03 24.39 -2.6558086e-22)
(91.03 24.39 0)
(91.03 24.39 0)
(91.03 24.39 0)
(91.03 24.39 3.6198078e-22)
(91.03 24.39 0)
(91.03 24.39 -2.9697933e-22)
(91.03 24.39 0)
(91.03 24.39 0)
(91.03 24.39 0)
(91.03 24.39 -4.2102228e-22)
(91.030007 24.389975 0)
(91.041618 24.346643 -6.8417084e-22)
)
;
    }
}


// ************************************************************************* //
