/*--------------------------------*- C++ -*----------------------------------*\
| =========                 |                                                 |
| \\      /  F ield         | OpenFOAM: The Open Source CFD Toolbox           |
|  \\    /   O peration     | Version:  2506                                  |
|   \\  /    A nd           | Website:  www.openfoam.com                      |
|    \\/     M anipulation  |                                                 |
\*---------------------------------------------------------------------------*/
FoamFile
{
    version     2.0;
    format      ascii;
    arch        "LSB;label=32;scalar=64";
    class       surfaceScalarField;
    location    "0.00049";
    object      phi;
}
// * * * * * * * * * * * * * * * * * * * * * * * * * * * * * * * * * * * * * //

dimensions      [1 0 -1 0 0 0 0];

oriented        oriented;

internalField   nonuniform List<scalar> 
6719
(
-0.27027073
-0.027082361
-0.27751903
-0.029496568
-0.24848722
-0.032697842
-0.03769306
-0.24200602
-0.022066859
-0.25252423
-0.024999105
-0.27267559
-0.02708165
-0.28004619
-0.029495762
-0.25085344
-0.032688503
-0.20450876
-0.037698585
-0.14986358
-0.042568267
-0.049863372
-0.25049652
-0.018368321
-0.24460645
-0.019604852
-0.24419445
-0.022047923
-0.25476244
-0.024979995
-0.27509213
-0.027061105
-0.28259546
-0.029474008
-0.25317433
-0.032671512
-0.20643195
-0.0376773
-0.15132969
-0.042550402
-0.10038154
-0.049838427
-0.06052477
-0.056203091
-0.064215558
-0.27720654
-0.017710405
-0.25277071
-0.018359156
-0.24679111
-0.019591713
-0.2463526
-0.022032501
-0.25700272
-0.024967127
-0.27753487
-0.02704785
-0.28514553
-0.029458159
-0.25553016
-0.032649974
-0.20839502
-0.037643043
-0.15281205
-0.042520545
-0.10140548
-0.049809543
-0.061160623
-0.05617961
-0.025724646
-0.064212138
-0.0044284047
-0.070897017
0.013361814
-0.078745216
-0.086351675
-0.31073848
-0.014157594
-0.30139554
-0.015972838
-0.27961168
-0.017702572
-0.2550195
-0.018352857
-0.24891943
-0.01958017
-0.24842137
-0.022016205
-0.25911105
-0.024953217
-0.2798348
-0.027034305
-0.28756411
-0.029441567
-0.25788922
-0.032618618
-0.2103836
-0.037618088
-0.15430211
-0.042487322
-0.10241958
-0.049790509
-0.061799965
-0.056155033
-0.026003214
-0.064200168
-0.0044997447
-0.070891514
0.013452544
-0.078732278
0.024536328
-0.086339351
0.035039656
-0.09461136
0.045467363
-0.10363878
0.055903915
-0.11352691
-0.1243264
-0.31327179
-0.014148632
-0.30396358
-0.015960328
-0.28195788
-0.017694542
-0.25721884
-0.01834704
-0.25100581
-0.01956944
-0.25044775
-0.022003202
-0.26116785
-0.024941427
-0.28206923
-0.027020372
-0.2899444
-0.029424611
-0.26014571
-0.032599019
-0.21228771
-0.037594651
-0.15574923
-0.042453681
-0.1033811
-0.049760308
-0.062396337
-0.056131679
-0.026264327
-0.064197486
-0.0045566892
-0.070882603
0.013561283
-0.078722724
0.024740921
-0.086329566
0.035334913
-0.09460078
0.04584977
-0.10362773
0.056371138
-0.1135152
0.066297059
-0.12431368
0.074572123
-0.1359971
0.080356214
-0.14847886
0.083630575
-0.16171599
0.085102673
-0.17578804
-0.19086601
-0.30326602
-0.011749476
-0.30940054
-0.012840654
-0.31575143
-0.014145471
-0.30650758
-0.015955012
-0.28425633
-0.017694662
-0.2593876
-0.018348291
-0.2530509
-0.019565011
-0.25241679
-0.021995469
-0.26315877
-0.024934856
-0.28424823
-0.02701257
-0.29224634
-0.029415214
-0.26231875
-0.032576269
-0.21414792
-0.03756419
-0.15715917
-0.042427007
-0.10431253
-0.049731828
-0.062977524
-0.05608903
-0.026497466
-0.064184896
-0.0045880411
-0.07087476
0.013680675
-0.078711721
0.024947319
-0.086317156
0.035626155
-0.094588025
0.046224623
-0.10361455
0.056827931
-0.11350154
0.066829001
-0.12429957
0.075162957
-0.13598206
0.08098528
-0.1484624
0.084279308
-0.16169764
0.085759324
-0.17576768
-0.19084366
-0.30557605
-0.011751854
-0.31175396
-0.012842115
-0.31816032
-0.014146155
-0.30893991
-0.015953234
-0.28648327
-0.017697231
-0.26148031
-0.018354248
-0.25503473
-0.019566027
-0.25434236
-0.021995399
-0.26511478
-0.024936934
-0.28638041
-0.027014334
-0.2944759
-0.029413549
-0.26454977
-0.03255742
-0.21601523
-0.037553534
-0.15854361
-0.042406868
-0.10524372
-0.049727984
-0.063555633
-0.056043081
-0.026733819
-0.064154537
-0.0046340957
-0.070871806
0.013785769
-0.078700078
0.025137444
-0.086304748
0.035901298
-0.094575939
0.046583418
-0.10360254
0.057267967
-0.11348949
0.067342655
-0.12428715
0.0757346
-0.13596849
0.081594379
-0.1484469
0.084907713
-0.16167978
0.08639541
-0.17574747
-0.19082123
-0.30784201
-0.011750887
-0.31406943
-0.012841128
-0.32054798
-0.014144503
-0.31136727
-0.015950207
-0.28868329
-0.017701139
-0.26355994
-0.018360314
-0.25699301
-0.019567174
-0.25621226
-0.021993262
-0.26698639
-0.024938501
-0.28841841
-0.027019627
-0.29666066
-0.029419262
-0.26671631
-0.032549215
-0.21781885
-0.037557704
-0.15989676
-0.042401844
-0.10614967
-0.04973042
-0.064114242
-0.056036429
-0.026979596
-0.064122944
-0.0046907457
-0.070870688
0.013884107
-0.078691602
0.025320545
-0.086297032
0.036166304
-0.094568266
0.046929136
-0.10359492
0.057693609
-0.11348155
0.067841315
-0.12427821
0.076290303
-0.13595746
0.082186294
-0.14843292
0.0855176
-0.16166263
0.087012142
-0.17572742
-0.19079878
-0.30376333
-0.010828874
-0.31007625
-0.011747855
-0.31634317
-0.012836732
-0.32288138
-0.014138568
-0.31371927
-0.015941125
-0.29084356
-0.017696586
-0.26560838
-0.018359321
-0.25893527
-0.019562073
-0.25807838
-0.021985637
-0.26885145
-0.024931391
-0.29042679
-0.027015059
-0.29883462
-0.029418071
-0.26878581
-0.032550587
-0.21954175
-0.037563362
-0.16119971
-0.042395788
-0.10701586
-0.049720526
-0.064656014
-0.056064063
-0.027234679
-0.064112797
-0.0047622404
-0.070860196
0.013962734
-0.078688507
0.025484871
-0.086293117
0.036414172
-0.094563618
0.047260873
-0.10358962
0.058107713
-0.11347501
0.068328536
-0.12426964
0.076832907
-0.13594625
0.08276271
-0.14841856
0.08610991
-0.1616451
0.087610082
-0.1757071
0.088134835
-0.1907761
-0.20703581
-0.30590911
-0.010828707
-0.31226226
-0.011747381
-0.31857065
-0.012835301
-0.32519129
-0.014136721
-0.31608753
-0.015937483
-0.29298055
-0.017697122
-0.26764984
-0.018360312
-0.26086853
-0.019556266
-0.25992073
-0.021979122
-0.27069207
-0.0249247
-0.29241187
-0.027005984
-0.30097792
-0.029411326
-0.27075462
-0.032557154
-0.22120767
-0.037556238
-0.16247757
-0.042384083
-0.10786383
-0.049693098
-0.065198408
-0.056071682
-0.027510967
-0.064118272
-0.0048468658
-0.07082991
0.014042638
-0.078682111
0.025648259
-0.086285956
0.036660884
-0.09455628
0.047589601
-0.10358116
0.058515336
-0.11346505
0.068804877
-0.12425801
0.077360779
-0.13593261
0.083321736
-0.14840261
0.086683717
-0.16162669
0.08818908
-0.17568636
0.088715174
-0.19075314
0.088848666
-0.20701078
-0.22461748
-0.3080291
-0.010832235
-0.3144209
-0.011751242
-0.32076803
-0.012838576
-0.32745088
-0.01413961
-0.31838011
-0.015939199
-0.29506666
-0.017703792
-0.26963341
-0.01837016
-0.26275342
-0.01956009
-0.26175306
-0.021981748
-0.27256675
-0.024928956
-0.29445944
-0.027009537
-0.30310046
-0.029415491
-0.27271751
-0.032555227
-0.22287975
-0.037547609
-0.16376448
-0.042381582
-0.10874418
-0.049687372
-0.065756818
-0.05604456
-0.027761608
-0.064113335
-0.004920591
-0.070797911
0.01410516
-0.078674055
0.025797493
-0.086276485
0.036894737
-0.094545862
0.047903287
-0.10356978
0.058904771
-0.11345273
0.069261109
-0.12424459
0.07786791
-0.13591785
0.083860501
-0.14838599
0.08723791
-0.16160793
0.088749122
-0.17566539
0.089276784
-0.19073004
0.089410514
-0.20698556
-0.22459008
-0.31011681
-0.010832685
-0.31654985
-0.011751137
-0.32295133
-0.012837799
-0.32970496
-0.014138228
-0.32067559
-0.015936303
-0.29712159
-0.017708804
-0.2715684
-0.018377024
-0.2645731
-0.019560386
-0.26351777
-0.02197582
-0.27438898
-0.024927371
-0.29647474
-0.027012124
-0.30517749
-0.029415669
-0.27478099
-0.03254031
-0.22459263
-0.037546458
-0.16506478
-0.042373646
-0.10964654
-0.049693743
-0.066348264
-0.056025265
-0.028047907
-0.064092554
-0.0050139681
-0.070775951
0.014170571
-0.078662198
0.025947068
-0.086263801
0.037124477
-0.094532912
0.048209411
-0.1035563
0.059283753
-0.11343887
0.069704507
-0.12423034
0.078360157
-0.13590272
0.084382887
-0.14836931
0.08777479
-0.16158912
0.089291293
-0.17564433
0.089820346
-0.19070681
0.089954253
-0.2069602
0.089964488
-0.22456252
-0.24365265
-0.31218543
-0.010827152
-0.31865164
-0.011745341
-0.32510579
-0.012829979
-0.33191073
-0.014128408
-0.32289826
-0.015922569
-0.29913881
-0.017699981
-0.27345654
-0.018371039
-0.26635556
-0.019550025
-0.26525884
-0.02196135
-0.27618053
-0.02491624
-0.29843245
-0.027001417
-0.30723395
-0.02939989
-0.27678333
-0.032514311
-0.22626391
-0.037536945
-0.16633794
-0.042353973
-0.11052493
-0.049679068
-0.066917246
-0.056019678
-0.028328185
-0.064081104
-0.0051142915
-0.070768545
0.014224874
-0.078647084
0.026094212
-0.086249732
0.037353384
-0.094519322
0.04851285
-0.10354305
0.059658265
-0.11342585
0.070142784
-0.12421715
0.078847712
-0.13588852
0.084901266
-0.14835317
0.08830831
-0.16157055
0.089830518
-0.1756233
0.090361094
-0.1906835
0.090495245
-0.2069347
0.090505364
-0.22453477
-0.24362255
-0.3141898
-0.010820852
-0.32068905
-0.011738588
-0.32719933
-0.012821676
-0.33406689
-0.014118803
-0.32511842
-0.015909932
-0.30113945
-0.017691584
-0.27535082
-0.018364761
-0.26811588
-0.019539005
-0.26695513
-0.021945346
-0.27790591
-0.024901617
-0.30032638
-0.026985647
-0.30926942
-0.029383177
-0.2786272
-0.03249596
-0.22784439
-0.037508193
-0.16757101
-0.042322924
-0.1113487
-0.049647533
-0.067436396
-0.056006089
-0.028581688
-0.064086657
-0.0051915407
-0.070781287
0.014309344
-0.078641878
0.026269765
-0.086243726
0.03760463
-0.09451257
0.048835184
-0.10353565
0.060050935
-0.11341778
0.070599481
-0.12420769
0.079353748
-0.13587674
0.08543789
-0.14833833
0.088859641
-0.1615525
0.090387085
-0.17560237
0.090919047
-0.19066013
0.091053339
-0.20690907
0.091063345
-0.22450689
0.091040435
-0.24359226
-0.26429858
-0.31614653
-0.010818226
-0.32267962
-0.011735395
-0.32922772
-0.012817574
-0.33613483
-0.014113115
-0.32720887
-0.015900996
-0.3030549
-0.017685589
-0.27716362
-0.018361808
-0.2698178
-0.019532917
-0.26860877
-0.021937112
-0.27959977
-0.024895264
-0.30218907
-0.026979844
-0.31123386
-0.029376707
-0.28049121
-0.032475899
-0.22942501
-0.037479797
-0.16878643
-0.04229641
-0.11217377
-0.049625302
-0.067947454
-0.055976149
-0.028792186
-0.064082459
-0.0052259667
-0.070788037
0.014412902
-0.078635876
0.026444473
-0.086237627
0.037848113
-0.094506064
0.049150537
-0.10352852
0.060437377
-0.11340954
0.071049471
-0.12419775
0.079850793
-0.13586441
0.085962661
-0.14832305
0.089396758
-0.16153417
0.090928114
-0.17558125
0.091460818
-0.19063657
0.091595047
-0.20688329
0.091604852
-0.22447882
0.091581778
-0.24356181
-0.26426552
-0.31802702
-0.010819047
-0.32459134
-0.011735347
-0.33119325
-0.012816917
-0.33816885
-0.014111882
-0.32930147
-0.015898143
-0.30494131
-0.01768811
-0.27896422
-0.018365411
-0.27149325
-0.019531868
-0.27019852
-0.02193298
-0.28119232
-0.024893335
-0.30393032
-0.026978397
-0.3130813
-0.029372877
-0.28238995
-0.032454791
-0.23100599
-0.037468207
-0.16998604
-0.042280875
-0.11298233
-0.049616595
-0.068460886
-0.05594907
-0.029017787
-0.064067904
-0.0052819167
-0.070782133
0.014495191
-0.07862677
0.026604744
-0.086228985
0.038083038
-0.094497003
0.049459076
-0.10351869
0.060816435
-0.11339861
0.071489305
-0.12418558
0.080334911
-0.13585046
0.086472262
-0.14830679
0.08991725
-0.16151529
0.091451951
-0.17555985
0.091985137
-0.19061285
0.092119243
-0.20685731
0.092128874
-0.2244506
0.092105603
-0.24353117
0.092073541
-0.26423226
-0.28669107
-0.31211401
-0.010082075
-0.31987056
-0.010824184
-0.32646543
-0.011740922
-0.33310716
-0.012821942
-0.34013917
-0.014116309
-0.33132381
-0.015900492
-0.30679027
-0.017694831
-0.28073529
-0.018374902
-0.27315336
-0.019537762
-0.27178879
-0.021938897
-0.28278791
-0.024900412
-0.30566118
-0.026984734
-0.31493891
-0.029380059
-0.28418676
-0.03245792
-0.23251849
-0.037463368
-0.1711325
-0.042264723
-0.11374627
-0.049606437
-0.068932957
-0.055926083
-0.029230593
-0.064048173
-0.0053282199
-0.070771431
0.014587694
-0.078619341
0.026769127
-0.086220238
0.038316543
-0.094487009
0.049761961
-0.10350783
0.061185663
-0.11338691
0.071916029
-0.12417276
0.080803526
-0.13583604
0.086965143
-0.14829023
0.090420671
-0.16149618
0.091958558
-0.17553829
0.092492305
-0.19058896
0.092626362
-0.20683124
0.09263581
-0.22442222
0.092612349
-0.24350036
0.092580118
-0.26419884
-0.28665479
-0.31386545
-0.010088367
-0.32166366
-0.010831636
-0.328292
-0.011747625
-0.33498307
-0.012828642
-0.34208951
-0.014122641
-0.33335
-0.01590622
-0.30860248
-0.017708745
-0.28246483
-0.018389568
-0.27475721
-0.01954544
-0.27330549
-0.021943797
-0.28431362
-0.024909234
-0.3073381
-0.02699576
-0.31673222
-0.029391287
-0.28601012
-0.032456296
-0.23403122
-0.037470845
-0.1722772
-0.042261004
-0.11451859
-0.049608358
-0.06940872
-0.055913898
-0.029427165
-0.064018598
-0.0053729579
-0.070752541
0.014658415
-0.078607108
0.026912708
-0.086208168
0.038532463
-0.094475063
0.05004707
-0.10349542
0.061536712
-0.11337389
0.072323891
-0.12415897
0.081253583
-0.13582097
0.08743998
-0.14827316
0.090906699
-0.16147679
0.092448197
-0.1755165
0.09298269
-0.19056491
0.093116716
-0.20680497
0.093126004
-0.22439368
0.093102391
-0.2434694
0.093069962
-0.26416523
-0.28661834
-0.31561371
-0.010087945
-0.32345619
-0.010832164
-0.33011686
-0.011747485
-0.33684272
-0.012827543
-0.34399739
-0.014119492
-0.33530055
-0.015900476
-0.31038471
-0.017708839
-0.28416523
-0.018393506
-0.27634515
-0.019543889
-0.27482383
-0.021936642
-0.28582256
-0.024902874
-0.30895681
-0.026989722
-0.31847875
-0.029384498
-0.28781247
-0.032442895
-0.23551127
-0.037479585
-0.17338768
-0.042262355
-0.1152662
-0.049598817
-0.069879266
-0.05592232
-0.029643699
-0.06399852
-0.0054319779
-0.07074193
0.014726385
-0.078595595
0.027056713
-0.086195478
0.038746705
-0.094461832
0.050325749
-0.10348175
0.061876939
-0.11335989
0.072718451
-0.12414439
0.081688518
-0.13580533
0.087898874
-0.14825574
0.091376393
-0.16145714
0.092921436
-0.17549456
0.093456692
-0.19054073
0.093590654
-0.20677859
0.093599829
-0.22436499
0.093576037
-0.24343826
0.093543463
-0.26413147
-0.28658167
-0.31734766
-0.010081279
-0.32522842
-0.010825889
-0.3319343
-0.011739827
-0.33869287
-0.012819193
-0.34589833
-0.014109592
-0.33725456
-0.0158883
-0.31217055
-0.017700352
-0.28587579
-0.018386547
-0.27794386
-0.019532183
-0.27635459
-0.021919568
-0.28734446
-0.024883661
-0.31058664
-0.026970042
-0.32025356
-0.029368094
-0.28940135
-0.032436883
-0.23690642
-0.037457214
-0.17447762
-0.042241385
-0.11599465
-0.049571733
-0.070347726
-0.055927311
-0.029877151
-0.064001976
-0.0055081032
-0.070749944
0.014784312
-0.078588352
0.027184303
-0.086187104
0.038938787
-0.094452241
0.050582126
-0.1034713
0.062196302
-0.11334867
0.073093494
-0.12413202
0.082105188
-0.13579116
0.088340426
-0.14823915
0.09182943
-0.16143785
0.093378391
-0.17547264
0.093914523
-0.19051649
0.09404854
-0.20675206
0.094057611
-0.22433619
0.094033664
-0.24340697
0.094000898
-0.26409752
-0.28654485
-0.31907356
-0.010076252
-0.32697778
-0.010819947
-0.33373326
-0.011733995
-0.34050835
-0.012811755
-0.34773951
-0.014101122
-0.33909796
-0.015876992
-0.31388078
-0.017690237
-0.28751653
-0.018379926
-0.27950493
-0.019523361
-0.27788753
-0.021909066
-0.28891625
-0.024873808
-0.31229266
-0.026957338
-0.32200657
-0.029353426
-0.29101239
-0.032415365
-0.23828423
-0.037428287
-0.17555331
-0.04221726
-0.11674347
-0.049544787
-0.070830249
-0.055902029
-0.030101711
-0.064004513
-0.0055853632
-0.070756837
0.014828152
-0.07857963
0.027301637
-0.086178826
0.039124288
-0.0944437
0.050832865
-0.10346205
0.062508987
-0.11333834
0.073459886
-0.12412025
0.082510796
-0.1357773
0.088768848
-0.14822266
0.092267811
-0.1614185
0.093819966
-0.17545067
0.094356693
-0.19049213
0.094490684
-0.20672545
0.094499578
-0.22430723
0.094475489
-0.24337555
0.094442554
-0.26406341
-0.28650786
-0.32075253
-0.010073276
-0.32870113
-0.010816325
-0.3354765
-0.011730044
-0.34230072
-0.012806846
-0.34958135
-0.014095241
-0.3410056
-0.015868948
-0.31557808
-0.017688021
-0.28912671
-0.018380513
-0.28098238
-0.019518774
-0.27933338
-0.021899832
-0.29042012
-0.024870514
-0.31397589
-0.026958551
-0.32374847
-0.029349825
-0.29272984
-0.032394272
-0.23970215
-0.037407114
-0.17664687
-0.042193659
-0.11749861
-0.049524359
-0.071314469
-0.055865498
-0.030333517
-0.063999789
-0.0056627219
-0.070755805
0.014879789
-0.07857077
0.027422899
-0.086168942
0.039308537
-0.094433107
0.051077129
-0.10345076
0.062811459
-0.11332633
0.073813959
-0.12410712
0.082903421
-0.13576248
0.089184437
-0.14820554
0.092693855
-0.16139883
0.094249418
-0.17542849
0.094786928
-0.19046763
0.094920908
-0.2066987
0.094929693
-0.22427814
0.094905449
-0.24334398
0.094872364
-0.26402914
-0.28647068
-0.32239539
-0.010071998
-0.33037033
-0.010815924
-0.33719663
-0.011728531
-0.34404364
-0.01280571
-0.35136402
-0.014093373
-0.34284942
-0.01586513
-0.31726008
-0.017690071
-0.29072072
-0.018383964
-0.28244038
-0.019518418
-0.28074125
-0.021894195
-0.29183645
-0.024866992
-0.31552466
-0.02695638
-0.32540671
-0.029347547
-0.29445967
-0.032378862
-0.24112343
-0.03739529
-0.1777312
-0.042173709
-0.11824476
-0.049508359
-0.071778286
-0.05583973
-0.030517496
-0.063983689
-0.005699189
-0.070754657
0.014953559
-0.078562072
0.027560313
-0.086160104
0.039505669
-0.094423525
0.051334118
-0.10344039
0.063127982
-0.11331509
0.074183565
-0.12409465
0.083312746
-0.13574809
0.089617382
-0.14818865
0.093137559
-0.16137922
0.094696687
-0.17540627
0.095234914
-0.19044302
0.095368918
-0.20667181
0.095377566
-0.22424892
0.095353161
-0.24331225
0.09531993
-0.26399473
-0.28643333
-0.32400936
-0.010072698
-0.33201133
-0.010816917
-0.33887735
-0.011729869
-0.34574016
-0.012805897
-0.35308143
-0.01409228
-0.34458845
-0.015860446
-0.31888741
-0.017685259
-0.29227764
-0.018384881
-0.28390023
-0.019517663
-0.28214669
-0.021891409
-0.29322808
-0.024862379
-0.31700271
-0.02695015
-0.32699887
-0.029341293
-0.29620398
-0.032360229
-0.24252276
-0.037392209
-0.17878416
-0.042165093
-0.11896523
-0.049501102
-0.07222215
-0.055830105
-0.030710353
-0.063959797
-0.0057428273
-0.070741157
0.015032578
-0.078551843
0.027700669
-0.086149765
0.03970647
-0.094412894
0.051595916
-0.10342929
0.063448451
-0.11330325
0.074555233
-0.12408166
0.083721363
-0.13573334
0.090047008
-0.14817154
0.093576011
-0.16135945
0.095137722
-0.17538395
0.095676331
-0.19041832
0.095810209
-0.2066448
0.095818693
-0.22421957
0.095794136
-0.24328038
0.095760743
-0.26396016
0.095723393
-0.28639581
-0.31073995
-0.32557304
-0.010070527
-0.33361096
-0.010814616
-0.34051609
-0.011726572
-0.34740868
-0.012801475
-0.35480078
-0.014086147
-0.34639075
-0.015851598
-0.32052262
-0.017682403
-0.29385141
-0.018383054
-0.28534562
-0.019511079
-0.28351542
-0.021877962
-0.29457753
-0.02484846
-0.31845531
-0.02693404
-0.32860181
-0.029325934
-0.29778203
-0.03234791
-0.24385178
-0.037380685
-0.1798001
-0.04214781
-0.11964222
-0.049481554
-0.072642334
-0.055828171
-0.030921073
-0.063952382
-0.0058025693
-0.070731001
0.015099948
-0.078543014
0.027828437
-0.086139794
0.039893634
-0.094402559
0.051843556
-0.10341861
0.063754385
-0.11329199
0.074911758
-0.12406935
0.084114787
-0.13571924
0.090461707
-0.14815489
0.093999942
-0.16133989
0.09556439
-0.17536164
0.096103454
-0.19039355
0.096237224
-0.20661768
0.096245562
-0.22419009
0.096220861
-0.24324838
0.096187294
-0.26392542
0.096149769
-0.28635812
-0.31069907
-0.32708633
-0.010068578
-0.33516129
-0.010812999
-0.34211277
-0.01172344
-0.34903566
-0.012798254
-0.35647507
-0.014081606
-0.348132
-0.015845234
-0.3220972
-0.017680258
-0.29534866
-0.01838165
-0.28673687
-0.019508348
-0.28485653
-0.021870906
-0.29595299
-0.024840501
-0.3199712
-0.026921334
-0.33021396
-0.029312812
-0.29925422
-0.032335578
-0.24512973
-0.037359809
-0.18080444
-0.042124036
-0.12032816
-0.049460803
-0.073082269
-0.055798705
-0.031125
-0.063944282
-0.0058567252
-0.070735003
0.015157393
-0.078536406
0.027946926
-0.086132745
0.04007652
-0.094394655
0.052088744
-0.10340989
0.064058401
-0.1132822
0.075264994
-0.12405808
0.084502359
-0.13570573
0.090867456
-0.14813846
0.09441229
-0.16132038
0.095978055
-0.17533928
0.096516848
-0.19036868
0.096650348
-0.20659046
0.096658472
-0.22416048
0.09663361
-0.24321623
0.096599886
-0.26389053
0.096562204
-0.28632028
-0.31065801
-0.32855582
-0.010069529
-0.33668179
-0.010814077
-0.34367275
-0.011722664
-0.3506268
-0.012797062
-0.35811878
-0.0140797
-0.34981881
-0.015841211
-0.3235846
-0.017684099
-0.29673097
-0.018385919
-0.28801961
-0.019505458
-0.28610428
-0.021872679
-0.29728587
-0.024852787
-0.3215106
-0.026938209
-0.33179522
-0.029322913
-0.30083361
-0.032322567
-0.24644181
-0.037339801
-0.18183232
-0.042100053
-0.12102518
-0.049458734
-0.073542207
-0.055778238
-0.031332942
-0.063920241
-0.0059192443
-0.070735791
0.015211229
-0.078528309
0.028068949
-0.086125094
0.040260695
-0.094386554
0.052330917
-0.1034008
0.064354975
-0.11327188
0.07560768
-0.12404611
0.084877288
-0.13569157
0.091259554
-0.14812155
0.094810824
-0.16130055
0.096377809
-0.17531672
0.096916509
-0.19034367
0.097049746
-0.20656312
0.097057667
-0.22413074
0.097032636
-0.24318394
0.09699879
-0.26385553
0.096960955
-0.28628228
-0.31061677
-0.32992867
-0.010071878
-0.33809898
-0.0108167
-0.34512604
-0.011723955
-0.35212923
-0.012797521
-0.35971104
-0.014080082
-0.35157968
-0.015840741
-0.32514236
-0.017691563
-0.2982085
-0.01839795
-0.28928382
-0.019510702
-0.28725725
-0.021872301
-0.29838145
-0.024857922
-0.3227241
-0.026950041
-0.33315759
-0.029338179
-0.30252081
-0.032316227
-0.24780374
-0.037343843
-0.18289143
-0.042105619
-0.12176338
-0.049458219
-0.074020815
-0.055786012
-0.031530964
-0.063900951
-0.0059747172
-0.07072491
0.01526526
-0.07852085
0.028185235
-0.0861166
0.040436287
-0.094377622
0.052563009
-0.10339118
0.064640711
-0.1132613
0.075938673
-0.12403406
0.085239707
-0.13567739
0.091638585
-0.14810462
0.095195902
-0.16128069
0.096764121
-0.17529406
0.097302594
-0.19031855
0.097435566
-0.20653567
0.097443303
-0.22410089
0.097418139
-0.24315154
0.097384139
-0.26382037
0.097346139
-0.28624412
-0.31057537
-0.33135657
-0.010074397
-0.33955254
-0.010818969
-0.34662309
-0.011727273
-0.35366221
-0.012801242
-0.36129056
-0.014083971
-0.35325789
-0.015843001
-0.32668434
-0.017702227
-0.2996576
-0.018407369
-0.29058804
-0.019512963
-0.28849082
-0.021867738
-0.29958975
-0.024851744
-0.32401253
-0.02694389
-0.33459309
-0.029337686
-0.30401677
-0.032332852
-0.24904576
-0.037356723
-0.18382855
-0.042107544
-0.12239942
-0.049437496
-0.074425444
-0.055787309
-0.031748082
-0.063893338
-0.0060510111
-0.070702006
0.015312125
-0.078514641
0.028293881
-0.086108858
0.040603712
-0.094368541
0.052787115
-0.10338094
0.064917568
-0.11324983
0.076259465
-0.12402105
0.085590529
-0.13566231
0.092005007
-0.14808704
0.095567904
-0.16126038
0.097137126
-0.17527119
0.097675449
-0.1902933
0.097808141
-0.20650808
0.097815699
-0.22407092
0.097790387
-0.24311901
0.097756239
-0.26378506
0.097718109
-0.28620583
-0.31053382
-0.33280141
-0.010079374
-0.34101728
-0.010824063
-0.34812444
-0.011735128
-0.35515765
-0.01280752
-0.36278401
-0.014089453
-0.35476038
-0.015846157
-0.32808681
-0.017703391
-0.30102096
-0.018415443
-0.29190542
-0.01952113
-0.28979661
-0.021878832
-0.30092877
-0.024860806
-0.32544781
-0.026949158
-0.33604967
-0.029343308
-0.30542464
-0.032338602
-0.25021377
-0.037358211
-0.18474723
-0.042104171
-0.1230651
-0.049428123
-0.074874236
-0.055769246
-0.031987709
-0.063886658
-0.006132039
-0.070666848
0.015363398
-0.078503727
0.028404143
-0.086096566
0.040770644
-0.094356293
0.053006842
-0.10336802
0.065185821
-0.11323613
0.076568089
-0.12400631
0.085927301
-0.13564614
0.092356997
-0.14806881
0.095925891
-0.16123974
0.097496592
-0.17524814
0.098035037
-0.19026792
0.09816752
-0.2064804
0.098174946
-0.22404083
0.098149514
-0.24308637
0.098115237
-0.26374963
0.098076946
-0.28616737
-0.31049211
-0.32679655
-0.0093338512
-0.33418509
-0.010083037
-0.34243624
-0.010826512
-0.34955589
-0.011737387
-0.35664413
-0.012809911
-0.36432242
-0.014090891
-0.35636726
-0.015847149
-0.32950548
-0.017712086
-0.30235274
-0.018425256
-0.29312044
-0.019522449
-0.29096685
-0.021876176
-0.30213607
-0.024866395
-0.3268041
-0.026958383
-0.3374347
-0.029345872
-0.30699
-0.032321554
-0.25141454
-0.037369054
-0.18568982
-0.04211064
-0.12374171
-0.04943707
-0.075324664
-0.055762403
-0.03220137
-0.063870471
-0.0062097362
-0.070637448
0.01539709
-0.078491457
0.028501138
-0.086084376
0.040922779
-0.094344012
0.053208504
-0.10335578
0.065434339
-0.1132236
0.076857683
-0.12399305
0.086246928
-0.13563126
0.09269384
-0.14805146
0.096270036
-0.16121956
0.097842877
-0.17522522
0.098381575
-0.19024252
0.09851398
-0.20645263
0.098521275
-0.22401063
0.098495712
-0.2430536
0.09846131
-0.26371408
0.098422895
-0.2861288
-0.31045026
-0.32817018
-0.0093303548
-0.33558416
-0.010077569
-0.34387368
-0.010822977
-0.35102517
-0.011732218
-0.35814232
-0.012805212
-0.36586772
-0.014086118
-0.35798558
-0.015840326
-0.33098051
-0.017708884
-0.30373376
-0.018423482
-0.29436932
-0.019514652
-0.29217929
-0.021863472
-0.30336584
-0.024854519
-0.32815636
-0.026944858
-0.33889446
-0.029332609
-0.30835782
-0.03230526
-0.25260087
-0.03734819
-0.18662379
-0.042088526
-0.12438182
-0.049417971
-0.075736909
-0.055766101
-0.032421835
-0.06387321
-0.0062945137
-0.070626493
0.015436625
-0.078483243
0.028600097
-0.086074965
0.041069076
-0.094333736
0.05340336
-0.10334499
0.065678636
-0.1132123
0.077145654
-0.12398068
0.086566065
-0.13561689
0.093029871
-0.14803436
0.096612433
-0.16119943
0.09818664
-0.17520231
0.098725221
-0.19021706
0.098857357
-0.20642477
0.098864508
-0.22398037
0.098838803
-0.24302072
0.098804258
-0.26367839
0.098765716
-0.28609009
-0.31040825
-0.3294776
-0.0093305195
-0.33691487
-0.010075903
-0.34520999
-0.010821475
-0.3524275
-0.011729036
-0.35954578
-0.012801816
-0.36730036
-0.014082438
-0.35946871
-0.015834468
-0.33233231
-0.017706942
-0.3050393
-0.018423126
-0.29557977
-0.019510007
-0.29334777
-0.021857632
-0.3045541
-0.024849881
-0.32946358
-0.026937806
-0.3402814
-0.029324711
-0.30981969
-0.032286904
-0.25379267
-0.037328021
-0.18756003
-0.042066813
-0.12504219
-0.049398282
-0.076151161
-0.055749497
-0.032587951
-0.06387861
-0.0063249053
-0.070625859
0.015498314
-0.078474737
0.028707382
-0.086066218
0.04122622
-0.094324826
0.053615034
-0.10333555
0.06594273
-0.11320178
0.077453532
-0.12396845
0.08690396
-0.13560236
0.093383316
-0.14801699
0.096971392
-0.1611791
0.098546517
-0.17517919
0.099084879
-0.19019145
0.099216764
-0.20639683
0.099223701
-0.22394995
0.09919786
-0.24298772
0.099163194
-0.26364258
0.099124503
-0.28605124
-0.3103661
-0.33069057
-0.0093318474
-0.3381615
-0.010077487
-0.34648996
-0.010822926
-0.35372718
-0.011729551
-0.3608753
-0.012802083
-0.36865184
-0.014079912
-0.36093539
-0.015828174
-0.33362573
-0.017708428
-0.3062736
-0.018427036
-0.29668248
-0.019510336
-0.2943951
-0.021853458
-0.30560387
-0.024848342
-0.33063231
-0.026935794
-0.34152953
-0.029320024
-0.31144747
-0.032269941
-0.2549893
-0.03731706
-0.18847716
-0.042051623
-0.12568461
-0.04939323
-0.076554647
-0.055732635
-0.032753239
-0.063876418
-0.0063742231
-0.070630881
0.015540601
-0.078469149
0.028813099
-0.086061796
0.04139114
-0.094319084
0.053834051
-0.10332824
0.066210154
-0.11319268
0.077760137
-0.12395725
0.087236292
-0.13558847
0.093728153
-0.14799996
0.097319859
-0.16115888
0.098895124
-0.17515609
0.099432947
-0.1901658
0.099564452
-0.20636876
0.099571199
-0.22391944
0.099545226
-0.2429546
0.099510443
-0.26360665
0.099471621
-0.28601226
-0.31032378
-0.33186708
-0.0093324377
-0.33936242
-0.01007673
-0.3477204
-0.010824659
-0.3549898
-0.011728949
-0.36216955
-0.01280178
-0.36998394
-0.014078358
-0.36235582
-0.015823279
-0.3349276
-0.017708222
-0.30750459
-0.018429224
-0.29777607
-0.019508638
-0.29543261
-0.021849135
-0.30664141
-0.024847191
-0.33179223
-0.026934529
-0.34279977
-0.029318702
-0.31290447
-0.03225746
-0.25612988
-0.037301154
-0.18935877
-0.042032632
-0.12629913
-0.049379989
-0.076935227
-0.055714993
-0.032907725
-0.063874681
-0.0064071944
-0.070634481
0.015600193
-0.078463746
0.028926283
-0.086054925
0.041555127
-0.094311433
0.054046282
-0.10331983
0.066467788
-0.11318324
0.078055274
-0.12394622
0.087556359
-0.13557506
0.094060084
-0.14798335
0.097655203
-0.1611389
0.099230409
-0.17513304
0.099767632
-0.1901401
0.09989876
-0.20634061
0.099905313
-0.22388884
0.099879187
-0.24292136
0.099844276
-0.2635706
0.099805309
-0.28597313
-0.31028135
-0.33289428
-0.0093369913
-0.34043671
-0.010079797
-0.3488239
-0.010830042
-0.35612983
-0.011730344
-0.36334365
-0.012805435
-0.37121914
-0.01408201
-0.36373474
-0.015826826
-0.33615246
-0.017720395
-0.3086926
-0.018439432
-0.29881547
-0.019511649
-0.29639074
-0.021848919
-0.30758603
-0.024850979
-0.33284215
-0.026939883
-0.34395261
-0.029324637
-0.31452683
-0.032253868
-0.2572424
-0.037292914
-0.19020489
-0.042017281
-0.12690126
-0.049369106
-0.077307966
-0.055684927
-0.033053772
-0.063858904
-0.0064464309
-0.070628383
0.015643233
-0.07845515
0.029025909
-0.086046581
0.041710375
-0.094303378
0.054253053
-0.10331121
0.066720959
-0.11317362
0.078345291
-0.12393497
0.087869327
-0.13556133
0.094382582
-0.14796646
0.097979153
-0.16111871
0.099553169
-0.17510985
0.10008927
-0.19011432
0.10021987
-0.20631239
0.10022616
-0.22385814
0.10019992
-0.24288804
0.10016487
-0.26353443
0.1001258
-0.2859339
-0.31023875
-0.33399694
-0.0093413075
-0.34153548
-0.010084121
-0.34995145
-0.010836191
-0.35726046
-0.011737191
-0.36449498
-0.012811271
-0.37236748
-0.014087701
-0.36489804
-0.015830061
-0.33723164
-0.017725586
-0.30972501
-0.018449507
-0.29975823
-0.019520394
-0.29728567
-0.021859301
-0.308467
-0.024863539
-0.33378876
-0.026953199
-0.34496983
-0.029336897
-0.31698381
-0.032250957
-0.25833155
-0.037300842
-0.19101712
-0.042018151
-0.12746933
-0.049363782
-0.077655558
-0.055661777
-0.03322033
-0.063827196
-0.006500588
-0.070617405
0.015693018
-0.078446947
0.029130756
-0.086037715
0.041866025
-0.09429337
0.054454171
-0.10330022
0.066963859
-0.11316161
0.078622276
-0.12392158
0.088168039
-0.13554603
0.094690847
-0.1479486
0.098289274
-0.16109799
0.099862571
-0.17508643
0.10039778
-0.1900884
0.10052789
-0.20628406
0.10053397
-0.22382732
0.10050759
-0.2428546
0.10047243
-0.26349814
0.10043323
-0.28589452
-0.31019605
-0.33116261
-0.0086850678
-0.3352727
-0.0093428265
-0.34282184
-0.010085708
-0.3512808
-0.010838504
-0.35858336
-0.011739051
-0.36586728
-0.012811862
-0.37378101
-0.0140884
-0.36641816
-0.015829163
-0.33860121
-0.017732923
-0.31102933
-0.01845875
-0.30091542
-0.019524138
-0.298358
-0.021859045
-0.30947953
-0.024865339
-0.33485911
-0.026956369
-0.34617659
-0.029342179
-0.31806338
-0.032258474
-0.25940496
-0.037309401
-0.19183485
-0.042018145
-0.12802586
-0.049353526
-0.078019958
-0.055671139
-0.03341316
-0.063806138
-0.0065615345
-0.070605921
0.015739559
-0.078437865
0.0292265
-0.08602704
0.042006712
-0.094282094
0.054639603
-0.1032884
0.067191804
-0.11314911
0.078884936
-0.12390806
0.088452932
-0.13553063
0.094985599
-0.14793069
0.098586261
-0.16107723
0.10015897
-0.17506293
0.10069333
-0.19006239
0.10082302
-0.20625564
0.10082891
-0.22379645
0.1008024
-0.24282106
0.10076714
-0.26346175
0.10072783
-0.28585504
-0.3101532
-0.33228709
-0.008687235
-0.33640774
-0.0093472657
-0.34398407
-0.01008846
-0.35246178
-0.01084287
-0.35981198
-0.011741293
-0.36710286
-0.012817139
-0.37504466
-0.014092518
-0.36777012
-0.015831787
-0.33987197
-0.017736978
-0.31227438
-0.018467413
-0.30206627
-0.019528432
-0.29947841
-0.021863039
-0.31059958
-0.024868206
-0.33607062
-0.02695663
-0.3474799
-0.029347044
-0.31834956
-0.032267414
-0.26038114
-0.037304515
-0.19262528
-0.042012505
-0.12857134
-0.04934161
-0.078388955
-0.055676013
-0.033597345
-0.063800092
-0.0066253023
-0.070587454
0.015769393
-0.078428496
0.029308742
-0.086017798
0.042138106
-0.09427272
0.05481771
-0.10327819
0.067411662
-0.11313766
0.079138265
-0.12389492
0.08872688
-0.13551541
0.095268436
-0.14791274
0.09887083
-0.16105639
0.1004427
-0.17503937
0.1009762
-0.1900363
0.10110544
-0.20622714
0.10111113
-0.22376546
0.1010845
-0.24278742
0.10104912
-0.26342526
0.10100969
-0.28581544
-0.31011025
-0.33010216
-0.0080188408
-0.33317537
-0.0086906343
-0.33729861
-0.0093524001
-0.34489929
-0.010092636
-0.35339083
-0.010849071
-0.36077836
-0.01174413
-0.36807787
-0.012823442
-0.37603668
-0.014097718
-0.36884489
-0.015835753
-0.34082414
-0.017748696
-0.31319604
-0.018481401
-0.30288148
-0.019535556
-0.30025671
-0.021866195
-0.31140308
-0.024874388
-0.33699919
-0.026965327
-0.3484368
-0.029353819
-0.32044434
-0.032264574
-0.26131192
-0.037305446
-0.19338653
-0.042016967
-0.12913445
-0.049342274
-0.078765169
-0.055670851
-0.033788312
-0.063796377
-0.0067005519
-0.070564888
0.015793948
-0.07842007
0.029388263
-0.086008942
0.042264706
-0.094263034
0.054986021
-0.10326774
0.067618487
-0.11312625
0.079376203
-0.1238822
0.088985507
-0.13550045
0.095536833
-0.14789503
0.099141788
-0.16103561
0.10071338
-0.17501565
0.10124635
-0.19001016
0.10137522
-0.20619857
0.10138076
-0.22373438
0.10135404
-0.24275372
0.10131856
-0.26338866
0.10127903
-0.28577574
-0.33125166
-0.0080176769
-0.33431849
-0.0086894167
-0.33845161
-0.0093502182
-0.3460718
-0.010091731
-0.35458455
-0.010847371
-0.36200784
-0.011742814
-0.36931574
-0.012820397
-0.37728812
-0.014094475
-0.37013882
-0.01583056
-0.34199538
-0.017748517
-0.31430591
-0.018484643
-0.30390283
-0.019534634
-0.30124668
-0.021863118
-0.31239891
-0.024874314
-0.3380832
-0.026965775
-0.34956516
-0.029351756
-0.32175123
-0.032251612
-0.2622839
-0.037289849
-0.19414571
-0.042002424
-0.12967436
-0.049332351
-0.07910932
-0.05566617
-0.033953045
-0.063801526
-0.0067677281
-0.07056425
0.015809414
-0.078413849
0.029452572
-0.086001088
0.042371542
-0.094254364
0.055135494
-0.10325839
0.067809124
-0.11311609
0.079601038
-0.12387055
0.089232521
-0.13548647
0.095793824
-0.14787789
0.09940102
-0.16101513
0.10097198
-0.17499229
0.10150416
-0.189984
0.10163266
-0.20616994
0.10163802
-0.22370325
0.10161115
-0.2427199
0.10157557
-0.26335197
-0.28573595
-0.33232519
-0.0080159506
-0.33539859
-0.0086871248
-0.33952419
-0.0093457222
-0.34716131
-0.010088666
-0.35569904
-0.010842966
-0.3631546
-0.011739642
-0.37047316
-0.012814709
-0.37846447
-0.014088529
-0.37137242
-0.015822259
-0.34310626
-0.017743889
-0.3153594
-0.018483688
-0.30484841
-0.019529649
-0.30215893
-0.021856308
-0.31332185
-0.024870233
-0.33912544
-0.026964469
-0.35066736
-0.029350397
-0.32315398
-0.032237786
-0.26330715
-0.037269042
-0.19495854
-0.04198153
-0.13026012
-0.049314257
-0.079491173
-0.055650151
-0.03411347
-0.063802173
-0.0068177211
-0.070576001
0.015828716
-0.07840606
0.029515683
-0.085993455
0.042482555
-0.094246579
0.055291963
-0.10324978
0.06800651
-0.11310633
0.079830304
-0.12385903
0.089481036
-0.1354724
0.096049727
-0.14786061
0.099657502
-0.16099453
0.1012271
-0.17496867
0.10175826
-0.18995777
0.1018862
-0.20614122
0.10189134
-0.22367204
0.10186436
-0.24268602
0.10182869
-0.2633152
-0.33334062
-0.0080169735
-0.33642146
-0.0086877912
-0.34054585
-0.0093451181
-0.34819485
-0.010088372
-0.35675986
-0.010841073
-0.36423125
-0.011738763
-0.37156795
-0.012812206
-0.37957432
-0.014084977
-0.3725587
-0.015814933
-0.34418569
-0.017740364
-0.31638865
-0.01848385
-0.30575962
-0.019526865
-0.30301786
-0.021850721
-0.31415278
-0.024865428
-0.34003506
-0.026962096
-0.35164027
-0.029347942
-0.3246221
-0.03222562
-0.26432226
-0.037258567
-0.19573296
-0.041966019
-0.13080206
-0.049299377
-0.079835459
-0.055631492
-0.034261823
-0.063795743
-0.0068678383
-0.070576701
0.015864265
-0.078399063
0.029608592
-0.085987755
0.042620528
-0.094240059
0.055470729
-0.10324239
0.068222374
-0.11309766
0.080076653
-0.12384846
0.089746301
-0.13545903
0.09632279
-0.14784376
0.099931462
-0.16097414
0.10149981
-0.17494507
0.10202999
-0.18993151
0.10215746
-0.20611245
0.10216237
-0.22364074
0.10213527
-0.24265205
-0.26327834
-0.33432273
-0.008018878
-0.3374154
-0.0086903978
-0.34153776
-0.0093485596
-0.34920072
-0.010090993
-0.35779116
-0.010844285
-0.3652834
-0.01174145
-0.3726368
-0.012814995
-0.38066692
-0.014087142
-0.37374776
-0.015814901
-0.34527209
-0.017744215
-0.317439
-0.018489362
-0.30669875
-0.019528009
-0.30389755
-0.021850536
-0.31499509
-0.024865131
-0.34094041
-0.026960838
-0.35261938
-0.02934777
-0.32579375
-0.032219796
-0.26526803
-0.037247054
-0.19645756
-0.041947231
-0.13130756
-0.049285348
-0.080153274
-0.055609127
-0.034410524
-0.063790533
-0.0069082365
-0.07057576
0.01591716
-0.07839676
0.02970256
-0.085984167
0.042753812
-0.094235735
0.055645666
-0.10323714
0.068437058
-0.11309083
0.080322315
-0.12383937
0.090009498
-0.13544671
0.09659111
-0.14782754
0.10019831
-0.16095403
0.10176409
-0.1749217
0.10229259
-0.18990519
0.10241937
-0.20608364
0.102424
-0.22360936
0.10239675
-0.24261799
-0.33527243
-0.0080224585
-0.33838532
-0.0086947507
-0.34248104
-0.009353634
-0.35017112
-0.010096085
-0.35878617
-0.010851424
-0.36630365
-0.011747401
-0.37367214
-0.012821051
-0.38171773
-0.014093282
-0.37485573
-0.015819076
-0.34628532
-0.017752423
-0.31841504
-0.018500259
-0.30757735
-0.01953532
-0.30472334
-0.021857249
-0.31579666
-0.02487371
-0.3418113
-0.026970523
-0.35352583
-0.029357377
-0.32715501
-0.032216532
-0.26621777
-0.03725067
-0.19717531
-0.041938874
-0.13182345
-0.049283983
-0.080478851
-0.055586745
-0.034552163
-0.063769622
-0.0069450928
-0.070570398
0.015956511
-0.078391863
0.029784443
-0.085978535
0.04288427
-0.094229268
0.055821643
-0.1032292
0.06865281
-0.11308127
0.080566207
-0.12382777
0.090267329
-0.13543243
0.096850901
-0.14781007
0.10045458
-0.16093324
0.10201695
-0.17489778
0.10254338
-0.18987876
0.10266934
-0.20605469
0.10267366
-0.22357791
-0.33557348
-0.0073663737
-0.33623956
-0.0080245511
-0.33934882
-0.0086982892
-0.34342984
-0.0093562604
-0.35113691
-0.010100975
-0.35977575
-0.010854749
-0.36732767
-0.011752199
-0.37470825
-0.012823952
-0.38277861
-0.014095698
-0.37600097
-0.015818422
-0.34733659
-0.017758145
-0.31942939
-0.018508495
-0.30847739
-0.019540289
-0.30555803
-0.021860008
-0.31658373
-0.024878673
-0.3426491
-0.02697963
-0.3544198
-0.029365792
-0.32832956
-0.032219547
-0.26714755
-0.037269249
-0.19788403
-0.041945893
-0.13229087
-0.049286313
-0.080774894
-0.055586868
-0.034711308
-0.063744281
-0.0070013153
-0.070555157
0.015998914
-0.078381805
0.029881723
-0.085968109
0.043026679
-0.094217735
0.056001571
-0.10321653
0.068864334
-0.11306754
0.080800863
-0.12381277
0.090512899
-0.13541585
0.097097693
-0.14779122
0.1006983
-0.16091177
0.10225752
-0.17487373
0.1027822
-0.18985216
0.1029075
-0.20602569
-0.22354638
-0.3365131
-0.0073656003
-0.33720544
-0.0080232384
-0.34030748
-0.0086988818
-0.34437517
-0.0093586521
-0.35208944
-0.010101899
-0.36075145
-0.010856196
-0.3683234
-0.011751596
-0.37572105
-0.012825106
-0.38382222
-0.014095553
-0.37712917
-0.015816605
-0.34838077
-0.017759935
-0.32045011
-0.018514195
-0.30938793
-0.019542035
-0.30641534
-0.021859909
-0.31740823
-0.024878811
-0.34354037
-0.026979191
-0.3553859
-0.029370461
-0.32911907
-0.032231842
-0.26799612
-0.037260961
-0.19856618
-0.041939021
-0.13274153
-0.049276482
-0.081061769
-0.055599778
-0.03484914
-0.063739495
-0.0070413182
-0.07053656
0.016040388
-0.07837219
0.02996791
-0.08595622
0.043150323
-0.09420534
0.056159659
-0.10320356
0.069053724
-0.11305404
0.081014264
-0.12379838
0.090739822
-0.1353998
0.097328701
-0.14777273
0.10092837
-0.16089044
0.10248573
-0.17484963
0.10300922
-0.18982555
0.10313402
-0.20599662
-0.33730159
-0.007365147
-0.33801149
-0.0080240522
-0.34113402
-0.0087007015
-0.34520861
-0.0093642813
-0.35296407
-0.010102646
-0.36163913
-0.01086308
-0.36925813
-0.011752642
-0.3766519
-0.012830374
-0.38478337
-0.014099521
-0.37817189
-0.015819746
-0.34931925
-0.017767035
-0.32134813
-0.018525861
-0.31015693
-0.019548124
-0.30714072
-0.021863515
-0.31812133
-0.024881574
-0.34435644
-0.026981066
-0.35622158
-0.02937686
-0.33015897
-0.032226814
-0.26883563
-0.037252115
-0.19924946
-0.041934666
-0.13324629
-0.049262855
-0.081397251
-0.055586861
-0.034993462
-0.063733785
-0.0070804649
-0.070514384
0.016078567
-0.078360957
0.030047693
-0.085944504
0.043267312
-0.094192869
0.056311345
-0.10319061
0.069236033
-0.11304056
0.081219705
-0.12378399
0.090957641
-0.13538371
0.097549504
-0.14775418
0.10114756
-0.16086906
0.10270261
-0.17482549
0.10322475
-0.18979889
-0.33537513
-0.0067771321
-0.33811403
-0.0073666041
-0.33885202
-0.0080263947
-0.34197258
-0.0087043193
-0.34604429
-0.0093675421
-0.35382629
-0.010106576
-0.36251734
-0.010867997
-0.37016827
-0.011757914
-0.37756931
-0.0128356
-0.38572397
-0.014104986
-0.37917148
-0.015824905
-0.35022279
-0.017776382
-0.32222235
-0.018538869
-0.31093676
-0.019556329
-0.30788699
-0.021870583
-0.31886568
-0.02489238
-0.34517912
-0.026995638
-0.35703895
-0.029387872
-0.33122958
-0.032228336
-0.2696363
-0.037266303
-0.19988584
-0.041949512
-0.13371462
-0.049272238
-0.081710707
-0.055577566
-0.035142529
-0.063715516
-0.0071321311
-0.070493748
0.016109523
-0.078350242
0.030120651
-0.085934297
0.043371427
-0.094182577
0.056444812
-0.10318004
0.06939794
-0.11302928
0.081404893
-0.12377138
0.091157315
-0.13536883
0.097754866
-0.1477363
0.10135344
-0.16084796
0.10290741
-0.17480147
-0.18977221
-0.33624788
-0.0067778927
-0.33898661
-0.0073678754
-0.3397085
-0.0080268992
-0.34282007
-0.0087036907
-0.34692186
-0.0093657919
-0.35471072
-0.010107917
-0.36342781
-0.010865573
-0.37108709
-0.011759899
-0.37850639
-0.012833791
-0.38668357
-0.014103307
-0.38018855
-0.015822883
-0.35114254
-0.017779041
-0.32311638
-0.018545317
-0.31174289
-0.019557807
-0.30865953
-0.021869491
-0.31963255
-0.024894912
-0.34601251
-0.027000121
-0.35786664
-0.029391079
-0.33214489
-0.032228604
-0.27041732
-0.037262856
-0.20050903
-0.041950794
-0.13415513
-0.049275117
-0.0819905
-0.055591383
-0.035271142
-0.063703473
-0.0071792101
-0.070503362
0.016126455
-0.078348028
0.030170979
-0.085930666
0.04345301
-0.094177937
0.056560962
-0.10317448
0.06954819
-0.11302236
0.081582244
-0.1237622
0.091350258
-0.13535637
0.097952621
-0.14771985
0.10155011
-0.16082753
0.10310181
-0.17477753
-0.18974556
-0.33714946
-0.006778315
-0.33986488
-0.0073682298
-0.34062481
-0.0080251207
-0.34371932
-0.0087025387
-0.34781335
-0.0093607699
-0.35561308
-0.010106459
-0.3643459
-0.010859333
-0.37203944
-0.011757102
-0.37944941
-0.012827511
-0.38764175
-0.014096236
-0.3811918
-0.015813519
-0.35205174
-0.017772546
-0.32399091
-0.018542725
-0.31251819
-0.019553061
-0.30940916
-0.021862061
-0.32038293
-0.024890021
-0.3468515
-0.026999382
-0.35867779
-0.029393483
-0.33312301
-0.032231777
-0.27123813
-0.037241247
-0.20115759
-0.041946818
-0.13462263
-0.049279028
-0.082289025
-0.055598657
-0.035386719
-0.063683431
-0.0072098488
-0.070520355
0.016141124
-0.078345215
0.030214791
-0.085927166
0.04353417
-0.09417347
0.056681501
-0.10316872
0.069703792
-0.11301482
0.081762191
-0.12375221
0.091541576
-0.13534309
0.09814445
-0.14770279
0.10173785
-0.16080674
0.10328564
-0.17475368
-0.33798116
-0.0067799789
-0.34070667
-0.0073703542
-0.34150365
-0.0080267655
-0.34458554
-0.00870198
-0.34865856
-0.0093603493
-0.35646038
-0.010105457
-0.36521632
-0.010857911
-0.37293582
-0.011753613
-0.38035671
-0.01282388
-0.38857085
-0.014091222
-0.38217374
-0.015804931
-0.35293978
-0.01776731
-0.32484334
-0.018539759
-0.31325699
-0.019549338
-0.31010898
-0.021856484
-0.32107003
-0.02488964
-0.34762426
-0.027005834
-0.35926061
-0.029401357
-0.33426951
-0.032244784
-0.27212412
-0.037242208
-0.20181154
-0.041953819
-0.13510506
-0.049292282
-0.082603278
-0.055604332
-0.035521113
-0.06364068
-0.0072639808
-0.070515716
0.016143167
-0.078337763
0.030260319
-0.085920528
0.043621834
-0.094166125
0.056805138
-0.10316013
0.069857058
-0.1130046
0.081935634
-0.12373997
0.091723661
-0.1353283
0.098326001
-0.14768481
0.10191532
-0.16078554
-0.33880355
-0.0067823269
-0.34149788
-0.0073717402
-0.34232126
-0.0080285922
-0.34539694
-0.0087047584
-0.34944309
-0.0093628223
-0.35725202
-0.010107005
-0.36603567
-0.010859325
-0.37377921
-0.011754148
-0.38121138
-0.012823031
-0.38945215
-0.014089034
-0.38313413
-0.015798888
-0.35383059
-0.017764337
-0.32570021
-0.018538877
-0.31397064
-0.019548561
-0.31075746
-0.021852434
-0.32167924
-0.024888815
-0.3483336
-0.027011633
-0.35979426
-0.029412845
-0.33539997
-0.032259
-0.27299618
-0.037268646
-0.20238837
-0.041970611
-0.1355639
-0.049278732
-0.082888591
-0.055600254
-0.035664811
-0.063601769
-0.0073206221
-0.070512807
0.016169617
-0.078332898
0.030329217
-0.085914796
0.043726374
-0.094159943
0.056940815
-0.10315292
0.07002047
-0.11299608
0.082119411
-0.12372946
0.091917315
-0.13531487
0.098520643
-0.14766772
-0.16076474
-0.33949174
-0.0062537231
-0.33962121
-0.0067823498
-0.34226267
-0.0073719061
-0.34309375
-0.008028759
-0.34617958
-0.0087070143
-0.35021366
-0.0093650211
-0.35804047
-0.010110392
-0.36684022
-0.010862166
-0.37460463
-0.011757077
-0.38204816
-0.012824905
-0.39031804
-0.01409056
-0.38407568
-0.015798976
-0.35469772
-0.017767445
-0.3265532
-0.018543281
-0.31469012
-0.019549856
-0.31141172
-0.02185216
-0.32229206
-0.024889824
-0.34902237
-0.027013636
-0.36050582
-0.029415872
-0.33638355
-0.032263256
-0.27374916
-0.037277286
-0.20289594
-0.041973849
-0.13599158
-0.049260581
-0.083151724
-0.055592383
-0.035805487
-0.063599669
-0.0073691752
-0.070509685
0.016200031
-0.078327861
0.030398024
-0.085909101
0.043830964
-0.094153505
0.057079948
-0.10314556
0.070189993
-0.11298742
0.082310013
-0.12371877
0.092116442
-0.13530128
0.098718281
-0.14765052
-0.34025982
-0.0062517926
-0.34038988
-0.0067802349
-0.3429836
-0.0073681943
-0.34381224
-0.0080256371
-0.34692738
-0.008708001
-0.35094346
-0.0093657533
-0.35878483
-0.010110862
-0.36759684
-0.010863134
-0.37538295
-0.011756131
-0.38283988
-0.012824444
-0.39114399
-0.014089049
-0.38498522
-0.015796004
-0.35555383
-0.017768994
-0.32740082
-0.01854921
-0.31541634
-0.019551974
-0.3121058
-0.021848673
-0.3229555
-0.024886975
-0.34974924
-0.027010252
-0.36128061
-0.029414019
-0.33721434
-0.032263762
-0.27445606
-0.037264641
-0.20341637
-0.041964469
-0.13640839
-0.049257869
-0.083429591
-0.055592415
-0.035948012
-0.063595599
-0.0074149753
-0.070506535
0.016231137
-0.078320226
0.030473024
-0.085900758
0.043943051
-0.094143579
0.05722455
-0.10313423
0.070361235
-0.11297481
0.08249798
-0.12370469
0.092309189
-0.13528511
-0.14763172
-0.34095898
-0.0062494489
-0.34107309
-0.0067780715
-0.34366284
-0.0073659722
-0.34451498
-0.0080241793
-0.34761881
-0.0087067128
-0.35163185
-0.00936704
-0.35949155
-0.010108937
-0.36832716
-0.010864334
-0.37613366
-0.011753209
-0.38360178
-0.012823517
-0.39193167
-0.014087069
-0.38585818
-0.015792344
-0.35634575
-0.017768329
-0.3281531
-0.018550976
-0.31603356
-0.019550252
-0.31272426
-0.021843131
-0.32356949
-0.024882358
-0.35044336
-0.027008028
-0.3620174
-0.029413671
-0.33802937
-0.032260026
-0.27515373
-0.037257252
-0.20395428
-0.041966808
-0.13682998
-0.04925342
-0.083717503
-0.055584273
-0.036093617
-0.063581441
-0.0074604711
-0.070501957
0.016271202
-0.078308145
0.030553659
-0.085889565
0.044051949
-0.094131941
0.057359255
-0.10312189
0.070517538
-0.11296153
0.082669083
-0.1236902
0.092485287
-0.13526878
-0.14761291
-0.34423744
-0.0057496752
-0.34162479
-0.0062516393
-0.34172082
-0.0067810264
-0.34431705
-0.007369305
-0.34518296
-0.0080278769
-0.34829162
-0.0087086407
-0.35230839
-0.0093697056
-0.36018523
-0.010110889
-0.36903599
-0.010867833
-0.37687204
-0.011757012
-0.38434348
-0.01282654
-0.39268941
-0.0140899
-0.38668293
-0.015793718
-0.35709171
-0.017772819
-0.32886054
-0.01855882
-0.31662688
-0.019554289
-0.31332509
-0.021843735
-0.32417455
-0.02488479
-0.35111702
-0.027010914
-0.36272022
-0.029414631
-0.33884607
-0.03225721
-0.27579633
-0.037253143
-0.20443607
-0.041967415
-0.13721558
-0.049245523
-0.083956547
-0.055576797
-0.036208203
-0.063576323
-0.0075086912
-0.070489224
0.016285636
-0.078299724
0.030612376
-0.085880721
0.044142795
-0.094122486
0.057477593
-0.10311171
0.070659502
-0.11295045
0.082827425
-0.12367765
0.092650486
-0.1352539
-0.14759488
-0.34495984
-0.0057543053
-0.34230999
-0.0062568068
-0.34241194
-0.0067861031
-0.34503314
-0.0073762468
-0.34588292
-0.0080335793
-0.34901144
-0.0087135395
-0.35300904
-0.0093720596
-0.36089837
-0.01011599
-0.36976819
-0.01087116
-0.37761815
-0.011763089
-0.38509561
-0.012830936
-0.39346038
-0.014094601
-0.38750137
-0.015797254
-0.35782912
-0.017779784
-0.32956992
-0.018567695
-0.31723907
-0.019559329
-0.31392472
-0.021846317
-0.32477723
-0.024889277
-0.35180143
-0.027014495
-0.36344216
-0.029417454
-0.33962185
-0.032256082
-0.27643165
-0.037235586
-0.20491224
-0.04195867
-0.13760293
-0.049233112
-0.084199172
-0.055570813
-0.036313049
-0.063573907
-0.0075265594
-0.070483937
0.016329531
-0.078293479
0.030682155
-0.085873057
0.044234753
-0.094113554
0.057592746
-0.10310193
0.070796474
-0.11293964
0.082979052
-0.12366521
0.092807711
-0.13523892
-0.14757672
-0.34566004
-0.0057581404
-0.34301474
-0.006261818
-0.34310842
-0.0067918455
-0.34570507
-0.0073818055
-0.34657446
-0.0080387263
-0.34968112
-0.0087182867
-0.35368209
-0.0093772973
-0.36157129
-0.010121362
-0.37046289
-0.010876213
-0.37832583
-0.011768213
-0.38580729
-0.012836754
-0.39418984
-0.014099693
-0.388283
-0.015800672
-0.35853248
-0.01778632
-0.33025004
-0.018577272
-0.31781147
-0.019565218
-0.31447493
-0.021850805
-0.32531423
-0.024896232
-0.35241344
-0.027022075
-0.3640882
-0.029422997
-0.3404992
-0.03225419
-0.27711446
-0.037224439
-0.20538239
-0.04195828
-0.13797777
-0.049224352
-0.08441917
-0.05555748
-0.036389671
-0.063564884
-0.0075428096
-0.070469763
0.016351642
-0.078281578
0.030732228
-0.085861704
0.044309959
-0.09410203
0.057694331
-0.10308984
0.070921637
-0.11292667
0.083120169
-0.12365087
0.092954803
-0.1352226
-0.34627664
-0.0057597965
-0.3436415
-0.006264097
-0.34374285
-0.0067944871
-0.3463418
-0.0073846231
-0.34721173
-0.0080425477
-0.35032879
-0.0087221909
-0.35431054
-0.0093805215
-0.36220143
-0.010125122
-0.37111829
-0.010880816
-0.37899234
-0.011772784
-0.38648117
-0.012840484
-0.39489012
-0.014103133
-0.38907664
-0.015802619
-0.35926169
-0.017792391
-0.33095988
-0.018588489
-0.31838371
-0.019572327
-0.31500144
-0.021854563
-0.32578904
-0.024901903
-0.35294722
-0.02703038
-0.36468407
-0.029430975
-0.3413768
-0.032260333
-0.277787
-0.037235489
-0.20581367
-0.041975506
-0.1383244
-0.049224091
-0.084607416
-0.055548181
-0.03647374
-0.063549294
-0.0075751057
-0.07045611
0.016365039
-0.078273508
0.03077457
-0.085852746
0.04437965
-0.094092671
0.057788443
-0.1030799
0.071036465
-0.11291582
0.083249046
-0.12363844
-0.13520769
-0.34691773
-0.0057585806
-0.34428822
-0.0062616838
-0.34438437
-0.0067912291
-0.34697578
-0.0073814077
-0.34784793
-0.008039589
-0.35097323
-0.008721606
-0.35492431
-0.0093794535
-0.36281912
-0.010125512
-0.37175724
-0.010880157
-0.37963662
-0.011772669
-0.38714096
-0.012839083
-0.39557246
-0.014100487
-0.38983441
-0.015798447
-0.35997687
-0.017792026
-0.33167088
-0.018593338
-0.31897774
-0.019573138
-0.31554909
-0.021851051
-0.32628862
-0.02489688
-0.35350361
-0.027025539
-0.36531573
-0.029431777
-0.34206367
-0.032270394
-0.27837503
-0.037231952
-0.20623425
-0.041971622
-0.13867337
-0.049219043
-0.084829027
-0.055558052
-0.036583974
-0.063552168
-0.0076164061
-0.070465606
0.016367213
-0.078273625
0.030797773
-0.085851678
0.044427602
-0.094090553
0.057863872
-0.10307671
0.071137129
-0.11291087
0.083367595
-0.12363071
-0.13519601
-0.34750383
-0.005756893
-0.34493891
-0.0062593617
-0.34504119
-0.0067881601
-0.3476041
-0.007378367
-0.34842923
-0.0080362744
-0.35158121
-0.0087184113
-0.35555056
-0.0093809849
-0.36343625
-0.010123151
-0.37239864
-0.010882308
-0.38026834
-0.011768642
-0.38779639
-0.012839465
-0.39624972
-0.014098981
-0.39057734
-0.015795871
-0.36065484
-0.017791173
-0.33234044
-0.018594789
-0.31954355
-0.019570777
-0.31609432
-0.021846496
-0.32681945
-0.024892119
-0.35411127
-0.027022565
-0.36595785
-0.029430628
-0.34273927
-0.03226437
-0.27896987
-0.03721437
-0.20670846
-0.041963521
-0.13904737
-0.049212878
-0.085082215
-0.055556673
-0.03667711
-0.063559507
-0.0076550372
-0.070464904
0.016347849
-0.078271024
0.030812299
-0.085849209
0.044480066
-0.094087535
0.057950176
-0.10307229
0.07125006
-0.11290433
0.083495677
-0.12362128
-0.34816791
-0.0057560825
-0.34559666
-0.0062591774
-0.34567418
-0.0067882129
-0.34817747
-0.0073774596
-0.34901232
-0.0080371413
-0.35220242
-0.0087204636
-0.35615745
-0.009385383
-0.36405934
-0.010123359
-0.3730307
-0.010888982
-0.38091915
-0.011768714
-0.38844698
-0.012844174
-0.39691191
-0.014101781
-0.3912824
-0.015796427
-0.36130305
-0.017793974
-0.3329875
-0.01860058
-0.32011136
-0.019573145
-0.31664315
-0.021847965
-0.32735415
-0.02489595
-0.35470137
-0.027027319
-0.36656116
-0.029428831
-0.34354692
-0.032254188
-0.27959614
-0.037205102
-0.2071604
-0.041961042
-0.13941199
-0.049200006
-0.085326943
-0.055535464
-0.036798686
-0.063547898
-0.0077146616
-0.070455692
0.016343183
-0.078262817
0.030848778
-0.085840842
0.044550643
-0.094078634
0.05804611
-0.10306221
0.071364714
-0.11289293
-0.12360819
-0.34877464
-0.005753111
-0.34616833
-0.0062562478
-0.34623428
-0.0067864229
-0.34872689
-0.0073769496
-0.34958443
-0.008037174
-0.35273474
-0.0087213574
-0.35670192
-0.0093872551
-0.36462504
-0.01012467
-0.37360119
-0.010890073
-0.38152448
-0.011769226
-0.38904783
-0.012844074
-0.39753916
-0.0141008
-0.39199169
-0.015793572
-0.3619546
-0.01779472
-0.33363949
-0.018605519
-0.32064433
-0.019573797
-0.31712821
-0.021845985
-0.32779715
-0.024894241
-0.35522275
-0.027027707
-0.36714643
-0.029429626
-0.34429896
-0.032254267
-0.28019688
-0.037203638
-0.20757729
-0.041957855
-0.13975524
-0.049188998
-0.085548187
-0.055521076
-0.036917855
-0.063533175
-0.0077640043
-0.070460083
0.016356698
-0.078254107
0.030900217
-0.085832143
0.044628971
-0.094068855
0.058147837
-0.10305152
0.071485711
-0.11288126
-0.12359501
-0.3492999
-0.0057520496
-0.34668616
-0.0062542261
-0.34671631
-0.00678451
-0.34918998
-0.0073754619
-0.35009307
-0.0080363759
-0.35322873
-0.0087207689
-0.35719417
-0.0093874911
-0.36512554
-0.010124993
-0.37411727
-0.010889847
-0.3820558
-0.011768299
-0.38959427
-0.012842599
-0.39811979
-0.014098386
-0.39268301
-0.01579028
-0.36258546
-0.017795664
-0.33426461
-0.018609535
-0.32112264
-0.019572922
-0.31756359
-0.021840446
-0.32818959
-0.024888069
-0.35569027
-0.027023536
-0.36768267
-0.029430235
-0.34495289
-0.032256368
-0.2807594
-0.037202812
-0.2079922
-0.04196329
-0.14009985
-0.04918791
-0.08577473
-0.055521219
-0.03703661
-0.063524895
-0.0078213051
-0.070460355
0.016359489
-0.078244434
0.030950188
-0.08582377
0.044710424
-0.094060069
0.058255372
-0.10304176
0.071612998
-0.11287015
-0.12358221
-0.34979672
-0.0057559312
-0.34720824
-0.0062588313
-0.34724727
-0.0067894036
-0.34972883
-0.0073790063
-0.35060785
-0.0080386128
-0.35377066
-0.0087227686
-0.35771791
-0.0093889693
-0.36565595
-0.010127432
-0.37466363
-0.010892057
-0.38261347
-0.011771998
-0.39015146
-0.012845252
-0.39868124
-0.014101303
-0.39328744
-0.015791864
-0.36314273
-0.017798277
-0.33482867
-0.018615315
-0.32161061
-0.019575345
-0.31803276
-0.021843237
-0.32864837
-0.024892511
-0.35620418
-0.027026842
-0.36822593
-0.029429996
-0.3455218
-0.032254404
-0.28125339
-0.037193002
-0.20838463
-0.041959807
-0.14041687
-0.049180707
-0.085976732
-0.055515828
-0.037140082
-0.063520575
-0.0078667206
-0.070451517
0.016376063
-0.078237215
0.031007878
-0.085816018
0.04479442
-0.094051792
0.058357487
-0.10303277
0.071728171
-0.1128602
0.084011867
-0.12357056
-0.13512245
-0.35040673
-0.0057615214
-0.34764248
-0.0062671451
-0.34771249
-0.0067978709
-0.35029442
-0.0073878763
-0.35115582
-0.008046194
-0.35427053
-0.0087287705
-0.35819762
-0.0093917519
-0.36617496
-0.010133332
-0.37517739
-0.010896412
-0.38316777
-0.011778847
-0.39069698
-0.012850615
-0.39923783
-0.014107532
-0.39389818
-0.015797025
-0.36369174
-0.017807687
-0.33537139
-0.018626601
-0.32204905
-0.019581882
-0.31844936
-0.021846708
-0.3290507
-0.024897734
-0.35669125
-0.027033186
-0.36875961
-0.029435789
-0.346144
-0.032251787
-0.28176887
-0.037175336
-0.20877202
-0.04195274
-0.14074931
-0.049169715
-0.086177145
-0.055506898
-0.037205155
-0.06351529
-0.0078723534
-0.070446387
0.016407413
-0.07823174
0.031060431
-0.08581004
0.044862331
-0.094045104
0.058442244
-0.10302547
0.071829355
-0.11285194
0.084122988
-0.12356047
-0.35299037
-0.0053091405
-0.35091177
-0.0057668343
-0.34815448
-0.0062730654
-0.34821487
-0.0068030391
-0.35078523
-0.007394213
-0.35165698
-0.0080529927
-0.35478699
-0.0087354766
-0.35870154
-0.0093960742
-0.36666553
-0.010139242
-0.37568889
-0.010900581
-0.38367966
-0.011785769
-0.39120584
-0.012855013
-0.39975539
-0.014112502
-0.39446027
-0.015799955
-0.3642141
-0.017811935
-0.3358994
-0.018636197
-0.32247686
-0.019588537
-0.31884361
-0.021852063
-0.32940598
-0.024903263
-0.35709759
-0.027039079
-0.36922513
-0.029441223
-0.34684213
-0.032251385
-0.28230305
-0.037173439
-0.20912899
-0.041964815
-0.14106285
-0.049166917
-0.086359256
-0.055500904
-0.037283906
-0.063506513
-0.007899571
-0.070441718
0.016420105
-0.078226347
0.031095147
-0.085804595
0.044918048
-0.094039115
0.058521332
-0.10301847
0.071928365
-0.11284339
-0.12354961
-0.35339981
-0.005312597
-0.35131065
-0.0057706915
-0.34858787
-0.0062768264
-0.34865185
-0.0068076707
-0.35121228
-0.0073984906
-0.35209247
-0.0080573753
-0.35521971
-0.0087400756
-0.35912514
-0.0094005337
-0.36709638
-0.010144151
-0.37613913
-0.010905564
-0.38414115
-0.011791245
-0.39166931
-0.012859798
-0.40024003
-0.014116808
-0.39502813
-0.015803394
-0.36473631
-0.017819016
-0.336435
-0.018647494
-0.32288909
-0.019595972
-0.31921279
-0.021856447
-0.32972575
-0.024906639
-0.35746769
-0.027040479
-0.36966727
-0.02944563
-0.34741078
-0.032263647
-0.28277043
-0.037174372
-0.20944491
-0.041963961
-0.14134113
-0.049161428
-0.086531893
-0.055507989
-0.037379727
-0.063509181
-0.0079353646
-0.070443009
0.016430122
-0.0782242
0.031127762
-0.085801159
0.044974731
-0.094034193
0.05860124
-0.1030121
0.072025247
-0.11283517
-0.12353899
-0.35381579
-0.0053148598
-0.35177105
-0.0057731152
-0.34902965
-0.0062789252
-0.34907938
-0.0068099668
-0.35161416
-0.0074000086
-0.35251985
-0.0080586639
-0.35563801
-0.0087417326
-0.35951747
-0.0094029525
-0.36750589
-0.01014722
-0.37655476
-0.010909163
-0.3845745
-0.011794802
-0.3921099
-0.012863612
-0.40069441
-0.014119803
-0.39554734
-0.01580543
-0.36520956
-0.017823804
-0.33692362
-0.018656525
-0.32327588
-0.019600098
-0.31958028
-0.021858287
-0.33007338
-0.024910129
-0.35787522
-0.027045743
-0.37010482
-0.029448055
-0.34790626
-0.032257438
-0.28322427
-0.037150178
-0.20979865
-0.04195413
-0.14161443
-0.049153283
-0.086713021
-0.055502904
-0.03743635
-0.063512869
-0.0079512781
-0.070450195
0.016429165
-0.078220932
0.031153874
-0.085797783
0.045029407
-0.09403005
0.05867878
-0.10300676
0.07211847
-0.11282814
-0.12352952
-0.35418924
-0.0053171413
-0.35222418
-0.0057754123
-0.34946904
-0.0062811584
-0.34950759
-0.0068124108
-0.35202933
-0.0074019687
-0.3529338
-0.0080610834
-0.35604575
-0.0087436693
-0.35990512
-0.0094061831
-0.36790172
-0.01015112
-0.37697106
-0.010914131
-0.38499921
-0.011798598
-0.39254528
-0.012868314
-0.4011488
-0.014124821
-0.39607145
-0.015810154
-0.3656811
-0.017831972
-0.33740889
-0.018666975
-0.32364772
-0.019605519
-0.31991217
-0.021861875
-0.33035992
-0.024916758
-0.35820651
-0.027053251
-0.3704821
-0.029452453
-0.3485449
-0.032252488
-0.28371252
-0.037141679
-0.21011531
-0.041959152
-0.14188855
-0.049145755
-0.086881867
-0.055486983
-0.037522405
-0.063502568
-0.0079858974
-0.070442465
0.016443507
-0.07821411
0.031196443
-0.085790164
0.045095936
-0.094021537
0.058762245
-0.10299704
0.072212431
-0.11281717
-0.35460693
-0.0053173345
-0.35270219
-0.0057749055
-0.3499093
-0.0062810282
-0.34994473
-0.0068122564
-0.35247163
-0.0074024138
-0.35336017
-0.0080614766
-0.35647086
-0.0087444697
-0.36032288
-0.0094088775
-0.3683138
-0.010152933
-0.37739468
-0.010918571
-0.3854255
-0.011800026
-0.39297428
-0.012870899
-0.40158926
-0.014125661
-0.39656854
-0.015809283
-0.36615668
-0.017833998
-0.33789743
-0.018674768
-0.32402759
-0.019610522
-0.32025254
-0.021862968
-0.33064537
-0.024914546
-0.3585314
-0.027049379
-0.37088727
-0.029452403
-0.34908446
-0.032259515
-0.28412618
-0.037145801
-0.21038053
-0.041960327
-0.1421245
-0.049137965
-0.087027721
-0.055480224
-0.037627469
-0.063489086
-0.0080375684
-0.070445497
0.016449962
-0.078204335
0.031228862
-0.085780194
0.045144264
-0.094010773
0.058824127
-0.10298547
-0.11280471
-0.35305081
-0.0049098477
-0.35501055
-0.0053153525
-0.35309813
-0.0057725216
-0.35033496
-0.0062774254
-0.35037439
-0.0068089846
-0.35287385
-0.0073994705
-0.35374524
-0.008057891
-0.35687767
-0.0087419904
-0.36073453
-0.009408813
-0.3687091
-0.010150822
-0.37781306
-0.01091908
-0.38583384
-0.0117972
-0.39340164
-0.012868896
-0.40203715
-0.014122541
-0.39708018
-0.015804634
-0.36662012
-0.017831106
-0.3383664
-0.018674808
-0.32436805
-0.019605777
-0.32058581
-0.021853827
-0.33096273
-0.024903818
-0.35892877
-0.027038107
-0.37133729
-0.029441933
-0.34946965
-0.032248104
-0.28452574
-0.037123382
-0.21071411
-0.04194711
-0.14239419
-0.049128964
-0.087214403
-0.055480193
-0.037717579
-0.063483755
-0.0080823166
-0.070456098
0.016438309
-0.078196641
0.031242994
-0.085772847
0.045175638
-0.094002452
0.058870819
-0.10297628
-0.11279447
-0.35338028
-0.0049087315
-0.35521748
-0.0053137791
-0.35348083
-0.0057705164
-0.35081188
-0.0062757918
-0.35081197
-0.006807574
-0.35317682
-0.0073962046
-0.35410146
-0.0080566824
-0.35724312
-0.0087433603
-0.36108618
-0.0094109354
-0.36907317
-0.010151523
-0.37818691
-0.010920635
-0.38622966
-0.01179788
-0.39380125
-0.012870119
-0.4024497
-0.014123102
-0.39754942
-0.0158034
-0.36703825
-0.017831517
-0.33879747
-0.018677437
-0.32469363
-0.019603504
-0.32090808
-0.021849708
-0.33128037
-0.024901287
-0.35932208
-0.027036277
-0.37174496
-0.029435365
-0.34993356
-0.032233009
-0.2849543
-0.037099332
-0.21107543
-0.041937797
-0.14268262
-0.04911695
-0.087416034
-0.055470213
-0.037813732
-0.063477676
-0.0081191644
-0.070443522
0.016443907
-0.078186836
0.031268871
-0.085763725
0.045215587
-0.093993357
0.05892431
-0.10296675
-0.11278388
-0.3537357
-0.004910177
-0.35569196
-0.005314598
-0.3538845
-0.0057712286
-0.35109579
-0.006276908
-0.35107421
-0.0068088954
-0.35348172
-0.0073986574
-0.35443146
-0.0080596557
-0.35755882
-0.0087477715
-0.36140296
-0.0094125875
-0.36940827
-0.01015737
-0.37851824
-0.010922725
-0.38658468
-0.011804276
-0.39415904
-0.0128736
-0.40282177
-0.014127614
-0.39799866
-0.015807633
-0.3674496
-0.017840964
-0.33922358
-0.018687743
-0.32497625
-0.019609962
-0.32118454
-0.021853478
-0.33152449
-0.024906808
-0.35961991
-0.027042634
-0.3720899
-0.029439433
-0.35044126
-0.032234523
-0.28536095
-0.037101641
-0.21136922
-0.041946276
-0.14295245
-0.049117517
-0.087575478
-0.055467124
-0.037868473
-0.063474625
-0.0081377152
-0.070434796
0.016446189
-0.078184857
0.031294241
-0.085760842
0.045257391
-0.093989653
0.058981136
-0.10296195
-0.11277749
-0.35107786
-0.0045441691
-0.35409345
-0.0049129439
-0.35606943
-0.0053180172
-0.35428101
-0.0057759054
-0.35148567
-0.0062816976
-0.35144829
-0.0068139926
-0.35385944
-0.0074053579
-0.35485434
-0.0080654228
-0.35796666
-0.0087538046
-0.36177292
-0.00941531
-0.36976988
-0.010164562
-0.37888793
-0.010925483
-0.38695711
-0.011813278
-0.3945272
-0.01287851
-0.40318648
-0.014133965
-0.39839988
-0.015812634
-0.36783766
-0.017845893
-0.33962903
-0.018700446
-0.32524731
-0.019621475
-0.3214669
-0.021861554
-0.33178645
-0.024918028
-0.35993793
-0.027057745
-0.37246209
-0.029457486
-0.35090434
-0.032251037
-0.28574216
-0.037103394
-0.21163896
-0.041951585
-0.14319616
-0.049121738
-0.087719992
-0.055470485
-0.037903433
-0.063477363
-0.0081347513
-0.070438779
0.016459806
-0.078187155
0.031323531
-0.085762056
0.045303453
-0.093989421
0.059045699
-0.10296031
-0.11277379
-0.35143617
-0.0045466639
-0.3544682
-0.0049154965
-0.3564119
-0.0053209977
-0.35461151
-0.0057793345
-0.35184157
-0.0062859447
-0.35181591
-0.0068189374
-0.35421894
-0.0074113216
-0.35518113
-0.008070259
-0.35829061
-0.0087566325
-0.36210595
-0.00941934
-0.37009039
-0.010168688
-0.37922969
-0.010929531
-0.38729416
-0.011816981
-0.39486504
-0.012882506
-0.40353606
-0.014136907
-0.39881377
-0.015814265
-0.36821471
-0.01785137
-0.3400249
-0.018710288
-0.32550386
-0.019628748
-0.32170515
-0.02186446
-0.33197668
-0.024922783
-0.36016885
-0.027065344
-0.37275608
-0.02946643
-0.35145429
-0.032256499
-0.28618088
-0.037104577
-0.21191287
-0.041958118
-0.14343292
-0.04912022
-0.087850358
-0.05546977
-0.037929232
-0.063472942
-0.0081343541
-0.070443678
0.016466872
-0.078182623
0.031354444
-0.085757896
0.045358433
-0.093984812
0.059120191
-0.10295437
-0.11276604
-0.35171034
-0.0045480658
-0.35473544
-0.0049172041
-0.3566378
-0.0053230777
-0.35488125
-0.0057814109
-0.35212279
-0.0062891152
-0.35210281
-0.0068222447
-0.35449348
-0.0074141893
-0.35545809
-0.0080741667
-0.35857753
-0.0087601354
-0.36238449
-0.0094229336
-0.3703496
-0.010171543
-0.37950498
-0.010933877
-0.38756438
-0.011820304
-0.39513625
-0.012885877
-0.40381529
-0.014139785
-0.39917115
-0.015814981
-0.36855957
-0.017853843
-0.34040889
-0.018718193
-0.32575694
-0.019633876
-0.3219412
-0.021867547
-0.33215249
-0.024925133
-0.36035396
-0.027066784
-0.3730026
-0.029468441
-0.35193479
-0.032259954
-0.2865724
-0.037100493
-0.21215526
-0.041961262
-0.14364566
-0.04911175
-0.087965079
-0.055460942
-0.037986291
-0.063465403
-0.0081633761
-0.070441647
0.016478247
-0.078176485
0.031395617
-0.085752162
0.045419382
-0.093977937
0.059194142
-0.10294629
-0.11275662
-0.34922275
-0.0041988492
-0.35194028
-0.004550399
-0.35495712
-0.0049208775
-0.35686936
-0.0053270052
-0.35510738
-0.0057849799
-0.35235813
-0.0062923586
-0.35234487
-0.0068261399
-0.35473593
-0.0074187703
-0.35567266
-0.0080785093
-0.35879375
-0.0087645761
-0.36258552
-0.0094278276
-0.37055307
-0.010177432
-0.37972075
-0.010940725
-0.38778518
-0.011826316
-0.39536785
-0.01289238
-0.40406901
-0.014145859
-0.39952156
-0.015820285
-0.36887386
-0.017863421
-0.34075583
-0.018731502
-0.32594291
-0.019642457
-0.3221264
-0.021871831
-0.33229486
-0.024932378
-0.3605329
-0.027076322
-0.373227
-0.029477811
-0.35231401
-0.0322665
-0.28687738
-0.037095881
-0.21236434
-0.041962986
-0.14385525
-0.049103662
-0.088096462
-0.055453937
-0.03806523
-0.063466359
-0.0081979034
-0.070431336
0.016492196
-0.078172334
0.03142982
-0.085746787
0.045465756
-0.093971346
0.059251645
-0.10293855
-0.11274749
-0.34952529
-0.0042014401
-0.35222494
-0.0045528768
-0.35514178
-0.0049231679
-0.35704497
-0.0053296855
-0.35537956
-0.0057881183
-0.35264765
-0.0062952467
-0.35262046
-0.006829545
-0.35496832
-0.0074226627
-0.35590491
-0.0080817698
-0.35902196
-0.0087691869
-0.36281489
-0.0094334245
-0.37077111
-0.010183874
-0.37994999
-0.010946928
-0.38801193
-0.01183334
-0.39560416
-0.012898696
-0.40431723
-0.014152406
-0.39982728
-0.015826052
-0.369161
-0.017871705
-0.34107921
-0.018743937
-0.32614833
-0.019652184
-0.32231964
-0.021879442
-0.3324448
-0.024942311
-0.36071188
-0.027087825
-0.37344976
-0.029486166
-0.35267513
-0.032273883
-0.28716126
-0.037105968
-0.21254937
-0.041968515
-0.14403576
-0.049097297
-0.088214241
-0.055447468
-0.038134625
-0.063457622
-0.0082262021
-0.070422841
0.016496554
-0.078164299
0.031457086
-0.085737998
0.045510919
-0.093961626
0.059310422
-0.10292751
-0.11273506
-0.34973275
-0.0042028258
-0.35238029
-0.0045537601
-0.35537168
-0.0049242003
-0.35728023
-0.0053304266
-0.35564819
-0.0057881662
-0.35288538
-0.0062957764
-0.35284456
-0.0068302185
-0.35516804
-0.0074225658
-0.35610623
-0.0080829904
-0.35922878
-0.0087721585
-0.36301698
-0.0094361106
-0.37097433
-0.010188616
-0.38015982
-0.010951066
-0.38822526
-0.011838917
-0.39582103
-0.012902841
-0.40454893
-0.014156624
-0.4001366
-0.015829526
-0.36944951
-0.017878445
-0.34138495
-0.018755261
-0.32629455
-0.019660476
-0.32246579
-0.021882417
-0.33254696
-0.024944118
-0.36087436
-0.027089263
-0.37369008
-0.029494438
-0.35292047
-0.032287914
-0.28742497
-0.037109445
-0.21274758
-0.04197914
-0.14420605
-0.049104423
-0.088326848
-0.055451272
-0.038193593
-0.063447419
-0.0082563588
-0.070416021
0.016498771
-0.078153971
0.031490306
-0.085728392
0.045555121
-0.09395143
0.059358384
-0.10291668
-0.11272338
-0.34952982
-0.0038738868
-0.34992592
-0.0042029403
-0.35262688
-0.0045538821
-0.35558058
-0.0049241857
-0.35750713
-0.0053304601
-0.35586026
-0.0057885182
-0.35309899
-0.0062956073
-0.35304397
-0.0068300893
-0.35537085
-0.007422965
-0.35632021
-0.0080836538
-0.35944138
-0.0087729461
-0.36320642
-0.0094365168
-0.37116952
-0.010189744
-0.38036069
-0.01095288
-0.38843131
-0.011840308
-0.3960253
-0.012904357
-0.40475199
-0.01415738
-0.40038985
-0.015829003
-0.36967944
-0.017880279
-0.34164033
-0.018761943
-0.3264346
-0.019663662
-0.32262273
-0.021881867
-0.332692
-0.024944906
-0.36108168
-0.027094338
-0.37392931
-0.029500929
-0.35311999
-0.032291131
-0.28764169
-0.037107179
-0.21294802
-0.041979734
-0.14437276
-0.049111738
-0.088431906
-0.055464544
-0.038224563
-0.063455073
-0.008266812
-0.070416811
0.01650336
-0.078152312
0.031507854
-0.085725504
0.045575513
0.059382394
-0.34974322
-0.0038744145
-0.3500991
-0.0042037855
-0.35282994
-0.0045556706
-0.3558523
-0.0049257916
-0.35777264
-0.0053321658
-0.35611821
-0.0057905119
-0.35335189
-0.0062981469
-0.35329349
-0.0068330556
-0.35560056
-0.0074267505
-0.35654175
-0.0080865758
-0.35965855
-0.0087743324
-0.36341784
-0.0094391944
-0.37137373
-0.010191255
-0.3805772
-0.010955751
-0.38865026
-0.011841747
-0.39623861
-0.012907034
-0.4049674
-0.014159849
-0.40064827
-0.015831125
-0.36990009
-0.017885768
-0.34189047
-0.018768291
-0.32658625
-0.019666417
-0.32277713
-0.021881914
-0.33282624
-0.024948359
-0.36125689
-0.027101997
-0.37412328
-0.02950625
-0.35342428
-0.032291126
-0.28790944
-0.037098946
-0.21316036
-0.041977786
-0.14457401
-0.049105517
-0.088562351
-0.05545707
-0.038261813
-0.063458697
-0.0082685394
-0.070418525
0.016507731
-0.078148916
-0.085721595
-0.35007416
-0.003875261
-0.35040731
-0.0042049086
-0.3530809
-0.0045569346
-0.35606825
-0.0049272422
-0.35797422
-0.0053340827
-0.35640845
-0.0057928185
-0.35362763
-0.0063012806
-0.35355538
-0.0068363295
-0.35583065
-0.0074301633
-0.35678353
-0.0080908929
-0.35989715
-0.0087778399
-0.36365213
-0.0094428083
-0.37159539
-0.010194728
-0.38080027
-0.01096003
-0.3888709
-0.011845649
-0.39645273
-0.012911134
-0.40517595
-0.014163522
-0.40088494
-0.015832982
-0.37012728
-0.017887861
-0.34214695
-0.018775346
-0.32675273
-0.019672253
-0.32293859
-0.021887213
-0.33294723
-0.024953378
-0.36139706
-0.027108857
-0.37429867
-0.029512496
-0.35379728
-0.032290305
-0.28821375
-0.037099984
-0.2133596
-0.041986062
-0.14475197
-0.049102001
-0.088666209
-0.055443871
-0.038296998
-0.063448634
-0.0082896608
-0.070417761
0.016490397
-0.35219181
-0.0035690438
-0.35011895
-0.0038754344
-0.35050038
-0.0042047906
-0.35329974
-0.0045577025
-0.35630257
-0.0049275934
-0.35816422
-0.0053344028
-0.35659435
-0.0057935334
-0.35381406
-0.0063026468
-0.35375142
-0.0068379966
-0.35602385
-0.007432122
-0.35695901
-0.0080928109
-0.36009107
-0.0087803044
-0.36384266
-0.0094454392
-0.3717613
-0.010197294
-0.38098632
-0.010962983
-0.38903705
-0.011848936
-0.3966288
-0.012914214
-0.40535943
-0.014166375
-0.40114471
-0.01583481
-0.37038273
-0.017891884
-0.34243195
-0.018784245
-0.326887
-0.019678484
-0.32307461
-0.021890968
-0.33302574
-0.024956832
-0.36149978
-0.027112811
-0.37447362
-0.029517637
-0.35412886
-0.032303336
-0.28848868
-0.037106533
-0.21352897
-0.041990469
-0.14492114
-0.049102613
-0.088767963
-0.055448098
-0.038370084
-0.0634456
-0.070425665
-0.35239187
-0.0035701492
-0.35030502
-0.003876407
-0.35063192
-0.004205881
-0.35338729
-0.0045589428
-0.35644886
-0.0049290715
-0.35830299
-0.0053356204
-0.35686913
-0.0057942133
-0.35396752
-0.0063041548
-0.35390741
-0.0068393353
-0.35618083
-0.0074333586
-0.35710149
-0.0080939447
-0.36023347
-0.0087816985
-0.36395935
-0.0094473225
-0.37187931
-0.010199884
-0.3811114
-0.010965957
-0.38916451
-0.011851288
-0.39675911
-0.012916312
-0.40549506
-0.014167929
-0.4013555
-0.015834698
-0.37058456
-0.017894904
-0.34267357
-0.01879253
-0.32697647
-0.019683032
-0.32318443
-0.021891205
-0.33309969
-0.024958289
-0.36161561
-0.02711653
-0.37463433
-0.029522455
-0.35436166
-0.032303859
-0.28872821
-0.037092125
-0.21371569
-0.041985203
-0.14509952
-0.049099891
-0.08887985
-0.055451067
-0.038397513
-0.36360212
-0.0029883612
-0.3577345
-0.0032744344
-0.35245118
-0.0035725092
-0.35033879
-0.0038787094
-0.35068759
-0.0042082115
-0.35347174
-0.0045609804
-0.3565292
-0.0049319695
-0.35841413
-0.0053384779
-0.35700948
-0.0057968579
-0.35408325
-0.0063066034
-0.35401814
-0.0068418937
-0.35629084
-0.0074362229
-0.35721078
-0.0080969184
-0.36032928
-0.0087845841
-0.36404822
-0.0094511798
-0.37197053
-0.01020437
-0.38120994
-0.010970732
-0.38927259
-0.01185543
-0.39687087
-0.012920802
-0.40561921
-0.014172529
-0.40155247
-0.0158386
-0.37076053
-0.017902129
-0.3428828
-0.018801086
-0.32703211
-0.019688196
-0.3232477
-0.02189367
-0.33311502
-0.024964014
-0.36166366
-0.027125166
-0.37472569
-0.029529394
-0.35467094
-0.032301976
-0.28897257
-0.037089857
-0.21386991
-0.041990085
-0.14525858
-0.049089733
-0.055436766
-0.36390168
-0.0029897383
-0.35779026
-0.0032767654
-0.3525839
-0.0035739589
-0.35050397
-0.0038805938
-0.35088892
-0.0042102177
-0.35363791
-0.0045627844
-0.35656163
-0.0049336188
-0.35845586
-0.0053407588
-0.35710731
-0.0057997336
-0.3542504
-0.0063082887
-0.35416466
-0.0068440323
-0.35639651
-0.0074396158
-0.35732893
-0.0080991619
-0.36044059
-0.008788432
-0.36415922
-0.0094563692
-0.37206732
-0.010210635
-0.38130651
-0.010976885
-0.38936039
-0.011862248
-0.39696475
-0.012926997
-0.405716
-0.014178493
-0.40170885
-0.015842769
-0.37092737
-0.017907558
-0.34308723
-0.018812799
-0.32709106
-0.019698212
-0.32331043
-0.021900942
-0.33311343
-0.024969423
-0.36167643
-0.027129718
-0.37481385
-0.029535342
-0.35491491
-0.032313861
-0.28915665
-0.037098812
-0.21396151
-0.041996993
-0.14536419
-0.049084849
-0.055432028
-0.36418055
-0.0029902621
-0.35794703
-0.0032776997
-0.35260993
-0.0035753746
-0.35049111
-0.0038814898
-0.35090368
-0.0042111735
-0.35373565
-0.0045637769
-0.35667088
-0.0049341185
-0.35852542
-0.0053410462
-0.35726628
-0.0058001008
-0.3543513
-0.0063090451
-0.35425328
-0.0068446139
-0.35645887
-0.0074385794
-0.35739575
-0.0081004368
-0.36051749
-0.0087915005
-0.36421805
-0.0094586352
-0.37212476
-0.010214994
-0.38136633
-0.010980682
-0.38941699
-0.011867193
-0.39702739
-0.012930678
-0.40578878
-0.01418208
-0.40186419
-0.015845512
-0.37106914
-0.017913452
-0.34325786
-0.018823694
-0.32706359
-0.019705541
-0.32333959
-0.021902911
-0.33310579
-0.024971281
-0.36171877
-0.027132492
-0.37491408
-0.029543131
-0.35500485
-0.032325715
-0.28929242
-0.037099707
-0.21407174
-0.042006522
-0.14547538
-0.049096002
-0.36433488
-0.0029920833
-0.35818384
-0.0032801648
-0.35268885
-0.003577728
-0.35052766
-0.0038833924
-0.35089517
-0.0042132378
-0.35376057
-0.0045668827
-0.35680283
-0.0049368296
-0.35866205
-0.0053435824
-0.35735238
-0.0058027644
-0.35440852
-0.0063123106
-0.35431837
-0.0068477073
-0.35654363
-0.0074427125
-0.35746088
-0.0081044442
-0.36058152
-0.0087952716
-0.36426901
-0.0094629485
-0.37217189
-0.010219572
-0.38141791
-0.01098618
-0.38946992
-0.011872743
-0.39707619
-0.012936689
-0.40583406
-0.014188262
-0.40195964
-0.015851158
-0.3711499
-0.017921315
-0.34337873
-0.018835937
-0.32705109
-0.019714989
-0.32337527
-0.021910262
-0.33312737
-0.024982616
-0.36178311
-0.027149743
-0.37499297
-0.029559092
-0.35511556
-0.032337738
-0.2894125
-0.037101914
-0.2141838
-0.042010354
-0.049099854
-0.36426175
-0.0029944491
-0.35837019
-0.0032815989
-0.35284025
-0.0035802097
-0.35066282
-0.0038862617
-0.35095725
-0.0042167725
-0.35375831
-0.0045710239
-0.35686034
-0.0049408873
-0.35874111
-0.0053479983
-0.35748488
-0.0058073258
-0.35449921
-0.0063180635
-0.35439826
-0.0068545605
-0.35659877
-0.007450186
-0.35753658
-0.008111326
-0.36064142
-0.0088011192
-0.36431698
-0.009469943
-0.3722128
-0.010225773
-0.38146436
-0.010994362
-0.38952683
-0.011879755
-0.39712028
-0.012945106
-0.40587655
-0.014197098
-0.40204704
-0.01586005
-0.37122043
-0.01793627
-0.34348973
-0.018851117
-0.32703041
-0.019727188
-0.32338309
-0.021919342
-0.33310253
-0.024995508
-0.36178897
-0.027165264
-0.37502835
-0.029573394
-0.35529779
-0.032345845
-0.28957366
-0.037100396
-0.21429278
-0.3642447
-0.3585147
-0.0032830869
-0.35296129
-0.003581816
-0.35078847
-0.0038882996
-0.35103816
-0.0042193138
-0.35376409
-0.0045744593
-0.35689019
-0.0049445168
-0.35880115
-0.0053519626
-0.35761552
-0.0058117129
-0.35457962
-0.006323371
-0.35446408
-0.0068603473
-0.35665017
-0.0074565333
-0.35760917
-0.0081184068
-0.36069693
-0.0088078327
-0.36436852
-0.0094769006
-0.37225503
-0.010232769
-0.38150298
-0.011002401
-0.3895662
-0.01188765
-0.3971444
-0.012953688
-0.40589012
-0.014205692
-0.40209438
-0.015866854
-0.37127797
-0.017941765
-0.34358653
-0.018863777
-0.32699292
-0.01973889
-0.32336953
-0.0219305
-0.3330369
-0.025005798
-0.3617394
-0.027177407
-0.37502896
-0.029585912
-0.35550795
-0.03235114
-0.037102857
-0.3587282
-0.35307957
-0.0035824516
-0.35089604
-0.0038897087
-0.35101342
-0.0042214634
-0.3536522
-0.0045765856
-0.35689325
-0.004946096
-0.35882895
-0.005353829
-0.35766639
-0.0058137937
-0.35458462
-0.0063266388
-0.35446865
-0.0068640694
-0.35665488
-0.0074606278
-0.35761926
-0.0081229051
-0.36070802
-0.0088130319
-0.3643701
-0.0094824791
-0.37223651
-0.010238725
-0.3814899
-0.011008856
-0.3895439
-0.011894303
-0.39712091
-0.012959872
-0.40587216
-0.014211446
-0.40216654
-0.01587113
-0.37135274
-0.017949534
-0.34369832
-0.018877217
-0.32686819
-0.019749852
-0.32331142
-0.021936157
-0.33290442
-0.025010635
-0.36161748
-0.027182512
-0.3749864
-0.029595298
-0.35566308
-0.032368645
-0.35291414
-0.35066527
-0.0038897906
-0.35090693
-0.0042211248
-0.3537514
-0.0045766394
-0.35696945
-0.0049456671
-0.35885031
-0.0053531628
-0.35771979
-0.0058133353
-0.35460231
-0.0063270652
-0.35449003
-0.0068636085
-0.35667787
-0.007460346
-0.35762035
-0.0081227661
-0.3607194
-0.0088130425
-0.36435352
-0.0094830031
-0.37220912
-0.01024016
-0.38146229
-0.011010843
-0.3895003
-0.011896127
-0.39708218
-0.012961307
-0.40583296
-0.014211859
-0.40219754
-0.01587027
-0.37138254
-0.017951909
-0.34378016
-0.018885536
-0.32675042
-0.019754738
-0.32328804
-0.021936008
-0.33284781
-0.02501081
-0.36158627
-0.027187019
-0.37499102
-0.029602652
-0.032379979
-0.35059156
-0.35080957
-0.0042221607
-0.35369641
-0.0045779398
-0.35696964
-0.0049461442
-0.35889182
-0.0053535246
-0.35774393
-0.0058136387
-0.35460192
-0.0063272492
-0.35449035
-0.0068636478
-0.35669102
-0.0074600791
-0.35761061
-0.0081226152
-0.36071287
-0.0088127748
-0.36432918
-0.0094830048
-0.37218579
-0.010240715
-0.38144175
-0.011011911
-0.38947367
-0.011896711
-0.39705566
-0.012962046
-0.4058073
-0.014212296
-0.4022266
-0.015870623
-0.37139366
-0.01795405
-0.34384325
-0.018889637
-0.32665684
-0.019755185
-0.32326333
-0.021933527
-0.33279426
-0.025011919
-0.36154967
-0.02719274
-0.3749535
-0.35080222
-0.35367711
-0.0045801835
-0.35697025
-0.0049478388
-0.3589462
-0.0053551545
-0.35778966
-0.0058155734
-0.35462339
-0.0063285523
-0.35451138
-0.006864799
-0.35673548
-0.0074618244
-0.35763435
-0.008124507
-0.36073701
-0.0088151262
-0.36434247
-0.009485362
-0.37218802
-0.010243744
-0.38144246
-0.011015249
-0.38946099
-0.011900174
-0.39704266
-0.012964955
-0.40578869
-0.014215323
-0.40225082
-0.015871558
-0.37142838
-0.017955985
-0.34391943
-0.018894999
-0.32655534
-0.019759339
-0.32323507
-0.021936842
-0.33271274
-0.025014945
-0.027196771
-0.3535922
-0.3569806
-0.0049495646
-0.35898166
-0.0053567865
-0.3578179
-0.0058168449
-0.35460512
-0.0063296875
-0.35449528
-0.0068662472
-0.35671866
-0.0074643728
-0.35762681
-0.0081268315
-0.36072389
-0.0088193511
-0.36432014
-0.0094895589
-0.37215303
-0.01024931
-0.38140519
-0.01102068
-0.38942911
-0.011906528
-0.39700652
-0.012970771
-0.40575826
-0.014221729
-0.40228969
-0.015877482
-0.37147806
-0.017966185
-0.34400574
-0.018906331
-0.32632426
-0.01976848
-0.32316182
-0.021943364
-0.33256978
-0.025021823
-0.35691354
-0.35884495
-0.0053580903
-0.35779626
-0.0058180553
-0.35466166
-0.00633125
-0.35452035
-0.0068682298
-0.3566665
-0.0074651532
-0.35759005
-0.0081294375
-0.36069974
-0.008824682
-0.36428122
-0.0094944239
-0.37210422
-0.010255817
-0.3813484
-0.011026861
-0.38936079
-0.011914033
-0.39693846
-0.012977481
-0.40568542
-0.014228339
-0.40227272
-0.015882414
-0.3714883
-0.017970634
-0.34406456
-0.018918961
-0.32592908
-0.019779557
-0.32308377
-0.021951367
-0.025028496
-0.35882906
-0.0053596557
-0.35777656
-0.0058195062
-0.35461972
-0.0063326188
-0.35447313
-0.0068696937
-0.35662401
-0.0074671281
-0.35754656
-0.0081327038
-0.36065813
-0.0088285948
-0.36423642
-0.0094983558
-0.37204965
-0.010260811
-0.38129272
-0.011032427
-0.38929692
-0.011919639
-0.39687485
-0.012983255
-0.4056244
-0.014233957
-0.40229247
-0.015886845
-0.37151022
-0.017977535
-0.34411853
-0.018930687
-0.3250078
-0.019788799
-0.3229753
-0.021956198
-0.025034452
-0.35866569
-0.005363931
-0.3576273
-0.0058240819
-0.35455533
-0.0063373157
-0.3543962
-0.0068744449
-0.35651078
-0.0074722489
-0.35741712
-0.0081378333
-0.36054478
-0.0088328709
-0.36412633
-0.0095045371
-0.37192332
-0.010266428
-0.38117449
-0.011040055
-0.3891618
-0.011926198
-0.3967439
-0.012990865
-0.40549008
-0.014241489
-0.40222037
-0.015893547
-0.37144034
-0.01798716
-0.34409588
-0.018945475
-0.32470717
-0.019801165
-0.32286047
-0.021965304
-0.025047146
-0.35853894
-0.35756934
-0.35445266
-0.0063439138
-0.35427274
-0.006882733
-0.35635679
-0.0074821518
-0.35727519
-0.0081450279
-0.36038388
-0.0088375536
-0.36398094
-0.0095116043
-0.37177581
-0.010273252
-0.38102837
-0.011048787
-0.38902675
-0.011933857
-0.39659325
-0.013000206
-0.40533807
-0.01425089
-0.40213199
-0.015902558
-0.37134907
-0.018001292
-0.34405621
-0.018960993
-0.32447738
-0.019813612
-0.32271962
-0.021974214
-0.025060813
-0.35431845
-0.0063513308
-0.35415629
-0.0068905297
-0.35622608
-0.0074897367
-0.35714379
-0.0081540198
-0.36025797
-0.0088466115
-0.36383549
-0.0095202139
-0.37160838
-0.010281803
-0.38086972
-0.011058356
-0.38885111
-0.011943969
-0.39641343
-0.013010562
-0.40515131
-0.014261515
-0.40199084
-0.015912124
-0.37123872
-0.018010454
-0.34400781
-0.0189763
-0.32427443
-0.019827553
-0.32256956
-0.021988311
-0.025074188
-0.35412965
-0.006355643
-0.35397686
-0.0068949973
-0.35606718
-0.0074950149
-0.35695942
-0.0081597802
-0.3600702
-0.0088525137
-0.36363605
-0.0095263048
-0.37139431
-0.010288531
-0.38066389
-0.011065806
-0.3886289
-0.011951052
-0.39619157
-0.013017791
-0.40492856
-0.014268497
-0.40183606
-0.01591843
-0.37111902
-0.018019988
-0.34394013
-0.01899092
-0.32399714
-0.019840292
-0.32236953
-0.021996261
-0.025079808
-0.35394745
-0.0063578417
-0.35378759
-0.006897173
-0.35586387
-0.0074973697
-0.35672963
-0.0081625434
-0.35984278
-0.008855497
-0.36341128
-0.0095297731
-0.37115906
-0.010292344
-0.3804262
-0.011070225
-0.38838097
-0.011955235
-0.39593998
-0.013021863
-0.40467085
-0.014271898
-0.4016343
-0.0159205
-0.37094
-0.018023263
-0.34381764
-0.018999698
-0.32370907
-0.019847127
-0.32215979
-0.021998418
-0.02508152
-0.35372332
-0.3535543
-0.0069012813
-0.35560698
-0.0075015851
-0.35646729
-0.0081669052
-0.35957362
-0.008860114
-0.36314446
-0.0095352804
-0.37089123
-0.010298637
-0.38016616
-0.011077146
-0.38811609
-0.011961965
-0.39567405
-0.013029066
-0.40440229
-0.014279176
-0.40143185
-0.015928017
-0.37074433
-0.018033803
-0.34367505
-0.019013197
-0.32341371
-0.019857307
-0.3219353
-0.022003275
-0.025087684
-0.35337464
-0.35539989
-0.35625476
-0.008173018
-0.35935453
-0.0088666113
-0.36292214
-0.0095424021
-0.37064724
-0.010305989
-0.37992002
-0.011085391
-0.38786654
-0.011971029
-0.39540967
-0.013038727
-0.40412037
-0.014289256
-0.40117707
-0.015937897
-0.37051004
-0.018045565
-0.34351128
-0.019028742
-0.32319482
-0.019871107
-0.32174609
-0.022015832
-0.025104892
-0.35604684
-0.3591409
-0.36268781
-0.37039754
-0.37966814
-0.38760934
-0.39514049
-0.40383599
-0.40092282
-0.37029354
-0.34336722
-0.32298002
-0.32154247
)
;

boundaryField
{
    Side
    {
        type            empty;
    }
    Inlet
    {
        type            calculated;
        value           nonuniform List<scalar> 0();
    }
    Airfoil
    {
        type            calculated;
        value           nonuniform List<scalar> 0();
    }
    Outlet
    {
        type            calculated;
        value           nonuniform List<scalar> 0();
    }
    procBoundary10to2
    {
        type            processor;
        value           nonuniform List<scalar> 
41
(
-0.093947284
-0.10291148
0.072923326
-0.11271678
0.031513688
-0.07814219
0.03151246
-0.085716341
-0.0083411979
-0.063449902
-0.008346308
-0.070437081
-0.088973321
-0.089028714
-0.08909009
-0.055445106
-0.14558898
-0.042011718
-0.14571149
-0.049093314
-0.28974349
-0.28984732
-0.037122521
-0.35563519
-0.029605557
-0.35569863
-0.03237574
-0.36146719
-0.36133386
-0.027204285
-0.33243465
-0.33228747
-0.33214316
-0.33195229
-0.33173281
-0.33146739
-0.33122343
-0.33096931
-0.33076249
-0.33051203
-0.025116979
)
;
    }
    procBoundary10to14
    {
        type            processor;
        value           nonuniform List<scalar> 
24
(
0.029481697
0.032689878
0.037673505
-0.2025139
0.042562824
0.049855681
-0.09940008
0.056198226
0.064213221
-0.025442137
0.070902284
0.078755988
0.086363886
0.024356416
0.094623156
0.10365081
0.11353906
0.12433916
0.065752501
0.13601115
0.14849477
0.161734
0.17580817
0.19088817
)
;
    }
    procBoundary10to18
    {
        type            processor;
        value           nonuniform List<scalar> 
55
(
-0.31006717
0.10153593
0.10178896
-0.28569606
0.10209949
0.10236088
-0.2632414
0.1026463
-0.24258384
0.10291157
0.10313788
-0.22351477
0.10334894
-0.20596748
0.1034287
0.1036216
0.10380349
-0.18971882
0.10345965
-0.17472944
0.10210687
0.10229922
-0.16074387
0.098907055
0.099081363
0.099245634
0.099400871
0.099546097
-0.14755777
0.093089177
0.093215246
0.093345465
-0.13518299
0.083620245
0.083753426
0.083890529
0.13513676
0.093861414
0.093973583
-0.13510927
0.084232377
0.084336404
0.084434925
0.084530184
-0.12351683
0.072284339
0.072342611
0.072406196
0.072474855
0.072554083
0.072640332
0.072720615
0.072785061
0.072849789
0.072896388
)
;
    }
    procBoundary10to26
    {
        type            processor;
        value           nonuniform List<scalar> 
43
(
0.36115572
0.36122821
0.36126129
-0.0029964001
0.36408023
-0.003282282
0.35864808
-0.003582985
0.35287279
-0.0038905002
0.3506038
-0.0042237996
0.35082091
-0.0045811689
0.3536853
-0.0049507104
0.35688871
0.35678427
0.35656369
-0.0053697705
-0.0058308701
0.35736446
0.35721356
0.35705119
0.35684444
-0.006361499
0.35354287
-0.0069066004
-0.0075080021
0.35518969
-0.008179529
-0.0088732127
-0.0095485215
-0.01031279
-0.011093074
-0.011979303
-0.013047576
-0.014299293
-0.01594737
-0.018057959
-0.019042312
-0.019883106
-0.022027785
)
;
    }
    procBoundary10to30
    {
        type            processor;
        value           nonuniform List<scalar> 
17
(
0.027067665
0.022076216
0.25031639
0.025003745
0.018376753
0.24237729
0.019618783
0.27476363
0.017721618
0.014167897
0.29873451
0.015986638
0.30453145
0.011751282
0.30700058
0.012843165
0.29707842
)
;
    }
    procBoundary10to42
    {
        type            processor;
        value           nonuniform List<scalar> 
100
(
0.2993437
0.30156575
0.010831166
0.29639626
0.29849065
0.30056746
0.30259671
0.3046048
0.30655166
0.30846806
0.3102986
0.010077318
0.30515669
0.30686392
0.30858385
0.31028423
0.31198129
0.31362825
0.31523684
0.31683222
0.31837429
0.31985105
0.32128071
0.32262067
0.32402866
0.32546576
0.009332697
0.32260903
0.32401358
0.32534846
0.32654688
0.32773167
0.32876403
0.3298911
0.0086846439
0.32809291
0.32920713
0.0080159255
0.3295237
0.33064804
0.33170458
0.33271458
0.33368519
0.33461821
0.0073640069
0.33272651
0.33369387
0.33454118
0.0067753349
0.3352006
0.33608744
0.33699313
0.33783449
0.33865085
0.0062534395
0.34205313
0.34277861
0.34352799
0.0057472858
0.34643081
0.34719643
0.34784103
0.34842352
0.34903439
0.34959386
0.35020098
0.35078731
0.35122724
0.35181007
0.35256053
0.0053046042
0.3511586
0.35154919
0.3518911
0.3522358
0.35265078
0.0049122382
0.34995838
0.35055671
0.35069803
0.0045408149
0.34832599
0.34864083
0.34894061
0.0041960468
0.34885151
0.34911652
0.34939924
0.0038735306
0.3515509
0.3517958
0.35210511
0.0035686233
0.35733831
0.0029871015
0.35763897
0.003272444
0.36084275
0.3609525
0.36109893
)
;
    }
    procBoundary10to50
    {
        type            processor;
        value           nonuniform List<scalar> 
42
(
0.085619402
0.086278473
0.086916894
0.087535492
0.20706067
0.088268192
0.22464469
0.088859123
0.089420859
0.24368258
0.089941939
0.090482659
0.26433144
0.091008771
0.091549904
0.28672714
0.092037642
0.092544
0.093033677
0.093506967
0.093964243
0.094405729
0.094835354
0.095282743
0.31078067
0.095682691
0.096108906
0.096521167
0.096919732
0.097304766
0.097676571
0.098035264
0.098381055
0.098723734
0.09908237
0.099429322
0.099762897
0.10008323
0.10039054
0.10068499
0.10096675
0.10123597
)
;
    }
}


// ************************************************************************* //
