/*--------------------------------*- C++ -*----------------------------------*\
| =========                 |                                                 |
| \\      /  F ield         | OpenFOAM: The Open Source CFD Toolbox           |
|  \\    /   O peration     | Version:  2506                                  |
|   \\  /    A nd           | Website:  www.openfoam.com                      |
|    \\/     M anipulation  |                                                 |
\*---------------------------------------------------------------------------*/
FoamFile
{
    version     2.0;
    format      ascii;
    arch        "LSB;label=32;scalar=64";
    class       volVectorField;
    location    "2.75";
    object      U;
}
// * * * * * * * * * * * * * * * * * * * * * * * * * * * * * * * * * * * * * //

dimensions      [0 1 -1 0 0 0 0];

internalField   nonuniform List<vector> 
1376
(
(94.533539 -0.50658052 -4.0670121e-18)
(94.521813 -0.46491145 6.4044766e-17)
(94.5148 -0.38605958 -1.1155983e-16)
(94.507601 -0.31697004 5.1661643e-17)
(94.492329 -0.2800477 5.0854499e-17)
(94.479522 -0.23955496 -2.7686971e-18)
(94.467883 -0.21084851 -2.5651229e-18)
(94.451569 -0.18142811 -2.2249577e-23)
(94.4365 -0.13819959 7.2647279e-17)
(94.417669 -0.12546952 -6.3300196e-17)
(94.406589 -0.096195118 1.1897045e-16)
(94.400011 -0.087764777 -1.1196518e-16)
(94.38804 -0.062939369 -1.0359052e-16)
(94.38099 -0.05547605 9.6086381e-17)
(94.37618 -0.04868355 1.7854276e-16)
(94.374131 -0.051350049 -6.430275e-19)
(94.362249 -0.033542686 5.9619781e-19)
(94.364745 -0.043419918 1.3626977e-16)
(94.360577 -0.016042439 1.3099905e-16)
(94.359066 -0.055118353 4.8436457e-16)
(94.360141 0.0007499592 -3.3246661e-19)
(94.400111 -0.061967467 1.0164677e-19)
(94.542092 -0.36711195 5.9630562e-17)
(94.527466 -0.30622559 5.5079254e-17)
(94.506799 -0.26527172 3.1842708e-18)
(94.491464 -0.22683749 1.8520219e-16)
(94.47817 -0.19902645 -8.6785761e-17)
(94.460938 -0.17900536 -1.2510807e-18)
(94.444356 -0.13463987 1.1538131e-18)
(94.422867 -0.12146956 -6.832591e-17)
(94.411434 -0.093687067 -2.5063805e-16)
(94.404914 -0.084239421 -1.1771569e-16)
(94.39206 -0.062009221 8.3429767e-19)
(94.382996 -0.054658134 -9.8508167e-17)
(94.377667 -0.047668232 0)
(94.375448 -0.048319307 1.6669818e-16)
(94.364321 -0.032558635 1.5328074e-16)
(94.364532 -0.041221775 2.7410259e-19)
(94.361372 -0.014400521 0)
(94.359029 -0.055214624 2.8766635e-22)
(94.35993 0.0028012658 -2.1964695e-16)
(94.398987 -0.068936661 -2.0081579e-16)
(94.546641 -0.31529838 -5.7140875e-17)
(94.521754 -0.27124612 -1.6472916e-18)
(94.503574 -0.23324814 1.5160445e-18)
(94.488546 -0.1968713 1.2735123e-21)
(94.470121 -0.18220455 8.0965241e-17)
(94.451992 -0.13713191 1.1812012e-18)
(94.428802 -0.11929801 -1.0886245e-18)
(94.416269 -0.092746691 6.9592662e-22)
(94.409909 -0.081902374 1.1735652e-16)
(94.395834 -0.062155321 1.0780149e-16)
(94.385009 -0.050611672 9.9155403e-17)
(94.379062 -0.045345815 0)
(94.376646 -0.045040625 -1.6626147e-16)
(94.366449 -0.032118496 -3.0447326e-16)
(94.36468 -0.043134999 0)
(94.36214 -0.013317695 -2.4428921e-19)
(94.358741 -0.054900973 -2.3447857e-16)
(94.359516 0.00068565819 -1.0349726e-19)
(94.398106 -0.067491897 0)
(94.537997 -0.26528538 5.7459399e-23)
(94.516522 -0.2269762 -1.5579399e-18)
(94.498989 -0.18597441 8.9979115e-17)
(94.479222 -0.17304607 -8.3953792e-17)
(94.45916 -0.13744575 -7.5730564e-17)
(94.435475 -0.11209371 6.953051e-17)
(94.421288 -0.088757518 1.3164327e-16)
(94.414645 -0.076890395 5.264645e-24)
(94.399322 -0.06189062 8.7018598e-24)
(94.387143 -0.050392461 -9.9976812e-17)
(94.380658 -0.043608686 0)
(94.377756 -0.04322297 1.6540013e-16)
(94.36847 -0.029482737 3.0041536e-16)
(94.365236 -0.039623589 1.3717881e-16)
(94.362455 -0.01207433 1.2309395e-16)
(94.358143 -0.05515564 2.2193548e-19)
(94.359204 -0.0008757689 0)
(94.397461 -0.071390025 1.8565068e-16)
(94.50931 -0.18101052 1.4529616e-18)
(94.488477 -0.16186933 -8.3823068e-17)
(94.465973 -0.13902295 1.5449371e-16)
(94.442527 -0.10721302 7.1218526e-17)
(94.426873 -0.082722243 0)
(94.418797 -0.074629203 -1.1736565e-16)
(94.402656 -0.061965879 -1.0912634e-16)
(94.389446 -0.047274042 9.8794226e-17)
(94.382674 -0.039613986 -9.0055879e-17)
(94.378801 -0.041443552 -1.6324803e-16)
(94.370259 -0.027952273 -2.9590349e-16)
(94.365672 -0.03974098 -1.350359e-16)
(94.362496 -0.011249376 -1.2170506e-16)
(94.357445 -0.055499143 2.2035829e-16)
(94.358903 -0.00072802596 0)
(94.397088 -0.070360577 -1.7783303e-16)
(94.498134 -0.14828922 1.3427789e-18)
(94.472644 -0.13583402 -7.8392831e-17)
(94.44958 -0.10437793 -7.1546918e-17)
(94.43298 -0.074071907 0)
(94.422147 -0.070194328 1.1813312e-16)
(94.405884 -0.060494564 1.0822705e-16)
(94.391874 -0.047742533 -9.846152e-17)
(94.385104 -0.034704769 1.7789585e-16)
(94.379821 -0.03931197 3.1390013e-19)
(94.371851 -0.026991346 -2.8310497e-19)
(94.366206 -0.039246283 -1.3248773e-16)
(94.362548 -0.0099686372 1.1574352e-19)
(94.356776 -0.055862995 -2.14428e-16)
(94.358685 -0.0012324508 1.8780933e-16)
(94.39696 -0.070806226 -1.7371657e-16)
(94.479111 -0.12773729 1.2283662e-18)
(94.4565 -0.10095411 -2.2386222e-18)
(94.439092 -0.065318243 1.3088918e-16)
(94.424707 -0.066835443 0)
(94.409066 -0.059266499 0)
(94.394446 -0.046538148 9.7088719e-17)
(94.387784 -0.02942983 -8.7649509e-17)
(94.380807 -0.03714786 0)
(94.373132 -0.025140161 2.3321867e-22)
(94.367084 -0.037847949 1.2892498e-16)
(94.362582 -0.0091481157 -1.1391604e-16)
(94.356134 -0.055962563 0)
(94.358679 -0.0021531798 -1.8132958e-16)
(94.396992 -0.06982519 4.1320452e-20)
(94.463481 -0.099777578 0)
(94.44473 -0.059883972 -7.0533475e-22)
(94.42678 -0.062110996 -1.1679399e-16)
(94.412131 -0.056409841 -8.2676922e-19)
(94.397278 -0.047394045 9.6553836e-17)
(94.390537 -0.02396937 -3.3689267e-19)
(94.381644 -0.033436884 1.543295e-16)
(94.374067 -0.024888319 1.3934236e-16)
(94.36828 -0.03847589 1.2504308e-16)
(94.362619 -0.0088842841 1.1174816e-16)
(94.355472 -0.055689726 -2.0089598e-16)
(94.35879 -0.0025070638 1.7526864e-16)
(94.397212 -0.067505796 1.6185994e-16)
(94.4706 -0.092704351 -7.1545559e-17)
(94.449593 -0.057114225 -2.5806483e-16)
(94.42871 -0.057586391 1.1702486e-16)
(94.414952 -0.052679603 4.1014918e-19)
(94.40045 -0.046608385 -1.9002988e-16)
(94.39327 -0.020623216 3.3204695e-19)
(94.382289 -0.029317211 -1.5205414e-16)
(94.374744 -0.024656607 2.6495959e-19)
(94.369535 -0.037236699 -2.3844905e-19)
(94.362474 -0.0081445984 0)
(94.354814 -0.055726829 2.9028281e-16)
(94.358774 -0.0029726625 -1.6931579e-16)
(94.397798 -0.064925014 -1.5457571e-16)
(94.453677 -0.056997136 1.924639e-16)
(94.430802 -0.053393943 -4.5246162e-19)
(94.417507 -0.048872543 4.0402309e-19)
(94.403738 -0.045060479 9.2905236e-17)
(94.395974 -0.018501105 0)
(94.382784 -0.025225217 -1.4896141e-16)
(94.37517 -0.023382676 0)
(94.370638 -0.037988165 -2.3753246e-16)
(94.361918 -0.0094289588 0)
(94.354313 -0.055575475 -1.85247e-16)
(94.358769 -0.0029054205 1.6646072e-16)
(94.398709 -0.061476274 1.4759208e-16)
(94.43332 -0.048097011 1.1429988e-16)
(94.41973 -0.044869268 0)
(94.406804 -0.042715196 -9.1027753e-17)
(94.3985 -0.01832198 0)
(94.383192 -0.021393086 1.4602664e-16)
(94.375389 -0.022450258 -1.267645e-19)
(94.371544 -0.03788332 1.1563768e-16)
(94.361268 -0.011106908 -6.2419799e-25)
(94.354111 -0.055801109 9.1020127e-17)
(94.359007 -0.0025916505 -1.6231206e-16)
(94.399451 -0.057937003 -1.405821e-16)
(94.421564 -0.041195582 7.8227193e-19)
(94.409404 -0.041791673 8.8794009e-17)
(94.400549 -0.019227216 7.986551e-17)
(94.383584 -0.018941247 7.1404387e-17)
(94.375533 -0.019862342 1.2412016e-19)
(94.372412 -0.038144679 1.1218961e-16)
(94.360696 -0.013315533 9.6652293e-20)
(94.354147 -0.056191086 -4.3574591e-20)
(94.3596 -0.0011797403 -3.7958966e-20)
(94.399814 -0.055276051 1.3646432e-16)
(94.41131 -0.041225954 3.4307815e-19)
(94.402257 -0.02217348 -7.8526212e-17)
(94.384132 -0.01658295 1.3675469e-19)
(94.375753 -0.015680635 0)
(94.37337 -0.038005471 -1.0819536e-16)
(94.360254 -0.015496094 9.5038822e-17)
(94.354532 -0.056048217 -1.2547333e-19)
(94.360176 3.7051696e-05 3.6745898e-20)
(94.399683 -0.049428781 0)
(94.404267 -0.027403593 7.6034581e-17)
(94.385384 -0.013703671 -6.7835432e-17)
(94.376062 -0.01236194 -1.1859754e-16)
(94.374065 -0.03688075 1.0381026e-16)
(94.360009 -0.016393654 -9.2678494e-17)
(94.355165 -0.052038469 4.0223374e-20)
(94.360677 -0.00092374145 -7.2785138e-17)
(94.399367 -0.046454933 -1.5434244e-20)
(94.387171 -0.01778186 6.5328703e-17)
(94.376263 -0.0098525074 1.1639984e-16)
(94.374308 -0.036219859 -2.732183e-22)
(94.360523 -0.020215719 -1.3290524e-19)
(94.356286 -0.05299005 3.8677304e-20)
(94.361674 -0.0021705503 6.9869724e-17)
(94.39903 -0.041506346 -1.202985e-16)
(94.376346 -0.0075582246 1.1195465e-19)
(94.37431 -0.032856742 -9.9266117e-17)
(94.361913 -0.019314347 4.2619196e-20)
(94.357298 -0.05050654 -3.7297026e-20)
(94.363452 -0.004246205 3.2733236e-20)
(94.398936 -0.037036325 1.1613227e-16)
(94.374124 -0.032311014 -9.5532908e-17)
(94.36359 -0.016853352 -4.1160586e-20)
(94.358283 -0.051033271 7.3736747e-17)
(94.36562 -0.0057147609 -6.4287769e-17)
(94.399514 -0.029186472 0)
(94.365472 -0.014244429 0)
(94.359092 -0.049709572 -7.1071287e-17)
(94.367599 -0.008365431 1.2261812e-16)
(94.400055 -0.021473445 -5.4481795e-17)
(94.359867 -0.047377182 6.8394388e-17)
(94.368494 -0.0087734335 -5.9592386e-17)
(94.401117 -0.019310141 5.2222642e-17)
(94.368288 -0.0068956447 3.5060507e-21)
(94.403594 -0.018271359 -3.044746e-21)
(80.879496 -0.15992454 0)
(81.65103 -0.35549516 0)
(82.28728 -0.40308336 0)
(82.81167 -0.21496933 -3.2116818e-18)
(83.337135 -0.053569803 3.0551083e-18)
(83.89846 -0.06456188 -2.9085948e-18)
(84.457688 -0.10238472 2.7720553e-18)
(84.978075 -0.086043123 -2.6402686e-18)
(85.453247 -0.07260972 2.5144552e-18)
(85.894935 -0.096272209 -2.3942845e-18)
(86.294116 -0.088600226 2.2813023e-18)
(86.624632 -0.050137205 2.1727381e-18)
(86.901247 -0.014606777 -2.0675207e-18)
(87.180824 0.0053995522 1.9666599e-18)
(87.494937 -0.0079773347 -1.8730006e-18)
(87.815342 -0.026164381 0)
(88.095828 -0.036434775 0)
(88.34168 -0.029000556 1.6190181e-18)
(88.582181 -0.0235412 -1.5411332e-18)
(88.82796 -0.012059203 0)
(89.075218 0.0053747173 0)
(89.315281 0.0090903169 1.3313055e-18)
(89.537195 0.0093985195 -1.2680368e-18)
(89.495524 -0.12487392 1.3987344e-21)
(89.606272 -0.2894312 6.6467258e-18)
(89.621729 -0.27101221 0)
(89.612739 -0.067080331 5.7988449e-18)
(89.619473 0.025971261 -5.5435171e-18)
(89.689717 -0.035418636 0)
(89.842898 -0.085168367 0)
(89.907658 -0.041446059 0)
(89.900337 -0.035610687 0)
(89.901803 -0.066934559 0)
(89.910461 -0.064876032 0)
(89.902364 -0.03812735 0)
(89.868766 -0.0066790442 0)
(89.871087 -0.0010282311 -3.5955619e-18)
(89.923045 -0.011978276 6.8861018e-18)
(90.030036 -0.038311232 -6.6079008e-18)
(90.110784 -0.04468487 1.3739168e-22)
(90.149582 -0.034673241 3.0064885e-18)
(90.189722 -0.031315169 1.4262563e-18)
(90.257756 -0.023955593 -1.3571037e-18)
(90.357867 -0.0097784139 0)
(90.469868 -0.0038498467 0)
(90.577982 -0.0021317135 0)
(91.936039 -0.21566244 0)
(92.064711 -0.37332756 6.0919952e-18)
(92.154988 -0.34180826 -5.7832115e-18)
(92.243904 -0.14917622 0)
(92.363448 -0.038539253 5.2184641e-18)
(92.509443 -0.094662238 -4.9804859e-18)
(92.661242 -0.13334892 -4.7792786e-18)
(92.69968 -0.073305639 4.5046036e-18)
(92.67741 -0.052363216 0)
(92.619831 -0.093966525 0)
(92.57025 -0.07633113 0)
(92.52739 -0.029304975 0)
(92.466241 -0.0054108579 0)
(92.405914 0.0021961521 3.388028e-18)
(92.377945 -0.026617405 -3.2298878e-18)
(92.357536 -0.046986394 0)
(92.313593 -0.046349013 0)
(92.230456 -0.033380898 0)
(92.141254 -0.031343599 0)
(92.089276 -0.026347357 0)
(92.06634 -0.013808834 0)
(92.050635 -0.0094178851 -2.2989886e-18)
(92.049226 -0.0090639554 2.1759591e-18)
(92.376721 -0.48097841 0)
(92.499904 -0.48916695 0)
(92.673854 -0.36152631 0)
(92.860726 -0.12510233 0)
(93.050293 -0.022325127 4.8446781e-18)
(93.210422 -0.09104973 -4.6229643e-18)
(93.333654 -0.13272824 0)
(93.454027 -0.053047417 0)
(93.51838 -0.034466208 0)
(93.517716 -0.059066978 0)
(93.523813 -0.056644381 0)
(93.537275 -0.023491151 0)
(93.547065 0.013775411 0)
(93.557834 0.011415395 0)
(93.557123 -0.007781063 0)
(93.543967 -0.032691735 0)
(93.506389 -0.030683878 0)
(93.44119 -0.01630578 0)
(93.369748 -0.01739668 0)
(93.312065 -0.01721844 2.3384227e-18)
(93.266324 -0.0073634656 -5.4075649e-23)
(93.226176 -0.0028320459 -2.1199305e-18)
(93.189641 -0.0034576441 0)
(92.453711 -0.56374504 -5.2797284e-18)
(92.54371 -0.51230935 0)
(92.73716 -0.38873442 0)
(92.973985 -0.18108385 0)
(93.210943 -0.065101422 -4.4875166e-18)
(93.368664 -0.12632792 4.2870893e-18)
(93.46449 -0.14142955 0)
(93.569639 -0.087571487 0)
(93.679254 -0.076365364 3.6969393e-18)
(93.741894 -0.10022463 -3.5299008e-18)
(93.781277 -0.067476752 3.3577006e-18)
(93.810302 -0.025260956 -6.3793769e-18)
(93.845131 -0.0027999047 6.0608468e-18)
(93.896947 0.0063848539 -2.8929207e-18)
(93.936146 -0.020716817 0)
(93.93703 -0.035559298 0)
(93.925009 -0.03054467 2.4786111e-18)
(93.899317 -0.012041287 -2.3777736e-18)
(93.873156 -0.013252127 0)
(93.849047 -0.012925309 0)
(93.825084 -0.0032847696 0)
(93.804451 0.00040166739 0)
(93.78687 -0.00073731894 0)
(92.510515 -0.7665646 1.9536966e-17)
(92.576895 -0.61992328 -1.7645268e-21)
(92.772368 -0.46552775 -9.0505212e-18)
(93.050075 -0.24281215 8.6809433e-18)
(93.308485 -0.096975671 -2.0831909e-21)
(93.432214 -0.15870355 -1.4712305e-21)
(93.496643 -0.17212906 -1.5058025e-17)
(93.589356 -0.094361946 7.1397184e-18)
(93.714949 -0.090891101 0)
(93.804551 -0.10949827 0)
(93.854243 -0.066870141 0)
(93.887265 -0.027256814 0)
(93.928643 -0.0014805496 0)
(93.989223 0.0025459549 0)
(94.040535 -0.020147648 0)
(94.055786 -0.034764837 0)
(94.055021 -0.023953735 0)
(94.053407 -0.0093065913 0)
(94.054892 -0.0093425068 2.0764525e-18)
(94.052173 -0.0099865797 -1.985621e-18)
(94.044483 -0.0021115876 -1.9091226e-18)
(94.042338 0.0024472438 3.6266356e-18)
(94.04514 7.285219e-05 -3.4274579e-18)
(92.589931 -0.73966105 -9.038873e-18)
(92.623175 -0.60053383 8.6644693e-18)
(92.793805 -0.47914115 0)
(93.091456 -0.28273873 0)
(93.369363 -0.11788669 -7.714652e-18)
(93.4714 -0.18065429 7.3747847e-18)
(93.519243 -0.18106748 0)
(93.602823 -0.11435585 -6.5994438e-18)
(93.727281 -0.1209254 6.31631e-18)
(93.82206 -0.13239147 0)
(93.873668 -0.074227093 0)
(93.90799 -0.033553814 0)
(93.952057 -0.016793187 0)
(94.015755 -0.009319458 0)
(94.066945 -0.029541231 0)
(94.085998 -0.036934603 0)
(94.095375 -0.026572779 0)
(94.106689 -0.0093987768 -4.0827237e-18)
(94.121851 -0.012634582 3.9034502e-18)
(94.127582 -0.010424678 0)
(94.127841 -0.00089209315 0)
(94.133254 0.0012821255 0)
(94.149883 9.5188219e-05 1.6014675e-18)
(92.707093 -0.8316955 -8.3659786e-18)
(92.727338 -0.66189334 0)
(92.860561 -0.55183242 0)
(93.127694 -0.3786588 7.4220553e-18)
(93.394107 -0.17126602 -7.1412643e-18)
(93.492702 -0.20692958 0)
(93.542644 -0.20181173 0)
(93.624875 -0.13332113 -6.1162353e-18)
(93.736309 -0.15036849 5.5165586e-22)
(93.820657 -0.15500324 5.5984565e-18)
(93.871211 -0.079792944 0)
(93.908991 -0.039757406 0)
(93.955907 -0.02338971 0)
(94.018857 -0.014615973 0)
(94.067991 -0.03675299 0)
(94.090337 -0.040560269 0)
(94.105757 -0.026938059 0)
(94.124389 -0.011559338 -3.7858134e-18)
(94.144986 -0.013034958 3.6185543e-18)
(94.153772 -0.010272001 -3.4569052e-18)
(94.157141 -0.0023116439 6.5532963e-18)
(94.166452 3.5995056e-06 -6.215301e-18)
(94.188828 -0.0027764341 5.9385803e-18)
(92.846519 -0.93727094 8.2378909e-18)
(92.824707 -0.80153557 0)
(92.839705 -0.64196176 7.4132706e-18)
(92.942698 -0.5664937 -7.134457e-18)
(93.167225 -0.42061162 -6.8671944e-18)
(93.40043 -0.20223432 1.2690172e-21)
(93.500388 -0.22921464 1.2619579e-17)
(93.561947 -0.21884899 -5.9747005e-18)
(93.64619 -0.14933602 5.6765735e-18)
(93.739985 -0.17671584 -5.427636e-18)
(93.809638 -0.17118724 5.1829941e-18)
(93.858207 -0.085631522 -4.9353841e-18)
(93.899324 -0.047806205 0)
(93.948926 -0.034893996 0)
(94.011548 -0.025731906 4.2607208e-18)
(94.060623 -0.045345124 -1.8388458e-22)
(94.086078 -0.044590198 -3.8810325e-18)
(94.105335 -0.029949037 0)
(94.127435 -0.014283983 -3.5109773e-18)
(94.149714 -0.016263233 1.0589756e-22)
(94.159968 -0.011138167 6.4048165e-18)
(94.165057 -0.0032640816 -6.0758832e-18)
(94.176086 -0.0026412364 2.8838189e-18)
(94.199524 -0.005387077 0)
(92.925198 -0.99837265 -7.6157462e-18)
(92.925458 -0.84798975 7.1669753e-18)
(92.941325 -0.68496025 0)
(93.029545 -0.62111453 6.6089477e-18)
(93.216132 -0.48591516 -1.3422403e-21)
(93.401449 -0.25601867 -6.1131126e-18)
(93.501406 -0.26411133 0)
(93.58204 -0.24415897 -5.5334557e-18)
(93.67031 -0.16839406 1.0548122e-17)
(93.742584 -0.2014236 -4.2433014e-22)
(93.795928 -0.18619798 -4.7986029e-18)
(93.841555 -0.093808268 0)
(93.884996 -0.058798523 0)
(93.937087 -0.0466655 0)
(94.000539 -0.03620226 3.9496083e-18)
(94.050864 -0.054353312 -3.7747732e-18)
(94.078772 -0.049887183 -3.596988e-18)
(94.099841 -0.033266972 3.4199418e-18)
(94.122463 -0.017637203 0)
(94.144497 -0.019135451 3.1096867e-18)
(94.156467 -0.012258658 -5.9336471e-18)
(94.163794 -0.0047462754 2.8175983e-18)
(94.176407 -0.0049966245 0)
(94.198485 -0.0087614905 0)
(92.995343 -1.0014909 0)
(93.010369 -0.82072766 1.3804179e-17)
(93.025854 -0.67794747 -1.2863283e-17)
(93.105853 -0.63841049 0)
(93.265175 -0.51120908 0)
(93.402789 -0.29370015 0)
(93.501185 -0.29534484 -1.0767606e-17)
(93.605826 -0.26480063 1.2783792e-21)
(93.696235 -0.18239394 1.0787656e-21)
(93.744911 -0.21917629 7.3887704e-22)
(93.784979 -0.1947258 1.7758546e-17)
(93.828311 -0.10016538 -6.3496766e-22)
(93.872129 -0.070516778 -8.0544825e-18)
(93.925264 -0.058626335 0)
(93.990006 -0.04812123 7.3227431e-18)
(94.041815 -0.065056155 -6.9992829e-18)
(94.070596 -0.05563155 0)
(94.091374 -0.036478321 0)
(94.112265 -0.021104521 0)
(94.132962 -0.022373994 0)
(94.147367 -0.01388329 0)
(94.158205 -0.0067551312 0)
(94.173191 -0.0079271766 0)
(94.193387 -0.011227695 0)
(93.063034 -1.0359709 0)
(93.072868 -0.84014874 0)
(93.089692 -0.71166525 1.1861864e-17)
(93.179481 -0.67883417 -1.1354686e-17)
(93.325159 -0.54293119 0)
(93.414895 -0.34445472 0)
(93.507236 -0.33609812 0)
(93.633754 -0.28735919 0)
(93.715498 -0.20311884 0)
(93.744205 -0.23700485 0)
(93.778989 -0.20483653 0)
(93.8235 -0.10929881 0)
(93.866447 -0.084887059 0)
(93.918831 -0.071744277 0)
(93.983546 -0.062580365 6.7900639e-18)
(94.034174 -0.07724894 -1.2983077e-17)
(94.0614 -0.061097305 1.2375799e-17)
(94.080859 -0.039265883 -5.8858139e-18)
(94.099382 -0.024481628 0)
(94.11846 -0.025941736 5.3414851e-18)
(94.135404 -0.016444879 -5.0928078e-18)
(94.150569 -0.0096247365 0)
(94.168558 -0.010939391 0)
(93.113578 -1.0445294 0)
(93.121431 -0.77788134 0)
(93.162729 -0.70722358 0)
(93.284785 -0.73569781 -1.058963e-17)
(93.383163 -0.54425693 1.1738855e-21)
(93.42593 -0.37598623 9.6789455e-18)
(93.51961 -0.37777508 0)
(93.666609 -0.31367626 0)
(93.722972 -0.21802394 0)
(93.740302 -0.24476514 0)
(93.776262 -0.20712702 -7.588628e-18)
(93.823779 -0.11628212 7.2628093e-18)
(93.867555 -0.098966749 -6.9247861e-18)
(93.921729 -0.084184829 6.5951807e-18)
(93.984507 -0.078236942 0)
(94.026671 -0.089046462 0)
(94.049656 -0.065872936 5.7354198e-18)
(94.069095 -0.041640572 -1.0913947e-17)
(94.08701 -0.027793021 1.0396766e-17)
(94.105202 -0.030023155 -1.5055886e-22)
(94.123857 -0.019844394 -4.7213991e-18)
(94.142483 -0.01345539 0)
(94.162936 -0.014492868 0)
(93.162371 -0.99507619 0)
(93.1874 -0.83430642 0)
(93.285121 -0.87415698 0)
(93.411116 -0.66523348 0)
(93.409811 -0.54375079 0)
(93.431565 -0.44067103 0)
(93.547556 -0.40573716 0)
(93.704533 -0.3214894 0)
(93.727893 -0.24478754 0)
(93.740975 -0.25874281 0)
(93.779606 -0.21502285 0)
(93.825353 -0.13250261 0)
(93.870996 -0.11769682 0)
(93.932427 -0.098627944 0)
(93.991153 -0.094830981 0)
(94.01833 -0.098218421 0)
(94.036618 -0.070249317 0)
(94.058582 -0.044425721 0)
(94.07852 -0.031851619 0)
(94.096839 -0.034677625 0)
(94.115794 -0.023894182 -4.380212e-18)
(94.135466 -0.018137044 4.1748706e-18)
(94.156452 -0.018208629 3.9831683e-18)
(93.251532 -1.1757128 0)
(93.256653 -1.0060303 -2.0440057e-17)
(93.29473 -0.89294235 1.967418e-17)
(93.406434 -0.77665177 0)
(93.468837 -0.6379495 0)
(93.463871 -0.57438224 0)
(93.493114 -0.47838516 1.6293133e-17)
(93.605646 -0.48254368 -1.5748345e-17)
(93.707564 -0.34038885 -1.5242432e-17)
(93.722522 -0.25105058 1.446712e-17)
(93.752134 -0.2659822 0)
(93.803877 -0.21198163 0)
(93.839827 -0.14771249 0)
(93.881524 -0.13427229 1.1882061e-17)
(93.948365 -0.11207891 -2.2709148e-17)
(93.996184 -0.10920369 2.1786377e-17)
(94.00988 -0.10412844 -1.0359811e-17)
(94.026817 -0.07513253 -4.9101498e-18)
(94.053686 -0.048630797 4.6886681e-18)
(94.076422 -0.037407206 0)
(94.094573 -0.039633848 0)
(94.112353 -0.028002639 0)
(94.130817 -0.022865927 0)
(94.150397 -0.02178421 0)
(93.358768 -1.1751133 -2.0413419e-17)
(93.375 -0.95951782 3.8709251e-17)
(93.415005 -0.89891896 -3.6735554e-17)
(93.484009 -0.87212093 3.5493645e-17)
(93.519123 -0.67923471 -1.1593004e-21)
(93.544205 -0.55695172 -1.6084474e-17)
(93.597147 -0.47598237 1.5286601e-17)
(93.673224 -0.48498689 -1.3288477e-21)
(93.703855 -0.3220717 -1.4093966e-17)
(93.72504 -0.27917665 -1.3308951e-17)
(93.786127 -0.29492973 1.2679285e-17)
(93.845087 -0.21742492 0)
(93.860334 -0.1602071 0)
(93.896172 -0.15545984 0)
(93.96688 -0.13079709 0)
(93.998858 -0.11788628 0)
(94.006487 -0.10830815 0)
(94.026303 -0.079411457 0)
(94.058443 -0.054246576 -8.7054598e-18)
(94.081651 -0.044337369 2.4104397e-22)
(94.098063 -0.044441557 1.5853962e-17)
(94.113598 -0.031866628 -1.8918101e-22)
(94.129746 -0.02733082 -7.1938926e-18)
(94.147199 -0.025292102 3.4317157e-18)
(93.501095 -1.1111017 -4.6300369e-23)
(93.50888 -0.97029975 1.3169981e-22)
(93.538387 -0.95047641 3.3972274e-17)
(93.579611 -0.82551311 -1.6495369e-17)
(93.59357 -0.6309469 -1.5678167e-17)
(93.623982 -0.57682208 1.4800226e-17)
(93.68188 -0.53710175 -1.4251354e-17)
(93.714076 -0.47219942 1.3742784e-17)
(93.722233 -0.3266383 -1.2969811e-17)
(93.754996 -0.3177816 6.471839e-22)
(93.838566 -0.31175004 1.1801055e-17)
(93.877402 -0.20195873 0)
(93.881512 -0.17324547 0)
(93.918874 -0.16318342 -1.0149779e-17)
(93.987114 -0.14317748 3.93002e-22)
(94.004424 -0.12836341 1.8777764e-17)
(94.01287 -0.11691405 -1.7749746e-17)
(94.038945 -0.086813762 1.6874706e-17)
(94.072293 -0.06262103 -8.0912694e-18)
(94.091782 -0.051724504 0)
(94.105987 -0.048394205 0)
(94.119596 -0.035146916 7.007964e-18)
(94.133394 -0.031375772 -1.0791434e-22)
(94.148974 -0.028686517 -6.3706768e-18)
(93.64648 -1.0877302 0)
(93.66211 -1.0474852 1.6805934e-17)
(93.668539 -0.88978914 -1.5817768e-17)
(93.665971 -0.76918766 0)
(93.669379 -0.67743874 0)
(93.70901 -0.61265658 -1.365597e-17)
(93.766505 -0.51054132 1.3016398e-17)
(93.764854 -0.43407858 1.2309363e-17)
(93.766632 -0.3642 -1.1768669e-17)
(93.805897 -0.34271041 0)
(93.876917 -0.31102403 0)
(93.894401 -0.21640027 -1.0504275e-17)
(93.910535 -0.19627012 9.9133604e-18)
(93.964515 -0.19952848 0)
(94.012042 -0.15095814 0)
(94.016399 -0.13145656 0)
(94.028388 -0.12055344 0)
(94.061298 -0.090669679 0)
(94.089903 -0.069151129 0)
(94.105089 -0.057368114 0)
(94.119327 -0.051121391 -6.826761e-18)
(94.132018 -0.038257162 1.5160835e-22)
(94.143179 -0.035417116 1.2406696e-17)
(94.156928 -0.03218181 -5.913124e-18)
(93.826798 -1.2218257 0)
(93.782799 -0.98491804 0)
(93.796914 -0.95104453 -1.4956874e-17)
(93.777552 -0.89012861 -1.0536679e-23)
(93.759308 -0.73924712 3.0372367e-23)
(93.769977 -0.68906028 2.7475348e-22)
(93.792404 -0.63018794 1.2771142e-17)
(93.812048 -0.48988479 -1.2309167e-17)
(93.819387 -0.40797295 1.1680872e-17)
(93.836118 -0.3592514 1.1037754e-17)
(93.878927 -0.37187778 -1.0597757e-17)
(93.912128 -0.30557857 0)
(93.917899 -0.22956865 -9.6855445e-18)
(93.94392 -0.20502288 9.1473318e-18)
(94.008546 -0.19002056 -8.8168038e-18)
(94.033464 -0.1582859 1.6998968e-17)
(94.035838 -0.14395697 -8.0246942e-18)
(94.053146 -0.13136035 7.5912401e-18)
(94.085109 -0.10230755 -7.300631e-18)
(94.102934 -0.079766746 0)
(94.117818 -0.065417057 0)
(94.13755 -0.055264847 0)
(94.150966 -0.041371124 0)
(94.159039 -0.038756025 0)
(94.170365 -0.035484121 -5.4886014e-18)
(93.967424 -1.1108942 1.4737787e-21)
(93.900828 -1.031389 -5.9580114e-17)
(93.878494 -0.88428023 -8.857017e-24)
(93.877635 -0.84699568 2.7164451e-22)
(93.864285 -0.74058288 2.5362848e-17)
(93.869466 -0.66144309 -2.4196885e-17)
(93.863477 -0.59779653 5.3308858e-22)
(93.860472 -0.48928087 2.2474942e-17)
(93.873206 -0.43900363 2.126243e-17)
(93.909678 -0.4228191 -8.7825797e-22)
(93.941406 -0.34180656 -8.3667072e-22)
(93.938472 -0.27708678 -1.9072602e-22)
(93.947172 -0.24117392 -1.7844379e-22)
(93.991368 -0.25808173 -1.7033589e-17)
(94.034995 -0.20935787 0)
(94.042641 -0.15184384 -1.5665657e-17)
(94.054286 -0.14449416 4.1029553e-22)
(94.087464 -0.13231551 1.4166619e-17)
(94.114436 -0.10374126 0)
(94.119556 -0.083385082 0)
(94.132008 -0.07126928 -1.2279303e-17)
(94.153997 -0.058194455 1.1769016e-17)
(94.166457 -0.045027144 0)
(94.173764 -0.041969713 0)
(94.184975 -0.038346287 -5.0996547e-18)
(94.043458 -0.99673933 -2.9027539e-17)
(94.019386 -0.98166728 0)
(93.961686 -0.86979816 0)
(93.949097 -0.77927832 0)
(93.931408 -0.73038903 0)
(93.927806 -0.59311639 -2.288645e-17)
(93.930722 -0.57555711 2.1793373e-17)
(93.932814 -0.47067878 0)
(93.946226 -0.44499081 0)
(93.968558 -0.372314 -1.9263348e-17)
(93.970851 -0.32846574 1.8435025e-17)
(93.972593 -0.30312441 0)
(93.995929 -0.29045215 -1.6454847e-17)
(94.045862 -0.22433537 4.740873e-22)
(94.048606 -0.1934245 2.716843e-22)
(94.049695 -0.17226799 2.8815111e-17)
(94.070825 -0.16522159 -1.3679032e-17)
(94.115769 -0.14771386 0)
(94.128885 -0.10678924 -1.2673765e-17)
(94.13409 -0.090507008 2.0106003e-22)
(94.151316 -0.078454331 1.1414394e-17)
(94.169839 -0.065157522 -1.0964494e-17)
(94.175963 -0.050559717 2.090987e-17)
(94.183363 -0.045762852 -9.9294066e-18)
(94.196086 -0.041495771 9.4846446e-18)
(94.169589 -1.0176846 2.0145341e-21)
(94.096861 -0.94936837 -2.7195223e-17)
(94.093372 -0.86219661 0)
(94.061229 -0.8754014 0)
(94.013218 -0.61919053 0)
(94.002459 -0.72205848 0)
(93.989101 -0.65484492 -2.0967616e-17)
(93.990287 -0.55666802 1.9991519e-17)
(93.992199 -0.48733526 0)
(93.994769 -0.43629174 0)
(93.999685 -0.37546939 0)
(94.006881 -0.33429387 0)
(94.021667 -0.29896356 0)
(94.048848 -0.28071854 0)
(94.063003 -0.23440876 0)
(94.065972 -0.19839912 1.4082468e-17)
(94.076831 -0.17634633 -1.3317696e-17)
(94.106795 -0.17664489 0)
(94.128275 -0.13938611 -1.2322743e-17)
(94.132491 -0.11653772 1.1696033e-17)
(94.146285 -0.10132233 0)
(94.171528 -0.084964102 1.0657065e-17)
(94.180428 -0.062381748 -1.0220599e-17)
(94.183351 -0.051953016 9.6924508e-18)
(94.19176 -0.048833302 -1.8424411e-17)
(94.204213 -0.043543478 8.8297052e-18)
(94.260951 -0.95494171 -2.567673e-17)
(94.164778 -0.895372 2.4899704e-17)
(94.149196 -0.7872162 0)
(94.134323 -0.75504996 0)
(94.080717 -0.72243988 0)
(94.066955 -0.60543827 0)
(94.05883 -0.57052766 0)
(94.044335 -0.5217732 0)
(94.043069 -0.45418665 1.8077296e-17)
(94.03908 -0.41513873 -6.3350836e-23)
(94.03992 -0.37605971 -1.611456e-17)
(94.046088 -0.34042481 0)
(94.061796 -0.30634121 -1.4938469e-17)
(94.075981 -0.28092601 1.3709933e-22)
(94.0827 -0.23307337 2.7371882e-17)
(94.094716 -0.19790386 -2.5971518e-17)
(94.12005 -0.2032837 2.4940177e-17)
(94.132706 -0.15609154 -1.1843682e-17)
(94.130979 -0.14728114 0)
(94.136711 -0.12987977 1.0724897e-17)
(94.160151 -0.10446927 -2.6103536e-22)
(94.179809 -0.085848854 -9.9361605e-18)
(94.184688 -0.068507784 0)
(94.191794 -0.05864843 -8.9881873e-18)
(94.202404 -0.053365739 8.5970571e-18)
(94.210085 -0.044826566 0)
(94.3197 -0.81554941 4.759986e-17)
(94.242512 -0.825863 0)
(94.189339 -0.72099709 0)
(94.184316 -0.68023569 0)
(94.156005 -0.66388949 3.9486981e-17)
(94.120204 -0.52344107 -3.8325813e-17)
(94.102946 -0.61267728 0)
(94.087107 -0.48612493 -3.534436e-17)
(94.08694 -0.44352556 3.3383887e-17)
(94.08537 -0.4227817 0)
(94.085722 -0.3539377 2.9796876e-17)
(94.089763 -0.33290765 -5.7394693e-17)
(94.098103 -0.30552139 2.7720817e-17)
(94.10597 -0.27198868 2.6562182e-17)
(94.115099 -0.24021309 -2.5322209e-17)
(94.128199 -0.21991739 -2.4209666e-17)
(94.140614 -0.17753105 2.2962468e-17)
(94.140092 -0.16415379 -2.1755082e-17)
(94.143803 -0.14790479 2.0860296e-17)
(94.157207 -0.13826229 -1.0032584e-17)
(94.173684 -0.11026225 9.6484008e-18)
(94.180751 -0.094248516 0)
(94.189741 -0.074910717 0)
(94.202569 -0.060305345 0)
(94.210803 -0.052994848 -8.0246581e-18)
(94.214567 -0.044200331 7.6557346e-18)
(94.384636 -0.70788548 4.6515261e-17)
(94.355942 -0.70900241 -4.4077417e-17)
(94.294576 -0.72639987 0)
(94.224616 -0.66117796 0)
(94.223921 -0.61053929 0)
(94.207508 -0.61221173 -3.6245072e-17)
(94.166376 -0.55138857 3.5559907e-17)
(94.163848 -0.48368811 -3.3893686e-17)
(94.152178 -0.48272746 3.1914812e-17)
(94.127205 -0.41963222 3.1063203e-17)
(94.123807 -0.389526 -2.9453975e-17)
(94.123915 -0.36289456 -2.7619737e-17)
(94.126154 -0.32275202 5.3331177e-17)
(94.128984 -0.29991061 -2.5625103e-17)
(94.136895 -0.2738913 0)
(94.148877 -0.25052109 0)
(94.152548 -0.19501137 0)
(94.151737 -0.17854094 0)
(94.156463 -0.16312311 0)
(94.170019 -0.1735622 0)
(94.180422 -0.12228888 0)
(94.180354 -0.10534341 -1.7641865e-17)
(94.184499 -0.096662632 3.3828435e-17)
(94.197712 -0.077822988 -2.6311446e-22)
(94.208582 -0.067034092 -3.1239613e-17)
(94.21487 -0.056347788 1.4910003e-17)
(94.220257 -0.044627758 0)
(94.429175 -0.64074567 -8.5585812e-17)
(94.400284 -0.60961456 8.1469001e-17)
(94.350491 -0.63968793 -3.8649632e-17)
(94.265241 -0.61284328 -3.758252e-17)
(94.249535 -0.54273855 3.6344638e-17)
(94.24435 -0.53331889 0)
(94.210731 -0.54770856 0)
(94.200172 -0.431984 0)
(94.197259 -0.42180988 0)
(94.173066 -0.40035977 0)
(94.157621 -0.3539693 0)
(94.168161 -0.3376684 -2.6025745e-17)
(94.171781 -0.33314882 4.9780469e-17)
(94.164979 -0.29932634 -2.3434161e-17)
(94.16647 -0.28094034 0)
(94.170039 -0.22849972 0)
(94.169301 -0.19988457 0)
(94.171854 -0.18049338 0)
(94.180812 -0.19888826 0)
(94.190316 -0.133715 0)
(94.189073 -0.1188245 1.7156679e-17)
(94.192148 -0.11808336 -1.6465975e-17)
(94.200373 -0.11033656 0)
(94.206376 -0.080254936 0)
(94.211161 -0.068555284 1.4488547e-17)
(94.219115 -0.05414909 -2.7655424e-17)
(94.484865 -0.6456167 0)
(94.439959 -0.57842791 3.9480469e-17)
(94.415592 -0.52567181 1.7650252e-21)
(94.385993 -0.55675628 -3.577074e-17)
(94.330476 -0.51994197 3.4434122e-17)
(94.293759 -0.4549547 1.3646598e-21)
(94.281303 -0.48899261 -3.1635506e-17)
(94.251456 -0.47922638 0)
(94.231258 -0.41666044 2.8640784e-17)
(94.235118 -0.39623888 -2.6999909e-17)
(94.228039 -0.34751058 0)
(94.203494 -0.44461941 2.5289564e-17)
(94.19065 -0.32424499 -2.4065059e-17)
(94.191243 -0.28255729 2.2708404e-17)
(94.190665 -0.29007448 -2.1737614e-17)
(94.192051 -0.25091561 0)
(94.190408 -0.21753972 0)
(94.190695 -0.19470655 1.9075587e-17)
(94.193776 -0.19404302 -1.836207e-17)
(94.199465 -0.16123003 1.782328e-17)
(94.199626 -0.1435369 -3.3891943e-17)
(94.20181 -0.13743393 1.6001759e-17)
(94.212685 -0.11826599 0)
(94.214654 -0.089585536 0)
(94.213735 -0.077986266 0)
(94.218851 -0.072829191 1.3384546e-17)
(94.229326 -0.060212721 -7.6193003e-23)
(94.495111 -0.53703298 0)
(94.452071 -0.50885973 0)
(94.422178 -0.47872188 0)
(94.396802 -0.49301857 0)
(94.355845 -0.48103075 0)
(94.329612 -0.43374485 0)
(94.318743 -0.41293792 0)
(94.290043 -0.42075255 0)
(94.260806 -0.36838385 2.6435199e-17)
(94.261132 -0.36043437 -2.4999e-17)
(94.259883 -0.34027482 0)
(94.251691 -0.33847254 0)
(94.234582 -0.28087738 -2.2431095e-17)
(94.220951 -0.26094942 2.156352e-17)
(94.208648 -0.34860979 0)
(94.207449 -0.221886 1.9643074e-17)
(94.212187 -0.2124698 -1.8485433e-17)
(94.211758 -0.19816437 -1.7825414e-17)
(94.211092 -0.17990656 3.410952e-17)
(94.21486 -0.17807984 -1.6312098e-17)
(94.220849 -0.14330153 0)
(94.220021 -0.13568853 0)
(94.217377 -0.1061739 0)
(94.2183 -0.094084358 0)
(94.224879 -0.089844966 -1.3073039e-17)
(94.234574 -0.07293541 1.2591799e-17)
(94.238086 -0.055012507 1.2069409e-17)
(94.492669 -0.42152976 0)
(94.462643 -0.46543806 0)
(94.438034 -0.39650089 6.4230329e-17)
(94.416308 -0.41268984 -6.1266936e-17)
(94.383679 -0.45747243 0)
(94.357649 -0.34509041 -5.6747643e-17)
(94.342934 -0.39958499 5.4014705e-17)
(94.315065 -0.39591414 -5.1607719e-17)
(94.291672 -0.32475481 4.8986018e-17)
(94.293947 -0.33452075 0)
(94.287297 -0.34721647 0)
(94.272806 -0.28863631 4.3352878e-17)
(94.256929 -0.32978725 -4.1845984e-17)
(94.249359 -0.25152228 0)
(94.246692 -0.23658644 0)
(94.235098 -0.26270292 0)
(94.232588 -0.18257021 0)
(94.23576 -0.17890038 0)
(94.233311 -0.20818666 0)
(94.229561 -0.15945813 -3.0328654e-17)
(94.229695 -0.13034917 5.7680911e-17)
(94.226918 -0.12029883 -2.793146e-17)
(94.226031 -0.1034671 0)
(94.231254 -0.10479385 0)
(94.239541 -0.079975749 0)
(94.240509 -0.06229597 0)
(94.241663 -0.061582697 -1.1146648e-17)
(94.487646 -0.37767988 6.425141e-17)
(94.461758 -0.38932554 -6.1643576e-17)
(94.439007 -0.35835251 5.9287303e-17)
(94.421317 -0.38379012 0)
(94.400012 -0.35769903 0)
(94.37648 -0.3733868 0)
(94.36444 -0.31701509 -5.0059348e-17)
(94.347063 -0.35381544 4.7597234e-17)
(94.317274 -0.30418161 0)
(94.313307 -0.28726724 4.4449511e-17)
(94.310175 -0.29360195 -4.1840546e-17)
(94.295329 -0.25154496 0)
(94.285506 -0.25845782 3.871564e-17)
(94.273605 -0.2619787 -3.6958923e-17)
(94.2596 -0.23828846 3.5658834e-17)
(94.25632 -0.20717543 2.8050275e-22)
(94.252186 -0.20900784 1.4100445e-22)
(94.250576 -0.17784159 7.9737345e-23)
(94.250749 -0.16305498 -2.9258899e-17)
(94.245929 -0.16525357 0)
(94.23717 -0.12809022 0)
(94.237466 -0.11980304 2.5725776e-17)
(94.24074 -0.12050616 -4.9568341e-17)
(94.245137 -0.089855584 2.394413e-17)
(94.246357 -0.076701422 2.2905933e-17)
(94.24775 -0.072687057 4.3278315e-23)
(94.250985 -0.064765845 -2.0818905e-17)
(94.488392 -0.30442139 -1.1835915e-16)
(94.469071 -0.31571365 5.673165e-17)
(94.449931 -0.31654816 0)
(94.431936 -0.30775316 0)
(94.410997 -0.33555759 0)
(94.390734 -0.29889315 4.8241477e-17)
(94.374553 -0.30050957 1.0244571e-21)
(94.359003 -0.30661909 8.7496646e-22)
(94.341904 -0.26761902 -8.5087187e-17)
(94.329634 -0.29342212 4.0871595e-17)
(94.320254 -0.23607189 3.8918461e-17)
(94.299785 -0.33291124 -7.4883514e-17)
(94.291757 -0.2148105 7.1228397e-17)
(94.294383 -0.20994284 -1.279511e-22)
(94.2874 -0.22181356 -3.2490848e-17)
(94.275908 -0.20524576 -3.1747869e-17)
(94.27571 -0.17836858 3.0208569e-17)
(94.271474 -0.17750625 0)
(94.259757 -0.17722748 0)
(94.253676 -0.13148097 0)
(94.252192 -0.12360562 0)
(94.252606 -0.11830037 0)
(94.253822 -0.097852088 0)
(94.25317 -0.085647682 0)
(94.254798 -0.078362427 0)
(94.258603 -0.067622806 0)
(94.260576 -0.060902433 0)
(94.477804 -0.27512062 -5.4515529e-17)
(94.464262 -0.28112377 0)
(94.450623 -0.27960019 0)
(94.436548 -0.26816807 0)
(94.419661 -0.28625247 4.6235622e-17)
(94.401591 -0.25626684 -4.4510648e-17)
(94.38661 -0.25684954 -4.2737154e-17)
(94.371393 -0.26776142 -6.4687177e-22)
(94.356938 -0.24056337 7.870874e-17)
(94.344455 -0.25783356 -3.7780372e-17)
(94.33404 -0.2379136 0)
(94.322233 -0.21380942 0)
(94.301386 -0.22150761 3.3343517e-17)
(94.29469 -0.19931632 -3.1705411e-17)
(94.296965 -0.19642599 2.9923182e-17)
(94.29119 -0.20531322 -2.8973837e-17)
(94.28453 -0.16731819 0)
(94.283853 -0.1539383 0)
(94.276082 -0.14995048 2.5545427e-17)
(94.266358 -0.12296531 2.3108194e-22)
(94.268207 -0.11588454 1.3105534e-22)
(94.267127 -0.11712658 -2.2366208e-17)
(94.263683 -0.095026274 0)
(94.264395 -0.087157627 0)
(94.266521 -0.082391388 1.9819486e-17)
(94.267947 -0.069014496 -1.9084352e-17)
(94.467483 -0.23644148 -2.0063292e-16)
(94.455949 -0.23524019 9.6282207e-17)
(94.443796 -0.23817753 0)
(94.431387 -0.22601557 0)
(94.417986 -0.23447457 0)
(94.404003 -0.21937264 8.2190139e-17)
(94.391726 -0.21921552 1.0763978e-21)
(94.378471 -0.24085122 -1.5143491e-16)
(94.365472 -0.21516114 7.2804411e-17)
(94.354143 -0.22785269 0)
(94.341003 -0.21558692 0)
(94.329606 -0.19308576 0)
(94.317929 -0.21034009 0)
(94.305246 -0.19731215 0)
(94.305367 -0.18223071 0)
(94.302188 -0.18027501 0)
(94.291067 -0.16777956 0)
(94.288568 -0.13388352 5.0285088e-17)
(94.285821 -0.13723335 -4.7741008e-17)
(94.278918 -0.11737146 0)
(94.27969 -0.10730674 0)
(94.27979 -0.10322403 -2.108588e-17)
(94.275441 -0.088311532 2.0155558e-17)
(94.274519 -0.081288359 0)
(94.275344 -0.071121337 1.8409708e-17)
(94.276189 -0.065945406 -1.7713022e-17)
(94.457311 -0.20726101 0)
(94.447 -0.20567903 0)
(94.436033 -0.20647667 0)
(94.424612 -0.19487495 0)
(94.412484 -0.2044985 7.8837065e-17)
(94.39993 -0.19819361 -7.5881193e-17)
(94.38871 -0.20148297 0)
(94.377045 -0.20678736 0)
(94.36522 -0.2006046 0)
(94.35668 -0.17875597 0)
(94.347458 -0.20765277 0)
(94.339432 -0.15837487 0)
(94.331872 -0.18491269 -5.707964e-17)
(94.31943 -0.1849052 5.4813511e-17)
(94.308359 -0.17073535 0)
(94.305667 -0.14660468 -5.0750065e-17)
(94.301057 -0.13882572 4.8460236e-17)
(94.297407 -0.1224721 0)
(94.297287 -0.11376781 0)
(94.294137 -0.11516781 4.2380942e-17)
(94.288328 -0.10430962 -4.1196253e-17)
(94.287518 -0.092645976 -3.9704655e-17)
(94.287206 -0.084413353 3.7715552e-17)
(94.286359 -0.078904174 0)
(94.285107 -0.075013674 0)
(94.285039 -0.070543689 0)
(94.442179 -0.17362377 0)
(94.43369 -0.16865783 -8.1647796e-17)
(94.425069 -0.16697733 7.8549815e-17)
(94.416149 -0.16045437 0)
(94.406681 -0.16905847 7.2689222e-17)
(94.396406 -0.16586966 -6.9962287e-17)
(94.386198 -0.16941048 6.7296373e-17)
(94.375191 -0.17665924 -6.4691948e-17)
(94.363701 -0.17293406 -6.2362893e-17)
(94.355331 -0.17185666 6.0031284e-17)
(94.348469 -0.17606385 0)
(94.342478 -0.15982954 -5.5281775e-17)
(94.336192 -0.16321155 5.2898713e-17)
(94.324886 -0.17700466 0)
(94.314356 -0.12539425 -4.94942e-17)
(94.314248 -0.12994909 4.7021223e-17)
(94.311572 -0.12886869 0)
(94.309005 -0.11381925 0)
(94.309423 -0.1081237 4.0844077e-17)
(94.30715 -0.1051502 4.741182e-23)
(94.301905 -0.091594515 1.5685687e-22)
(94.29802 -0.093787934 -3.6833181e-17)
(94.295579 -0.080420582 -3.5520594e-17)
(94.295434 -0.072121651 -1.6459885e-22)
(94.296111 -0.066912163 3.2280045e-17)
(94.428961 -0.13975888 -7.8093357e-17)
(94.42219 -0.14330718 0)
(94.415751 -0.14400032 0)
(94.409531 -0.14915401 0)
(94.403306 -0.14391378 0)
(94.396366 -0.15406477 0)
(94.38913 -0.14168087 0)
(94.381411 -0.15298075 0)
(94.372548 -0.15041512 0)
(94.363763 -0.14195976 -5.5372465e-17)
(94.354275 -0.15952055 5.3254175e-17)
(94.344786 -0.13582879 5.1361229e-17)
(94.338573 -0.12972759 -4.9283899e-17)
(94.330007 -0.13348227 0)
(94.318971 -0.12015442 0)
(94.318995 -0.11807579 4.284595e-17)
(94.317298 -0.11976463 -8.2761367e-17)
(94.311411 -0.11189116 -3.6039834e-22)
(94.310252 -0.097660037 3.8636245e-17)
(94.310517 -0.096493647 -3.6573979e-17)
(94.309428 -0.088188396 3.5443282e-17)
(94.30842 -0.077935937 0)
(94.3075 -0.073446873 -3.282324e-17)
(94.305353 -0.069164543 6.3031267e-17)
(94.30351 -0.072900467 -3.0107443e-17)
(94.412725 -0.12435274 7.1686357e-17)
(94.407897 -0.12312494 0)
(94.402858 -0.12375931 0)
(94.397807 -0.11880176 0)
(94.39246 -0.12300655 0)
(94.38677 -0.119368 -5.9528546e-17)
(94.380428 -0.12202174 5.7367583e-17)
(94.373896 -0.12616089 -5.5253099e-17)
(94.366517 -0.11885043 1.0652565e-16)
(94.359945 -0.12424452 -5.1381362e-17)
(94.354517 -0.11181366 4.9247977e-17)
(94.344665 -0.11435326 -4.750504e-17)
(94.338971 -0.10969606 -4.6193601e-17)
(94.337756 -0.11597802 -2.6109258e-22)
(94.331614 -0.1141336 4.2083155e-17)
(94.327243 -0.10527215 0)
(94.327694 -0.10069179 0)
(94.325969 -0.10013097 -3.7064828e-17)
(94.320526 -0.10041531 3.6099191e-17)
(94.318174 -0.089727898 0)
(94.31932 -0.087136514 0)
(94.318632 -0.084455963 0)
(94.315313 -0.081603254 0)
(94.314075 -0.065372739 2.9440803e-17)
(94.314225 -0.064053577 -3.9464924e-23)
(94.401789 -0.096343109 1.3158741e-16)
(94.397252 -0.10015684 -1.2687722e-16)
(94.392662 -0.099296134 0)
(94.387994 -0.10763944 0)
(94.383197 -0.10193805 1.1395917e-16)
(94.378283 -0.11658283 -1.0993036e-16)
(94.373356 -0.095241891 0)
(94.368545 -0.12427156 0)
(94.363154 -0.068314949 -9.8325991e-17)
(94.356437 -0.15786857 1.9038006e-16)
(94.353003 -0.028422361 -9.164458e-17)
(94.348051 -0.17578863 0)
(94.33775 -0.080832308 0)
(94.335864 -0.094624504 0)
(94.336365 -0.10651738 -7.7010639e-17)
(94.331382 -0.10633004 -5.2566053e-22)
(94.328731 -0.10159922 7.2382013e-17)
(94.331002 -0.093655718 0)
(94.330908 -0.084536854 0)
(94.326695 -0.10079077 0)
(94.322354 -0.074049498 0)
(94.324116 -0.067338939 -5.8994867e-17)
(94.323219 -0.065212492 -1.6327524e-23)
(94.318554 -0.066751987 5.5361436e-17)
(94.395282 -0.091026304 -5.9748118e-22)
(94.390877 -0.090991605 1.1658938e-16)
(94.386594 -0.093739545 0)
(94.382411 -0.090033394 0)
(94.378281 -0.089603012 1.0500933e-16)
(94.374066 -0.085769909 -1.0142363e-16)
(94.37013 -0.082905036 0)
(94.365876 -0.082975557 9.4467934e-17)
(94.362057 -0.085317935 -9.1162468e-17)
(94.358038 -0.082801532 0)
(94.353878 -0.093002747 -8.500153e-17)
(94.351349 -0.089599161 8.1589275e-17)
(94.345646 -0.099504845 0)
(94.338295 -0.087715947 0)
(94.337766 -0.096077078 7.3614313e-17)
(94.33683 -0.098093785 -6.9841097e-17)
(94.33288 -0.10371607 -6.7398653e-17)
(94.327315 -0.096266342 -3.0268077e-22)
(94.326414 -0.089397676 1.2646292e-16)
(94.324884 -0.090031396 2.3257789e-22)
(94.321258 -0.075552536 -5.7650572e-17)
(94.322516 -0.071012793 5.5496813e-17)
(94.325655 -0.064608588 -5.3415922e-17)
(94.324651 -0.06345561 5.1446486e-17)
(94.383925 -0.062277047 0)
(94.379992 -0.06388573 1.0698077e-16)
(94.376097 -0.063155893 5.4160452e-22)
(94.372315 -0.06623471 -1.0012827e-16)
(94.368857 -0.066859149 0)
(94.3657 -0.073405914 9.3623043e-17)
(94.362965 -0.073210602 -9.0571153e-17)
(94.360857 -0.07994302 8.740027e-17)
(94.358743 -0.081874378 3.8273711e-22)
(94.356327 -0.084591867 -1.6270815e-16)
(94.354124 -0.090953636 1.5711574e-16)
(94.351705 -0.086091032 -7.5662567e-17)
(94.348511 -0.096309121 7.3237014e-17)
(94.346412 -0.085406773 -7.0661401e-17)
(94.343702 -0.089023244 0)
(94.337177 -0.10340806 -6.5634445e-17)
(94.333902 -0.072746533 -2.8866796e-22)
(94.333607 -0.07723314 1.2219029e-16)
(94.331559 -0.073170652 3.2151252e-22)
(94.330552 -0.063474955 -5.6790225e-17)
(94.329151 -0.073079392 0)
(94.325105 -0.068437604 0)
(94.324403 -0.054691915 0)
(94.3791 -0.058995225 3.9457739e-22)
(94.377281 -0.061634355 -9.8113301e-17)
(94.375433 -0.065129555 0)
(94.373527 -0.069803438 -9.1969142e-17)
(94.371672 -0.073440205 1.7825337e-16)
(94.37007 -0.074453634 -1.7230293e-16)
(94.3683 -0.078790952 8.3090878e-17)
(94.365964 -0.080407599 0)
(94.363104 -0.079350166 -7.7702546e-17)
(94.359529 -0.087663137 7.5148355e-17)
(94.355349 -0.083043752 0)
(94.351883 -0.079607821 7.0474178e-17)
(94.348708 -0.08859656 -1.3585968e-16)
(94.344825 -0.083610269 6.5866128e-17)
(94.343089 -0.072311625 -6.3543869e-17)
(94.340595 -0.069750925 1.2170233e-16)
(94.334775 -0.098058477 -5.9044189e-17)
(94.331748 -0.046990265 0)
(94.328964 -0.11229686 0)
(94.328191 -0.070567401 -5.287325e-17)
(94.329888 -0.061548997 5.0313727e-17)
(94.329669 -0.055749268 4.864749e-17)
(94.374733 -0.050800834 -1.8573773e-16)
(94.373353 -0.052710343 0)
(94.371929 -0.055654043 -1.7429983e-16)
(94.370446 -0.057702449 3.3776384e-16)
(94.368862 -0.058228983 6.6028674e-22)
(94.366954 -0.061701892 6.0098165e-22)
(94.36493 -0.061076095 -3.074764e-16)
(94.363106 -0.059257221 1.4878678e-16)
(94.36101 -0.060164766 1.4379847e-16)
(94.358558 -0.057443588 -1.3911341e-16)
(94.355475 -0.053785511 0)
(94.350905 -0.067947496 0)
(94.346823 -0.059895571 0)
(94.34469 -0.053939226 0)
(94.341045 -0.061509598 0)
(94.336142 -0.070285983 0)
(94.335458 -0.057084956 0)
(94.335285 -0.054837725 0)
(94.333389 -0.054726485 0)
(94.32772 -0.049366209 0)
(94.326095 -0.042438989 0)
(94.326935 -0.041930084 -4.5896667e-17)
(94.372761 -0.055420578 1.6963622e-16)
(94.37122 -0.059210444 -1.6446904e-16)
(94.36948 -0.06156065 -1.5980305e-16)
(94.367708 -0.061832071 -4.7202116e-22)
(94.365983 -0.062308307 -4.5351674e-22)
(94.364274 -0.05944688 2.920783e-16)
(94.362453 -0.058270788 3.1021104e-22)
(94.360565 -0.055624418 -1.3730956e-16)
(94.358564 -0.056436637 1.3300189e-16)
(94.3562 -0.05623536 2.266071e-22)
(94.353904 -0.058201633 2.2913617e-22)
(94.351603 -0.058898728 -1.2102769e-16)
(94.3487 -0.061427049 -1.1750588e-16)
(94.346736 -0.052809927 -2.3993325e-22)
(94.344913 -0.066446279 -1.8153193e-22)
(94.341224 -0.056486284 1.0621877e-16)
(94.337762 -0.05470975 -1.0413621e-16)
(94.337596 -0.05555467 2.0005013e-16)
(94.336852 -0.054541042 -9.5617969e-17)
(94.335337 -0.053754503 0)
(94.334846 -0.05698343 0)
(94.360139 -0.034108986 0)
(94.358278 -0.032392454 -1.5132911e-16)
(94.356824 -0.031943459 1.4701983e-16)
(94.355478 -0.030374734 0)
(94.354071 -0.031091596 0)
(94.353042 -0.028063918 0)
(94.352511 -0.030579504 -1.3126904e-16)
(94.352029 -0.030088651 2.5364479e-16)
(94.351503 -0.030686608 -2.4588634e-16)
(94.350905 -0.030358234 -5.1365119e-23)
(94.350009 -0.031933725 2.3078615e-16)
(94.348675 -0.031932521 -1.1197586e-16)
(94.34668 -0.03293459 0)
(94.343955 -0.038726438 0)
(94.34375 -0.032452765 0)
(94.344169 -0.032252825 0)
(94.343952 -0.032715855 0)
(94.343318 -0.032820971 9.2645155e-17)
(94.341924 -0.036919285 -9.0335718e-17)
(94.340837 -0.039643397 8.8227847e-17)
(94.364489 -0.045568357 -1.3825098e-16)
(94.363655 -0.047399877 1.3655137e-16)
(94.362571 -0.049904221 -2.6825696e-16)
(94.36156 -0.051390315 1.1979956e-23)
(94.360839 -0.052157356 1.2792696e-16)
(94.360379 -0.051463038 -1.2416022e-16)
(94.359942 -0.051587305 1.2014725e-16)
(94.359366 -0.05100541 0)
(94.358671 -0.050980892 -1.1355153e-16)
(94.357883 -0.052600286 1.1051675e-16)
(94.357086 -0.052595426 0)
(94.356257 -0.052862701 0)
(94.355216 -0.05389654 0)
(94.354022 -0.051701507 0)
(94.353129 -0.049356489 0)
(94.35242 -0.052774891 0)
(94.351523 -0.054644064 0)
(94.350573 -0.056584665 0)
(94.349545 -0.057789905 -8.4889589e-17)
(94.359825 -0.016885529 -1.2948089e-16)
(94.359082 -0.017663186 1.2610457e-16)
(94.358289 -0.018695688 -1.229229e-16)
(94.357504 -0.019619589 -1.2068105e-16)
(94.357204 -0.019252804 2.3544461e-16)
(94.356961 -0.018904008 -1.1338042e-16)
(94.356473 -0.018278888 1.1005773e-16)
(94.355778 -0.017371908 -1.6795034e-22)
(94.355092 -0.01699355 -1.0527988e-16)
(94.354521 -0.015426994 0)
(94.353933 -0.015001879 9.9501298e-17)
(94.353189 -0.015063554 -9.6791558e-17)
(94.352319 -0.01499196 -9.4277821e-17)
(94.351341 -0.016397977 9.1784275e-17)
(94.35028 -0.018570944 0)
(94.349169 -0.021835677 -8.6915025e-17)
(94.347974 -0.024417411 -3.5785223e-25)
(94.35894 -0.054785547 -2.301072e-16)
(94.358455 -0.054112335 0)
(94.357592 -0.053962831 2.2380814e-16)
(94.356633 -0.051899145 -2.1926526e-16)
(94.35558 -0.051754997 2.1389591e-16)
(94.354315 -0.050324767 -2.0886373e-16)
(94.353017 -0.049230783 0)
(94.351808 -0.049650369 0)
(94.350588 -0.049969513 0)
(94.349412 -0.050635696 -1.898003e-16)
(94.348436 -0.051441892 1.8539842e-16)
(94.347698 -0.052207516 0)
(94.347151 -0.052982815 0)
(94.346707 -0.054152907 0)
(94.346277 -0.055464791 0)
(94.345794 -0.056464875 1.6260336e-16)
(94.36035 0.0049637345 2.1709577e-16)
(94.360453 0.0033797247 -2.0838294e-16)
(94.360003 0.0037464405 2.0136372e-16)
(94.358953 0.0050356277 2.0170121e-16)
(94.358687 0.003717887 -1.97948e-16)
(94.358363 0.0031360288 0)
(94.357464 0.0023941218 0)
(94.356163 0.00099523355 0)
(94.354769 -0.00076939809 0)
(94.353408 -0.0025478085 0)
(94.352072 -0.0042481916 0)
(94.35068 -0.0066885809 0)
(94.349223 -0.007992678 0)
(94.34774 -0.010916644 0)
(94.401285 -0.06406305 1.0141624e-22)
(94.402481 -0.055415852 1.9202961e-16)
(94.4034 -0.058768015 0)
(94.403782 -0.053871471 -1.852596e-16)
(94.404097 -0.052894427 1.8015049e-16)
(94.404479 -0.052290191 0)
(94.404459 -0.052209518 0)
(94.404429 -0.051657409 0)
(94.404466 -0.05141516 0)
(94.404418 -0.051122587 1.5891852e-16)
(94.404239 -0.051228344 1.1619976e-22)
(94.403897 -0.05064964 -3.0920211e-16)
)
;

boundaryField
{
    Side
    {
        type            empty;
    }
    Inlet
    {
        type            freestreamVelocity;
        freestreamValue uniform (94.3 0 0);
        value           nonuniform List<vector> 
32
(
(94.350039 -0.030973562 5.0806699e-20)
(94.349475 -0.034455743 -1.0037123e-16)
(94.349035 -0.033733883 0)
(94.348712 -0.035681513 9.2790236e-17)
(94.348526 -0.035167175 -8.8883373e-17)
(94.348462 -0.035389833 -8.6825705e-17)
(94.348478 -0.034899681 2.0652584e-20)
(94.348589 -0.033740827 8.0901028e-17)
(94.348882 -0.032451341 -7.7261274e-17)
(94.349339 -0.030728126 7.3772005e-17)
(94.34971 -0.02895961 -7.0269474e-17)
(94.349892 -0.027629932 6.821218e-17)
(94.349828 -0.024707918 0)
(94.349671 -0.02322175 -7.7152227e-21)
(94.349504 -0.020748609 -6.0136024e-17)
(94.349458 -0.018514528 5.8054741e-17)
(94.349749 -0.014590979 0)
(94.350022 -0.010735501 -2.7237798e-17)
(94.350554 -0.0096540823 2.6108649e-17)
(94.351792 -0.0091347949 -1.5222256e-21)
(94.350625 -0.032020654 5.0690912e-23)
(94.351226 -0.027699791 9.5986616e-17)
(94.351684 -0.029374859 0)
(94.351876 -0.026928048 -9.2603362e-17)
(94.352034 -0.026439802 9.0050003e-17)
(94.352225 -0.026137853 0)
(94.352215 -0.026097538 0)
(94.3522 -0.025821636 0)
(94.352219 -0.025700577 0)
(94.352195 -0.02555437 7.9437738e-17)
(94.352106 -0.02560722 5.8084114e-23)
(94.351935 -0.025318024 -1.5455957e-16)
)
;
    }
    Airfoil
    {
        type            noSlip;
    }
    Outlet
    {
        type            inletOutlet;
        inletValue      nonuniform List<vector> 0();
        value           nonuniform List<vector> 0();
    }
    procBoundary9to2
    {
        type            processor;
        value           nonuniform List<vector> 
23
(
(89.591153 0.032417082 -1.2681925e-18)
(89.366401 0.036095404 1.3311935e-18)
(89.130746 0.03641303 0)
(88.889173 0.023993869 0)
(88.624681 0.01823619 -1.5411306e-18)
(88.342199 0.017202052 1.6174059e-18)
(88.077773 0.015248795 0)
(87.839815 0.03384681 0)
(87.593629 0.068435389 -1.8758105e-18)
(87.303038 0.078929834 1.9688161e-18)
(86.971479 0.068868886 -2.0666805e-18)
(86.629448 0.049971143 2.1705996e-18)
(86.281215 0.04273531 2.2811631e-18)
(85.896749 0.075240481 -2.3952805e-18)
(85.437202 0.12587206 2.5116999e-18)
(84.936216 0.13171224 -2.6333515e-18)
(84.514367 0.098495289 2.7713617e-18)
(84.173488 0.1493395 -2.920696e-18)
(83.730389 0.24022165 3.0663822e-18)
(82.996314 0.17915955 -3.2059121e-18)
(82.177987 0.039100154 0)
(81.547471 0.076663434 0)
(81.045846 0.34882831 0)
)
;
    }
    procBoundary9to8
    {
        type            processor;
        value           nonuniform List<vector> 
75
(
(94.536025 -0.61245801 3.5086007e-17)
(94.536025 -0.61245801 3.5086007e-17)
(94.570293 -0.52264847 0)
(94.553205 -0.43135897 6.4632564e-17)
(94.553205 -0.43135897 6.4632564e-17)
(94.568161 -0.37966806 -1.9389034e-18)
(94.568161 -0.37966806 -1.9389034e-18)
(94.565621 -0.3214566 -1.8414565e-18)
(94.565621 -0.3214566 -1.8414565e-18)
(94.554463 -0.2564122 5.7097476e-17)
(94.530099 -0.22440979 5.0744393e-17)
(94.530099 -0.22440979 5.0744393e-17)
(94.519817 -0.17982733 0)
(94.519817 -0.17982733 0)
(94.50767 -0.13486246 8.6238141e-17)
(94.50767 -0.13486246 8.6238141e-17)
(94.485199 -0.11876145 -7.8633732e-17)
(94.485199 -0.11876145 -7.8633732e-17)
(94.49067 -0.11081846 7.8423474e-17)
(94.477568 -0.086413832 -4.6558389e-22)
(94.477568 -0.086413832 -4.6558389e-22)
(94.457176 -0.057576102 1.2679631e-16)
(94.457176 -0.057576102 1.2679631e-16)
(94.436525 -0.042776263 1.1248963e-16)
(94.436525 -0.042776263 1.1248963e-16)
(94.423103 -0.036236206 3.8626579e-19)
(94.423103 -0.036236206 3.8626579e-19)
(94.412655 -0.038736066 0)
(94.412655 -0.038736066 0)
(94.406144 -0.029995635 7.3217139e-17)
(94.406144 -0.029995635 7.3217139e-17)
(94.38849 -0.020981662 -6.3673376e-17)
(94.38849 -0.020981662 -6.3673376e-17)
(94.376623 -0.0083001 -1.615768e-19)
(94.376623 -0.0083001 -1.615768e-19)
(94.374255 -0.033284702 -9.3821676e-17)
(94.374255 -0.033284702 -9.3821676e-17)
(94.367406 -0.0098835865 -7.7913588e-17)
(94.367406 -0.0098835865 -7.7913588e-17)
(94.360662 -0.045181015 1.3151165e-16)
(94.360662 -0.045181015 1.3151165e-16)
(94.367179 -0.0039979932 5.4478193e-17)
(94.406606 -0.015946093 -1.4535783e-21)
(80.04299 -0.29548363 -3.9166689e-18)
(89.304382 -0.39153789 7.2604406e-18)
(91.721422 -0.5291411 6.7361656e-18)
(92.301005 -0.82045264 0)
(92.46186 -0.58411332 1.6741802e-21)
(92.544638 -0.91506209 -3.0196085e-21)
(92.659374 -0.85715619 0)
(92.756826 -0.96721107 -8.9089729e-18)
(92.756826 -0.96721107 -8.9089729e-18)
(92.411423 -0.86262025 -3.3659339e-21)
(92.542794 -1.0717039 -8.0920526e-18)
(92.673957 -1.1242266 0)
(92.838091 -1.3145375 0)
(93.038363 -1.2393919 1.2901946e-17)
(93.166972 -1.1943722 0)
(93.166972 -1.1943722 0)
(93.26567 -1.3499098 0)
(93.337108 -1.5128813 2.0986433e-17)
(93.491266 -1.2384412 -1.9581258e-17)
(93.63361 -1.1716687 0)
(93.63361 -1.1716687 0)
(93.88864 -1.2497653 -1.709627e-17)
(93.979313 -1.1657027 0)
(94.047848 -1.0966971 0)
(94.047848 -1.0966971 0)
(94.260954 -1.0407842 -2.9247105e-17)
(94.315181 -0.86186328 2.7153028e-17)
(94.355007 -0.78951505 5.0330223e-17)
(94.355007 -0.78951505 5.0330223e-17)
(94.442192 -0.84272122 0)
(94.480784 -0.73424313 -4.4427397e-17)
(94.480784 -0.73424313 -4.4427397e-17)
)
;
    }
    procBoundary9to10
    {
        type            processor;
        value           nonuniform List<vector> 
66
(
(89.739211 0.0056674417 0)
(90.687645 -0.0061033825 0)
(92.05546 -0.011969174 0)
(93.160235 -0.0094281435 0)
(93.770341 -0.0066581725 0)
(94.044744 -0.0046261935 -1.6342404e-18)
(94.162551 -0.0061398297 1.522042e-18)
(94.208655 -0.0065557349 2.8477924e-18)
(94.221118 -0.0079246708 0)
(94.21743 -0.010242943 -2.4459914e-18)
(94.206817 -0.01195462 0)
(94.18679 -0.013732306 -2.2060517e-18)
(94.18679 -0.013732306 -2.2060517e-18)
(94.179322 -0.015569427 4.100505e-18)
(94.171379 -0.016980733 0)
(94.164458 -0.018424892 0)
(94.160871 -0.020097721 6.5558445e-18)
(94.162705 -0.022073809 -6.0835889e-18)
(94.170918 -0.024352593 0)
(94.183848 -0.026941195 -5.2457971e-18)
(94.197296 -0.029207567 0)
(94.206252 -0.031322235 0)
(94.211001 -0.032660671 0)
(94.213511 -0.034694986 7.8421551e-18)
(94.217294 -0.035919355 7.2803531e-18)
(94.225251 -0.038096349 6.7782012e-18)
(94.22727 -0.047372602 -1.3232121e-17)
(94.22727 -0.047372602 -1.3232121e-17)
(94.234437 -0.050200353 1.2346761e-17)
(94.239822 -0.052387225 0)
(94.246077 -0.05499286 1.0660619e-17)
(94.254675 -0.054312102 -1.9949686e-17)
(94.262169 -0.056797317 0)
(94.268507 -0.063700568 0)
(94.268507 -0.063700568 0)
(94.277897 -0.060577553 0)
(94.286577 -0.070146465 -1.5781474e-17)
(94.296347 -0.066002139 0)
(94.296347 -0.066002139 0)
(94.303705 -0.063936664 0)
(94.312384 -0.060350593 2.7009964e-17)
(94.317359 -0.057488617 0)
(94.317359 -0.057488617 0)
(94.322729 -0.054186138 -1.4162018e-22)
(94.323867 -0.052019385 0)
(94.323867 -0.052019385 0)
(94.327874 -0.046470738 -4.7320856e-17)
(94.327874 -0.046470738 -4.7320856e-17)
(94.328328 -0.040974227 5.3458295e-23)
(94.335192 -0.05793595 8.6152117e-17)
(94.335192 -0.05793595 8.6152117e-17)
(94.340472 -0.039420872 8.4934599e-17)
(94.340472 -0.039420872 8.4934599e-17)
(94.34818 -0.058526547 -8.248659e-17)
(94.346829 -0.027232104 4.5928747e-24)
(94.34818 -0.058526547 -8.248659e-17)
(94.346057 -0.026717228 1.7395467e-23)
(94.346829 -0.027232104 4.5928747e-24)
(94.345237 -0.058495306 -2.7244432e-22)
(94.346192 -0.012747001 -1.5615492e-16)
(94.345237 -0.058495306 -2.7244432e-22)
(94.344575 -0.016551096 1.5270156e-16)
(94.40336 -0.051666264 0)
(94.346192 -0.012747001 -1.5615492e-16)
(94.402574 -0.052284957 0)
(94.40336 -0.051666264 0)
)
;
    }
}


// ************************************************************************* //
