/*--------------------------------*- C++ -*----------------------------------*\
| =========                 |                                                 |
| \\      /  F ield         | OpenFOAM: The Open Source CFD Toolbox           |
|  \\    /   O peration     | Version:  2506                                  |
|   \\  /    A nd           | Website:  www.openfoam.com                      |
|    \\/     M anipulation  |                                                 |
\*---------------------------------------------------------------------------*/
FoamFile
{
    version     2.0;
    format      ascii;
    arch        "LSB;label=32;scalar=64";
    class       volScalarField;
    location    "0.00032";
    object      Co;
}
// * * * * * * * * * * * * * * * * * * * * * * * * * * * * * * * * * * * * * //

dimensions      [0 0 0 0 0 0 0];

internalField   nonuniform List<scalar> 
3469
(
5.0855746e-06
4.8311003e-06
4.5823471e-06
7.7837523e-06
7.5149003e-06
7.2435563e-06
6.9705718e-06
6.6968238e-06
6.423203e-06
6.1506003e-06
5.8798955e-06
5.611947e-06
5.3475788e-06
5.0875718e-06
4.8326632e-06
4.5835212e-06
8.5790707e-06
8.3214659e-06
8.0590861e-06
7.7926511e-06
7.5229355e-06
7.2507595e-06
6.9769781e-06
6.7024724e-06
6.4281342e-06
6.1548569e-06
5.8835237e-06
5.6149926e-06
5.3500883e-06
5.0895916e-06
4.8342389e-06
4.5846998e-06
9.0912303e-06
8.844101e-06
8.5909591e-06
8.332399e-06
8.0690826e-06
7.801735e-06
7.5311343e-06
7.2581053e-06
6.9835078e-06
6.7082246e-06
6.4331526e-06
6.1591865e-06
5.8872096e-06
5.6180825e-06
5.3526302e-06
5.0916337e-06
4.8358282e-06
4.5858839e-06
9.5816117e-06
9.3469864e-06
9.1053816e-06
8.8572476e-06
8.6031108e-06
8.3435698e-06
8.0792925e-06
7.8110077e-06
7.5394995e-06
7.265597e-06
6.9901635e-06
6.7140857e-06
6.4382613e-06
6.1635893e-06
5.8909549e-06
5.6212189e-06
5.3552069e-06
5.0936989e-06
4.8374305e-06
4.5870727e-06
1.3460955e-05
1.3376365e-05
1.3291504e-05
1.3205892e-05
1.3119057e-05
1.3030528e-05
1.2939844e-05
1.2846554e-05
1.2750206e-05
1.2650353e-05
1.0259876e-05
1.0047105e-05
9.8264565e-06
9.5981523e-06
9.362492e-06
9.1198518e-06
8.8706869e-06
8.6155286e-06
8.3549818e-06
8.0897186e-06
7.8204736e-06
7.5480359e-06
7.2732382e-06
6.9969476e-06
6.7200548e-06
6.4434619e-06
6.1680682e-06
5.8947602e-06
5.6244009e-06
5.3578167e-06
5.0957871e-06
4.8390464e-06
4.5882663e-06
1.4443302e-05
1.4331787e-05
1.42257e-05
1.4124354e-05
1.4027094e-05
1.3933299e-05
1.3842372e-05
1.3753742e-05
1.3666859e-05
1.3581189e-05
1.3496216e-05
1.3411433e-05
1.3326353e-05
1.324049e-05
1.3153369e-05
1.3064523e-05
1.2973492e-05
1.2879818e-05
1.278305e-05
1.2682744e-05
1.2578458e-05
1.2469762e-05
1.2356233e-05
1.0683353e-05
1.0485716e-05
1.0279954e-05
1.006615e-05
9.844453e-06
9.6150896e-06
9.3783647e-06
9.1346602e-06
8.8844363e-06
8.628229e-06
8.3666478e-06
8.1003728e-06
7.8301434e-06
7.5567514e-06
7.2810353e-06
7.0038673e-06
6.7261402e-06
6.4487585e-06
6.1726256e-06
5.8986295e-06
5.6276334e-06
5.3604636e-06
5.0979001e-06
4.8406769e-06
4.5894656e-06
1.5304717e-05
1.5144066e-05
1.4993915e-05
1.4853267e-05
1.4721192e-05
1.4596821e-05
1.4479338e-05
1.4367975e-05
1.4262006e-05
1.416074e-05
1.4063531e-05
1.3969753e-05
1.3878809e-05
1.379013e-05
1.3703166e-05
1.3617382e-05
1.3532263e-05
1.3447304e-05
1.336201e-05
1.3275903e-05
1.3188505e-05
1.3099347e-05
1.3007966e-05
1.2913905e-05
1.2816714e-05
1.2715948e-05
1.2611165e-05
1.2501931e-05
1.2387823e-05
1.2268426e-05
1.2143338e-05
1.2012175e-05
1.1874568e-05
1.1078876e-05
1.0896494e-05
1.0705998e-05
1.050734e-05
1.0300536e-05
1.0085668e-05
9.8628937e-06
9.6324424e-06
9.3946235e-06
9.1498245e-06
8.8985104e-06
8.6412254e-06
8.378585e-06
8.1112708e-06
7.840029e-06
7.5656583e-06
7.2890003e-06
7.0109313e-06
6.7323485e-06
6.4541593e-06
6.1772685e-06
5.9025667e-06
5.6309178e-06
5.3631489e-06
5.1000396e-06
4.8423224e-06
4.5906701e-06
1.6338216e-05
1.6108122e-05
1.5894631e-05
1.5696343e-05
1.5511915e-05
1.5340146e-05
1.5179884e-05
1.5030071e-05
1.4889718e-05
1.47579e-05
1.4633745e-05
1.4516443e-05
1.4405223e-05
1.4299361e-05
1.419817e-05
1.4100998e-05
1.4007224e-05
1.3916256e-05
1.3827519e-05
1.3740463e-05
1.3654554e-05
1.3569278e-05
1.348413e-05
1.3398615e-05
1.3312249e-05
1.3224557e-05
1.313507e-05
1.3043326e-05
1.2948866e-05
1.2851238e-05
1.2749994e-05
1.2644693e-05
1.2534904e-05
1.24202e-05
1.2300166e-05
1.2174399e-05
1.2042515e-05
1.1904147e-05
1.175895e-05
1.1606608e-05
1.1446836e-05
1.1279386e-05
1.1104053e-05
1.0920681e-05
1.0729165e-05
1.052946e-05
1.0321584e-05
1.0105625e-05
9.881745e-06
9.6501769e-06
9.4112352e-06
9.1653141e-06
8.912885e-06
8.6544946e-06
8.3907658e-06
8.1223883e-06
7.8501105e-06
7.5747371e-06
7.2971156e-06
7.0181252e-06
6.738667e-06
6.4596516e-06
6.1819864e-06
5.906564e-06
5.634249e-06
5.3658683e-06
5.1022018e-06
4.8439815e-06
4.5918797e-06
1.637226e-05
1.6142804e-05
1.5929888e-05
1.5732118e-05
1.5548158e-05
1.5376803e-05
1.5216907e-05
1.5067418e-05
1.4927348e-05
1.4795771e-05
1.4671818e-05
1.4554679e-05
1.4443587e-05
1.4337818e-05
1.4236687e-05
1.4139544e-05
1.4045765e-05
1.3954755e-05
1.3865945e-05
1.3778786e-05
1.3692742e-05
1.3607296e-05
1.3521943e-05
1.3436192e-05
1.3349554e-05
1.3261556e-05
1.3171729e-05
1.3079605e-05
1.2984727e-05
1.2886643e-05
1.2784905e-05
1.2679071e-05
1.2568707e-05
1.2453385e-05
1.2332692e-05
1.2206226e-05
1.2073599e-05
1.1934445e-05
1.178842e-05
1.163521e-05
1.1474531e-05
1.1306135e-05
1.112982e-05
1.0945432e-05
1.0752867e-05
1.0552085e-05
1.0343109e-05
1.012603e-05
9.9010127e-06
9.6682984e-06
9.4282058e-06
9.1811335e-06
8.9275599e-06
8.6680386e-06
8.403196e-06
8.1337271e-06
7.8603889e-06
7.58399e-06
7.3053818e-06
7.0254489e-06
6.7450963e-06
6.4652372e-06
6.1867812e-06
5.9106225e-06
5.637627e-06
5.3686227e-06
5.1043881e-06
4.8456543e-06
4.5930948e-06
1.6407667e-05
1.617882e-05
1.5966457e-05
1.5769184e-05
1.5585667e-05
1.541471e-05
1.5255166e-05
1.5105985e-05
1.4966179e-05
1.4834826e-05
1.4711063e-05
1.4594075e-05
1.4483098e-05
1.4377412e-05
1.4276326e-05
1.4179195e-05
1.4085396e-05
1.3994336e-05
1.3905443e-05
1.3818166e-05
1.3731973e-05
1.3646343e-05
1.3560774e-05
1.3474772e-05
1.3387848e-05
1.3299529e-05
1.3209341e-05
1.3116822e-05
1.3021513e-05
1.2922956e-05
1.2820706e-05
1.2714319e-05
1.2603359e-05
1.2487399e-05
1.2366026e-05
1.2238836e-05
1.2105443e-05
1.196548e-05
1.1818603e-05
1.16645e-05
1.1502886e-05
1.1333517e-05
1.1156191e-05
1.0970756e-05
1.0777115e-05
1.0575228e-05
1.0365122e-05
1.0146892e-05
9.9207077e-06
9.6868161e-06
9.4455426e-06
9.1972908e-06
8.9425439e-06
8.6818618e-06
8.4158775e-06
8.1452927e-06
7.8708691e-06
7.5934202e-06
7.3138035e-06
7.032907e-06
6.7516389e-06
6.470917e-06
6.1916533e-06
5.9147431e-06
5.6410534e-06
5.3714122e-06
5.1065983e-06
4.8473412e-06
4.594315e-06
1.6690656e-05
1.6444458e-05
1.6216198e-05
1.6004366e-05
1.580757e-05
1.562448e-05
1.5453899e-05
1.5294687e-05
1.5145794e-05
1.5006239e-05
1.4875097e-05
1.4751504e-05
1.4634653e-05
1.4523777e-05
1.4418156e-05
1.4317106e-05
1.4219975e-05
1.4126142e-05
1.4035019e-05
1.3946028e-05
1.385862e-05
1.3772262e-05
1.3686437e-05
1.3600637e-05
1.3514368e-05
1.3427147e-05
1.3338491e-05
1.3247931e-05
1.3155e-05
1.3059238e-05
1.2960192e-05
1.2857409e-05
1.2750449e-05
1.2638874e-05
1.2522256e-05
1.2400182e-05
1.2272246e-05
1.2138062e-05
1.1997267e-05
1.1849514e-05
1.1694488e-05
1.1531912e-05
1.1361542e-05
1.1183177e-05
1.0996667e-05
1.0801918e-05
1.0598894e-05
1.0387627e-05
1.0168217e-05
9.9408368e-06
9.7057394e-06
9.4632539e-06
9.2137907e-06
8.9578407e-06
8.6959698e-06
8.4288165e-06
8.1570888e-06
7.8815538e-06
7.6030303e-06
7.3223805e-06
7.0404982e-06
6.7582958e-06
6.4766925e-06
6.1966031e-06
5.9189254e-06
5.6445274e-06
5.3742368e-06
5.1088322e-06
4.8490421e-06
4.5955404e-06
1.6993367e-05
1.6728258e-05
1.6482681e-05
1.6254985e-05
1.6043658e-05
1.5847315e-05
1.566463e-05
1.5494408e-05
1.5335511e-05
1.5186893e-05
1.5047568e-05
1.4916621e-05
1.4793186e-05
1.4676456e-05
1.4565669e-05
1.4460101e-05
1.435907e-05
1.4261926e-05
1.4168051e-05
1.4076848e-05
1.3987745e-05
1.3900193e-05
1.3813659e-05
1.3727623e-05
1.364158e-05
1.3555031e-05
1.3467491e-05
1.3378483e-05
1.3287532e-05
1.3194172e-05
1.3097943e-05
1.2998388e-05
1.2895054e-05
1.27875e-05
1.267529e-05
1.2557993e-05
1.2435192e-05
1.2306486e-05
1.217149e-05
1.2029833e-05
1.1881175e-05
1.1725204e-05
1.1561637e-05
1.1390235e-05
1.12108e-05
1.1023186e-05
1.0827299e-05
1.0623108e-05
1.0410648e-05
1.0190024e-05
9.9614142e-06
9.7250769e-06
9.481348e-06
9.230645e-06
8.9734617e-06
8.7103714e-06
8.4420209e-06
8.1691217e-06
7.8924477e-06
7.6128251e-06
7.3311195e-06
7.0482291e-06
6.7650704e-06
6.4825664e-06
6.2016344e-06
5.9231732e-06
5.6480519e-06
5.3770985e-06
5.111091e-06
4.8507574e-06
4.5967715e-06
1.7031796e-05
1.6767347e-05
1.6522366e-05
1.6295206e-05
1.6084362e-05
1.5888452e-05
1.5706151e-05
1.553627e-05
1.5377669e-05
1.5229304e-05
1.5090196e-05
1.4959427e-05
1.4836134e-05
1.471951e-05
1.4608795e-05
1.4503267e-05
1.4402243e-05
1.4305072e-05
1.4211135e-05
1.4119839e-05
1.4030612e-05
1.3942905e-05
1.3856181e-05
1.3769918e-05
1.3683614e-05
1.3596771e-05
1.3508899e-05
1.3419522e-05
1.3328164e-05
1.3234359e-05
1.3137642e-05
1.3037558e-05
1.2933656e-05
1.2825489e-05
1.2712619e-05
1.2594619e-05
1.2471071e-05
1.2341572e-05
1.2205734e-05
1.2063191e-05
1.1913602e-05
1.1756655e-05
1.159207e-05
1.1419607e-05
1.1239074e-05
1.1050322e-05
1.0853264e-05
1.0647874e-05
1.0434189e-05
1.0212318e-05
9.9824477e-06
9.7448388e-06
9.4998352e-06
9.2478587e-06
8.9894115e-06
8.7250724e-06
8.455494e-06
8.1813961e-06
7.9035571e-06
7.6228083e-06
7.3400222e-06
7.056101e-06
6.771965e-06
6.4885399e-06
6.206747e-06
5.9274857e-06
5.651626e-06
5.3799969e-06
5.1133751e-06
4.8524873e-06
4.5980079e-06
1.7071786e-05
1.6807963e-05
1.6563551e-05
1.6336902e-05
1.6126517e-05
1.5931018e-05
1.5749079e-05
1.5579516e-05
1.5421192e-05
1.5273066e-05
1.5134156e-05
1.5003549e-05
1.4880384e-05
1.4763853e-05
1.4653196e-05
1.4547691e-05
1.4446657e-05
1.4349448e-05
1.4255439e-05
1.4164037e-05
1.4074671e-05
1.3986789e-05
1.3899858e-05
1.3813357e-05
1.3726778e-05
1.3639625e-05
1.3551407e-05
1.3461643e-05
1.3369861e-05
1.3275591e-05
1.317837e-05
1.3077737e-05
1.2973244e-05
1.2864443e-05
1.2750893e-05
1.2632167e-05
1.2507847e-05
1.2377527e-05
1.2240821e-05
1.2097366e-05
1.1946818e-05
1.1788865e-05
1.1623231e-05
1.1449678e-05
1.1268012e-05
1.1078091e-05
1.0879832e-05
1.0673209e-05
1.0458264e-05
1.0235113e-05
1.0003949e-05
9.7650354e-06
9.5187231e-06
9.2654407e-06
9.0056969e-06
8.7400779e-06
8.4692419e-06
8.1939147e-06
7.9148828e-06
7.6329828e-06
7.3490918e-06
7.0641159e-06
6.7789809e-06
6.494616e-06
6.2119427e-06
5.9318643e-06
5.6552516e-06
5.3829325e-06
5.1156844e-06
4.8542321e-06
4.5992498e-06
1.7397705e-05
1.7113376e-05
1.6850152e-05
1.6606279e-05
1.6380118e-05
1.6170167e-05
1.5975056e-05
1.5793463e-05
1.5624197e-05
1.546613e-05
1.5318223e-05
1.5179496e-05
1.5049033e-05
1.4925976e-05
1.4809521e-05
1.4698907e-05
1.4593414e-05
1.4492358e-05
1.4395091e-05
1.4300994e-05
1.4209472e-05
1.4119954e-05
1.4031889e-05
1.3944737e-05
1.385798e-05
1.3771109e-05
1.3683626e-05
1.3595044e-05
1.3504881e-05
1.3412657e-05
1.3317902e-05
1.3220156e-05
1.3118958e-05
1.3013851e-05
1.290439e-05
1.2790137e-05
1.2670661e-05
1.2545543e-05
1.2414379e-05
1.2276782e-05
1.2132384e-05
1.1980847e-05
1.182186e-05
1.1655146e-05
1.1480468e-05
1.1297637e-05
1.1106516e-05
1.0907019e-05
1.0699127e-05
1.048289e-05
1.0258426e-05
1.002593e-05
9.7856775e-06
9.5380231e-06
9.2834012e-06
9.0223286e-06
8.7553975e-06
8.483273e-06
8.2066874e-06
7.9264337e-06
7.6433545e-06
7.358332e-06
7.0722782e-06
6.786122e-06
6.5007957e-06
6.2172244e-06
5.9363117e-06
5.6589297e-06
5.3859072e-06
5.1180201e-06
4.8559924e-06
4.6004977e-06
1.7440084e-05
1.7156403e-05
1.6893763e-05
1.6650419e-05
1.6424734e-05
1.621521e-05
1.6020472e-05
1.5839208e-05
1.5670233e-05
1.5512416e-05
1.5364719e-05
1.5226163e-05
1.5095839e-05
1.4972883e-05
1.4856495e-05
1.4745915e-05
1.4640422e-05
1.4539332e-05
1.4442001e-05
1.4347805e-05
1.4256153e-05
1.416647e-05
1.4078203e-05
1.399082e-05
1.3903796e-05
1.3816623e-05
1.3728801e-05
1.3639837e-05
1.3549252e-05
1.3456568e-05
1.3361313e-05
1.3263023e-05
1.3161237e-05
1.30555e-05
1.2945362e-05
1.2830383e-05
1.2710131e-05
1.258419e-05
1.2452154e-05
1.2313634e-05
1.2168268e-05
1.2015712e-05
1.1855658e-05
1.1687832e-05
1.1511999e-05
1.1327971e-05
1.1135612e-05
1.0934845e-05
1.0725651e-05
1.0508084e-05
1.028227e-05
1.0048409e-05
9.8067821e-06
9.5577484e-06
9.3017526e-06
9.0393166e-06
8.7710396e-06
8.4975943e-06
8.2197205e-06
7.9382158e-06
7.6539288e-06
7.3677493e-06
7.0805928e-06
6.7933915e-06
6.5070824e-06
6.2225927e-06
5.9408281e-06
5.6626615e-06
5.3889212e-06
5.1203822e-06
4.8577677e-06
4.6017513e-06
1.7481596e-05
1.7198744e-05
1.6936859e-05
1.6694198e-05
1.6469129e-05
1.6260159e-05
1.606592e-05
1.5885099e-05
1.5716515e-05
1.5559038e-05
1.5411634e-05
1.5273329e-05
1.514321e-05
1.5020421e-05
1.4904156e-05
1.4793661e-05
1.4688216e-05
1.4587137e-05
1.4489778e-05
1.4395519e-05
1.4303766e-05
1.4213944e-05
1.4125502e-05
1.4037904e-05
1.3950627e-05
1.3863162e-05
1.3775006e-05
1.3685672e-05
1.3594674e-05
1.3501533e-05
1.3405778e-05
1.3306941e-05
1.3204559e-05
1.3098179e-05
1.298735e-05
1.2871632e-05
1.2750592e-05
1.262381e-05
1.2490881e-05
1.2351417e-05
1.2205055e-05
1.2051455e-05
1.1890308e-05
1.172134e-05
1.154432e-05
1.1359063e-05
1.1165433e-05
1.0963357e-05
1.0752826e-05
1.0533895e-05
1.0306693e-05
1.0071428e-05
9.8283881e-06
9.5779395e-06
9.3205331e-06
9.0566968e-06
8.787038e-06
8.5122368e-06
8.23304e-06
7.9502526e-06
7.6647286e-06
7.3773616e-06
7.0890745e-06
6.8008039e-06
6.5134886e-06
6.2280592e-06
5.945423e-06
5.6664533e-06
5.3919792e-06
5.1227747e-06
4.8595608e-06
4.6030113e-06
1.7828841e-05
1.7524101e-05
1.7242107e-05
1.6981e-05
1.6739043e-05
1.6514611e-05
1.6306215e-05
1.611249e-05
1.5932127e-05
1.5763944e-05
1.560682e-05
1.5459722e-05
1.5321674e-05
1.5191768e-05
1.506915e-05
1.4953018e-05
1.484261e-05
1.4737212e-05
1.4636146e-05
1.453876e-05
1.4444434e-05
1.4352575e-05
1.4262612e-05
1.4173991e-05
1.4086173e-05
1.3998636e-05
1.391087e-05
1.3822376e-05
1.3732657e-05
1.364123e-05
1.3547616e-05
1.3451344e-05
1.3351942e-05
1.324895e-05
1.3141909e-05
1.303037e-05
1.291389e-05
1.2792037e-05
1.2664388e-05
1.2530542e-05
1.239011e-05
1.2242726e-05
1.2088051e-05
1.1925779e-05
1.1755639e-05
1.1577399e-05
1.1390875e-05
1.1195941e-05
1.0992525e-05
1.0780619e-05
1.0560285e-05
1.0331659e-05
1.0094953e-05
9.8504636e-06
9.5985639e-06
9.3397095e-06
9.0744381e-06
8.8033651e-06
8.5271767e-06
8.2466253e-06
7.9625238e-06
7.6757336e-06
7.3871535e-06
7.0977104e-06
6.808346e-06
6.5200034e-06
6.2336146e-06
5.9500888e-06
5.6703001e-06
5.3950773e-06
5.125194e-06
4.8613697e-06
4.6042774e-06
1.7872198e-05
1.7568363e-05
1.728719e-05
1.7026831e-05
1.6785551e-05
1.6561728e-05
1.6353881e-05
1.6160644e-05
1.5980712e-05
1.5812914e-05
1.5656122e-05
1.5509306e-05
1.5371497e-05
1.5241786e-05
1.5119322e-05
1.5003301e-05
1.4892968e-05
1.4787606e-05
1.4686533e-05
1.4589103e-05
1.4494696e-05
1.4402718e-05
1.4312597e-05
1.4223778e-05
1.4135723e-05
1.4047911e-05
1.3959827e-05
1.3870971e-05
1.3780851e-05
1.3688979e-05
1.3594876e-05
1.3498065e-05
1.3398077e-05
1.3294453e-05
1.3186728e-05
1.3074454e-05
1.2957187e-05
1.2834494e-05
1.2705954e-05
1.2571161e-05
1.2429728e-05
1.228129e-05
1.212551e-05
1.196208e-05
1.179073e-05
1.1611234e-05
1.1423413e-05
1.1227137e-05
1.1022341e-05
1.0809023e-05
1.0587249e-05
1.0357161e-05
1.011898e-05
9.8730048e-06
9.6196168e-06
9.3592799e-06
9.0925397e-06
8.8200173e-06
8.5424073e-06
8.2604706e-06
7.9750254e-06
7.6869401e-06
7.3971204e-06
7.106497e-06
6.8160161e-06
6.5266244e-06
6.2392566e-06
5.9548228e-06
5.674199e-06
5.3982138e-06
5.1276392e-06
4.8631936e-06
4.6055493e-06
1.7917402e-05
1.7614433e-05
1.733405e-05
1.7074404e-05
1.6833771e-05
1.6610531e-05
1.6403203e-05
1.621043e-05
1.6030908e-05
1.5863466e-05
1.5706986e-05
1.5560436e-05
1.5422847e-05
1.5293316e-05
1.5170986e-05
1.505506e-05
1.4944783e-05
1.4839435e-05
1.4738341e-05
1.4640854e-05
1.4546351e-05
1.4454238e-05
1.436394e-05
1.4274907e-05
1.4186599e-05
1.4098492e-05
1.4010073e-05
1.3920841e-05
1.3830299e-05
1.3737962e-05
1.3643347e-05
1.3545978e-05
1.3445385e-05
1.3341101e-05
1.3232667e-05
1.3119635e-05
1.3001554e-05
1.2877993e-05
1.2748532e-05
1.2612763e-05
1.2470299e-05
1.2320776e-05
1.2163855e-05
1.1999235e-05
1.1826644e-05
1.1645857e-05
1.1456698e-05
1.1259044e-05
1.1052831e-05
1.0838063e-05
1.0614812e-05
1.0383225e-05
1.0143528e-05
9.8960261e-06
9.6411117e-06
9.3792562e-06
9.1110098e-06
8.8370026e-06
8.5579373e-06
8.2745823e-06
7.9877635e-06
7.6983543e-06
7.4072666e-06
7.1154377e-06
6.8238165e-06
6.5333534e-06
6.2449862e-06
5.9596275e-06
5.6781528e-06
5.4013902e-06
5.1301119e-06
4.8650334e-06
4.6068268e-06
1.7964503e-05
1.7662363e-05
1.7382731e-05
1.7123768e-05
1.688375e-05
1.6661062e-05
1.6454228e-05
1.6261894e-05
1.608276e-05
1.5915655e-05
1.5759463e-05
1.5613158e-05
1.5475769e-05
1.5346395e-05
1.5224184e-05
1.5108336e-05
1.4998096e-05
1.4892753e-05
1.4791621e-05
1.4694054e-05
1.4599435e-05
1.4507169e-05
1.4416682e-05
1.4327419e-05
1.423884e-05
1.4150422e-05
1.4061652e-05
1.3972023e-05
1.388104e-05
1.3788217e-05
1.3693067e-05
1.3595117e-05
1.3493894e-05
1.3388928e-05
1.3279764e-05
1.3165944e-05
1.3047024e-05
1.2922569e-05
1.2792156e-05
1.2655379e-05
1.2511851e-05
1.236121e-05
1.2203118e-05
1.2037268e-05
1.1863398e-05
1.1681283e-05
1.1490749e-05
1.1291679e-05
1.1084011e-05
1.0867753e-05
1.0642983e-05
1.0409855e-05
1.0168602e-05
9.9195385e-06
9.6630601e-06
9.3996462e-06
9.1298573e-06
8.8543302e-06
8.5737754e-06
8.288969e-06
8.0007442e-06
7.7099813e-06
7.4175975e-06
7.1245354e-06
6.8317494e-06
6.5401932e-06
6.2508071e-06
5.9645044e-06
5.6821618e-06
5.4046074e-06
5.1326117e-06
4.8668892e-06
4.6081104e-06
1.8339328e-05
1.801355e-05
1.7712202e-05
1.7433288e-05
1.7174973e-05
1.6935538e-05
1.6713374e-05
1.6507008e-05
1.6315087e-05
1.6136313e-05
1.5969524e-05
1.58136e-05
1.5667517e-05
1.5530309e-05
1.5401075e-05
1.5278962e-05
1.5163174e-05
1.5052957e-05
1.4947594e-05
1.4846406e-05
1.4748749e-05
1.4653998e-05
1.4561564e-05
1.4470868e-05
1.4381357e-05
1.4292489e-05
1.4203742e-05
1.4114597e-05
1.4024552e-05
1.3933109e-05
1.3839777e-05
1.3744075e-05
1.364552e-05
1.3543643e-05
1.3437975e-05
1.3328049e-05
1.3213414e-05
1.3093627e-05
1.2968247e-05
1.2836852e-05
1.2699037e-05
1.2554415e-05
1.2402621e-05
1.2243317e-05
1.2076206e-05
1.190102e-05
1.1717538e-05
1.1525592e-05
1.1325063e-05
1.1115899e-05
1.089811e-05
1.0671781e-05
1.0437074e-05
1.0194225e-05
9.9435558e-06
9.6854722e-06
9.4204604e-06
9.1490895e-06
8.8720059e-06
8.5899266e-06
8.3036344e-06
8.0139706e-06
7.7218228e-06
7.428115e-06
7.133794e-06
6.8398187e-06
6.5471467e-06
6.2567197e-06
5.969454e-06
5.6862266e-06
5.4078653e-06
5.1351396e-06
4.8687612e-06
4.609401e-06
1.838956e-05
1.8064609e-05
1.7764011e-05
1.7485778e-05
1.7228077e-05
1.6989195e-05
1.6767524e-05
1.6561595e-05
1.6370063e-05
1.6191629e-05
1.6025129e-05
1.5869449e-05
1.5723568e-05
1.5586521e-05
1.5457406e-05
1.5335374e-05
1.5219628e-05
1.5109414e-05
1.5004017e-05
1.4902757e-05
1.4804987e-05
1.4710089e-05
1.4617465e-05
1.4526542e-05
1.4436766e-05
1.4347591e-05
1.4258495e-05
1.4168959e-05
1.4078477e-05
1.3986552e-05
1.3892693e-05
1.3796413e-05
1.3697231e-05
1.3594674e-05
1.3488273e-05
1.3377564e-05
1.326209e-05
1.3141402e-05
1.3015067e-05
1.288266e-05
1.2743773e-05
1.259802e-05
1.2445036e-05
1.2284489e-05
1.2116076e-05
1.1939536e-05
1.1754648e-05
1.1561246e-05
1.1359219e-05
1.1148516e-05
1.0929154e-05
1.0701225e-05
1.0464893e-05
1.0220406e-05
9.9680918e-06
9.7083617e-06
9.441713e-06
9.1687217e-06
8.8900419e-06
8.6064001e-06
8.3185872e-06
8.0274519e-06
7.7338878e-06
7.4388248e-06
7.1432171e-06
6.8480269e-06
6.5542148e-06
6.2627266e-06
5.9744788e-06
5.6903493e-06
5.4111655e-06
5.1376957e-06
4.8706498e-06
4.6106979e-06
1.8792491e-05
1.8441905e-05
1.8117736e-05
1.7817852e-05
1.7540264e-05
1.7283142e-05
1.7044777e-05
1.6823571e-05
1.6618055e-05
1.6426882e-05
1.6248759e-05
1.6082524e-05
1.5927068e-05
1.5781368e-05
1.564446e-05
1.5515443e-05
1.5393472e-05
1.5277748e-05
1.5167516e-05
1.5062066e-05
1.4960716e-05
1.4862821e-05
1.4767756e-05
1.4674928e-05
1.4583759e-05
1.4493694e-05
1.4404193e-05
1.4314727e-05
1.4224779e-05
1.4133842e-05
1.4041414e-05
1.3947002e-05
1.3850122e-05
1.375029e-05
1.3647028e-05
1.3539868e-05
1.3428346e-05
1.3312e-05
1.3190386e-05
1.3063064e-05
1.2929611e-05
1.2789619e-05
1.2642699e-05
1.2488491e-05
1.2326661e-05
1.2156908e-05
1.197897e-05
1.1792635e-05
1.1597739e-05
1.139417e-05
1.1181886e-05
1.0960908e-05
1.0731332e-05
1.0493333e-05
1.0247162e-05
9.9931583e-06
9.7317408e-06
9.4634129e-06
9.1887607e-06
8.9084465e-06
8.6232044e-06
8.3338343e-06
8.0411921e-06
7.7461798e-06
7.4497327e-06
7.1528094e-06
6.8563774e-06
6.5614016e-06
6.2688298e-06
5.9795801e-06
5.6945309e-06
5.4145089e-06
5.1402809e-06
4.8725554e-06
4.6120012e-06
1.8846201e-05
1.8496429e-05
1.8173002e-05
1.7873786e-05
1.7596801e-05
1.7340225e-05
1.7102348e-05
1.6881574e-05
1.6676438e-05
1.6485596e-05
1.6307759e-05
1.6141767e-05
1.598651e-05
1.5840967e-05
1.5704178e-05
1.5575242e-05
1.5453311e-05
1.533759e-05
1.5227326e-05
1.5121803e-05
1.5020342e-05
1.4922296e-05
1.4827047e-05
1.4733993e-05
1.4642562e-05
1.4552197e-05
1.4462351e-05
1.4372495e-05
1.4282113e-05
1.4190695e-05
1.4097741e-05
1.4002754e-05
1.3905248e-05
1.380474e-05
1.3700748e-05
1.3592802e-05
1.3480436e-05
1.3363192e-05
1.3240617e-05
1.3112276e-05
1.2977742e-05
1.2836606e-05
1.2688485e-05
1.2533015e-05
1.236986e-05
1.2198727e-05
1.2019355e-05
1.1831529e-05
1.1635091e-05
1.1429937e-05
1.1216025e-05
1.0993386e-05
1.0762121e-05
1.0522409e-05
1.0274511e-05
1.0018773e-05
9.7556218e-06
9.4855724e-06
9.2092164e-06
8.9272263e-06
8.6403459e-06
8.3493822e-06
8.0551981e-06
7.7587036e-06
7.4608408e-06
7.1625731e-06
6.8648734e-06
6.5687092e-06
6.2750307e-06
5.9847589e-06
5.6987715e-06
5.4178955e-06
5.1428957e-06
4.8744778e-06
4.6133105e-06
1.8901984e-05
1.8552995e-05
1.8230281e-05
1.793171e-05
1.7655307e-05
1.7399254e-05
1.7161843e-05
1.694148e-05
1.6736706e-05
1.6546179e-05
1.6368611e-05
1.6202844e-05
1.6047769e-05
1.5902369e-05
1.5765683e-05
1.5636809e-05
1.5514903e-05
1.539917e-05
1.5288856e-05
1.5183246e-05
1.5081662e-05
1.4983454e-05
1.4888002e-05
1.479471e-05
1.4702998e-05
1.4612307e-05
1.4522096e-05
1.4431833e-05
1.4340998e-05
1.4249083e-05
1.4155581e-05
1.4059998e-05
1.3961842e-05
1.3860629e-05
1.375588e-05
1.3647121e-05
1.3533883e-05
1.3415707e-05
1.3292142e-05
1.3162746e-05
1.3027097e-05
1.2884786e-05
1.2735423e-05
1.2578649e-05
1.2414133e-05
1.2241575e-05
1.2060721e-05
1.1871363e-05
1.167334e-05
1.1466553e-05
1.1250971e-05
1.1026623e-05
1.0793619e-05
1.0552147e-05
1.0302475e-05
1.0044956e-05
9.7800278e-06
9.5082101e-06
9.2301079e-06
8.9464008e-06
8.6578402e-06
8.3652437e-06
8.0694815e-06
7.7714699e-06
7.472158e-06
7.1725157e-06
6.8735195e-06
6.5761416e-06
6.2813346e-06
5.9900191e-06
5.703075e-06
5.4213277e-06
5.1455411e-06
4.8764187e-06
4.6146269e-06
1.8956641e-05
1.8608674e-05
1.8286893e-05
1.7989169e-05
1.7713532e-05
1.7458166e-05
1.7221378e-05
1.7001572e-05
1.6797291e-05
1.6607198e-05
1.643001e-05
1.626457e-05
1.6109772e-05
1.5964596e-05
1.5828087e-05
1.5699349e-05
1.5577532e-05
1.5461843e-05
1.535153e-05
1.5245879e-05
1.514421e-05
1.5045876e-05
1.4950252e-05
1.4856744e-05
1.4764775e-05
1.4673783e-05
1.4583222e-05
1.4492561e-05
1.4401282e-05
1.4308869e-05
1.4214821e-05
1.4118637e-05
1.4019827e-05
1.3917904e-05
1.3812389e-05
1.3702803e-05
1.3588676e-05
1.3469548e-05
1.3344968e-05
1.3214496e-05
1.3077704e-05
1.2934184e-05
1.2783549e-05
1.2625438e-05
1.245952e-05
1.22855e-05
1.2103126e-05
1.1912188e-05
1.1712535e-05
1.1504072e-05
1.1286767e-05
1.1060662e-05
1.0825872e-05
1.0582592e-05
1.0331098e-05
1.0071749e-05
9.8049935e-06
9.5313629e-06
9.2514678e-06
8.9659977e-06
8.6757147e-06
8.381443e-06
8.084063e-06
7.7844976e-06
7.4837026e-06
7.1826531e-06
6.8823307e-06
6.5837108e-06
6.2877488e-06
5.9953675e-06
5.707446e-06
5.4248095e-06
5.1482201e-06
4.8783786e-06
4.6159504e-06
1.9012409e-05
1.8665518e-05
1.8344717e-05
1.8047882e-05
1.7773054e-05
1.751842e-05
1.7282287e-05
1.7063067e-05
1.6859308e-05
1.6669676e-05
1.6492887e-05
1.6327791e-05
1.6173284e-05
1.6028352e-05
1.5892035e-05
1.5763439e-05
1.5641721e-05
1.5526083e-05
1.5415776e-05
1.5310088e-05
1.5208336e-05
1.5109874e-05
1.5014081e-05
1.4920355e-05
1.4828121e-05
1.4736818e-05
1.4645898e-05
1.4554832e-05
1.4463096e-05
1.4370174e-05
1.4275564e-05
1.4178764e-05
1.4079282e-05
1.3976628e-05
1.3870319e-05
1.375988e-05
1.364484e-05
1.3524735e-05
1.3399112e-05
1.3267528e-05
1.3129557e-05
1.2984793e-05
1.2832848e-05
1.267336e-05
1.2506e-05
1.2330477e-05
1.2146537e-05
1.1953978e-05
1.175265e-05
1.1542462e-05
1.132339e-05
1.1095481e-05
1.0858856e-05
1.0613717e-05
1.036035e-05
1.0099124e-05
9.8304965e-06
9.5550039e-06
9.2732708e-06
8.9859961e-06
8.6939485e-06
8.3979626e-06
8.0989267e-06
7.7977718e-06
7.4954591e-06
7.192971e-06
6.8912946e-06
6.591407e-06
6.2942665e-06
6.0007978e-06
5.7118799e-06
5.428337e-06
5.1509298e-06
4.8803567e-06
4.6172807e-06
1.907048e-05
1.8724625e-05
1.8404768e-05
1.8108792e-05
1.7834738e-05
1.7580802e-05
1.7345293e-05
1.7126632e-05
1.6923369e-05
1.6734171e-05
1.6557763e-05
1.6392992e-05
1.6238755e-05
1.6094043e-05
1.59579e-05
1.5829429e-05
1.5707788e-05
1.5592185e-05
1.5481867e-05
1.5376119e-05
1.5274266e-05
1.5175659e-05
1.5079673e-05
1.4985714e-05
1.4893198e-05
1.4801563e-05
1.4710267e-05
1.4618772e-05
1.4526556e-05
1.4433103e-05
1.4337904e-05
1.4240463e-05
1.4140282e-05
1.4036868e-05
1.392974e-05
1.3818419e-05
1.370243e-05
1.3581312e-05
1.3454609e-05
1.3321879e-05
1.3182695e-05
1.3036647e-05
1.288335e-05
1.2722444e-05
1.2553598e-05
1.2376524e-05
1.2190973e-05
1.1996744e-05
1.1793691e-05
1.158173e-05
1.1360841e-05
1.1131076e-05
1.0892567e-05
1.0645521e-05
1.0390233e-05
1.0127082e-05
9.8565322e-06
9.579134e-06
9.295517e-06
9.0063916e-06
8.7125382e-06
8.4147988e-06
8.1140688e-06
7.8112877e-06
7.5074261e-06
7.2034694e-06
6.9004088e-06
6.5992278e-06
6.3008858e-06
6.0063082e-06
5.7163748e-06
5.4319094e-06
5.1536701e-06
4.882352e-06
4.6186178e-06
1.913093e-05
1.8786071e-05
1.8467119e-05
1.8171962e-05
1.7898648e-05
1.7645381e-05
1.7410473e-05
1.7192342e-05
1.6989548e-05
1.6800763e-05
1.6624709e-05
1.6460239e-05
1.6306254e-05
1.6161742e-05
1.602575e-05
1.5897383e-05
1.5775801e-05
1.5660211e-05
1.5549865e-05
1.5444045e-05
1.534207e-05
1.5243298e-05
1.5147103e-05
1.5052885e-05
1.4960064e-05
1.4868081e-05
1.4776383e-05
1.4684437e-05
1.4591717e-05
1.4497706e-05
1.4401898e-05
1.4303787e-05
1.4202878e-05
1.4098679e-05
1.3990701e-05
1.3878465e-05
1.3761497e-05
1.3639331e-05
1.3511512e-05
1.3377599e-05
1.3237161e-05
1.3089787e-05
1.2935095e-05
1.2772725e-05
1.260235e-05
1.2423681e-05
1.2236469e-05
1.2040519e-05
1.1835694e-05
1.1621909e-05
1.139915e-05
1.116748e-05
1.0927033e-05
1.0678028e-05
1.0420767e-05
1.015564e-05
9.8831181e-06
9.6037635e-06
9.3182174e-06
9.0271979e-06
8.7314943e-06
8.4319588e-06
8.1294969e-06
7.8250548e-06
7.5196082e-06
7.214151e-06
6.9096784e-06
6.6071765e-06
6.3076084e-06
6.0119007e-06
5.7209331e-06
5.4355278e-06
5.156441e-06
4.8843657e-06
4.6199622e-06
1.9193827e-05
1.8849922e-05
1.8531838e-05
1.8237467e-05
1.7964862e-05
1.7712231e-05
1.7477888e-05
1.7260262e-05
1.7057913e-05
1.6869513e-05
1.6693789e-05
1.6529597e-05
1.6375839e-05
1.6231507e-05
1.6095647e-05
1.5967367e-05
1.5845825e-05
1.5730229e-05
1.5619829e-05
1.5513913e-05
1.5411801e-05
1.5312844e-05
1.5216419e-05
1.5121924e-05
1.502878e-05
1.4936424e-05
1.4844303e-05
1.4751883e-05
1.4658639e-05
1.4564048e-05
1.4467601e-05
1.4368794e-05
1.4267127e-05
1.4162109e-05
1.4053248e-05
1.3940064e-05
1.3822082e-05
1.3698834e-05
1.3569862e-05
1.3434722e-05
1.3292988e-05
1.314425e-05
1.298812e-05
1.282424e-05
1.2652287e-05
1.247197e-05
1.2283051e-05
1.2085334e-05
1.187868e-05
1.1663018e-05
1.1438338e-05
1.1204707e-05
1.0962271e-05
1.0711254e-05
1.0451968e-05
1.0184811e-05
9.9102695e-06
9.6289101e-06
9.3413848e-06
9.0484235e-06
8.7508254e-06
8.4494526e-06
8.1452175e-06
7.8390754e-06
7.5320101e-06
7.2250193e-06
6.9191051e-06
6.6152563e-06
6.3144372e-06
6.0175772e-06
5.7255553e-06
5.4391925e-06
5.1592434e-06
4.8863976e-06
4.6213136e-06
1.8916279e-05
1.8599021e-05
1.8305398e-05
1.8033468e-05
1.7781438e-05
1.7547635e-05
1.7330486e-05
1.712855e-05
1.6940511e-05
1.6765094e-05
1.6601158e-05
1.6447605e-05
1.6303428e-05
1.6167678e-05
1.6039463e-05
1.5917942e-05
1.5802318e-05
1.5691848e-05
1.5585818e-05
1.5483546e-05
1.5384385e-05
1.5287707e-05
1.5192915e-05
1.5099425e-05
1.5006672e-05
1.4914107e-05
1.4821189e-05
1.4727389e-05
1.463219e-05
1.4535079e-05
1.4435547e-05
1.4333095e-05
1.4227227e-05
1.4117452e-05
1.4003286e-05
1.3884254e-05
1.3759884e-05
1.362972e-05
1.3493317e-05
1.3350244e-05
1.3200093e-05
1.3042479e-05
1.2877042e-05
1.270346e-05
1.252145e-05
1.2330768e-05
1.2131226e-05
1.1922693e-05
1.1705098e-05
1.1478442e-05
1.1242795e-05
1.0998312e-05
1.0745227e-05
1.0483862e-05
1.0214623e-05
9.9380037e-06
9.654587e-06
9.3650341e-06
9.0700838e-06
8.7705445e-06
8.4672894e-06
8.161241e-06
7.8533606e-06
7.5446391e-06
7.2360818e-06
6.9286944e-06
6.6234696e-06
6.3213755e-06
6.0233403e-06
5.7302436e-06
5.442906e-06
5.1620789e-06
4.8884486e-06
4.6226723e-06
1.8985217e-05
1.8668747e-05
1.8375834e-05
1.8104542e-05
1.7853083e-05
1.7619784e-05
1.7403083e-05
1.7201539e-05
1.7013831e-05
1.6838694e-05
1.6674988e-05
1.6521618e-05
1.6377577e-05
1.6241915e-05
1.6113742e-05
1.5992216e-05
1.587655e-05
1.5765991e-05
1.5659824e-05
1.5557371e-05
1.5457981e-05
1.5361031e-05
1.526592e-05
1.5172061e-05
1.5078889e-05
1.4985851e-05
1.4892408e-05
1.4798033e-05
1.47022e-05
1.4604394e-05
1.4504109e-05
1.4400838e-05
1.4294088e-05
1.4183365e-05
1.4068183e-05
1.3948061e-05
1.3822529e-05
1.3691132e-05
1.3553421e-05
1.3408965e-05
1.3257355e-05
1.3098207e-05
1.2931166e-05
1.2755906e-05
1.2572146e-05
1.2379649e-05
1.2178229e-05
1.196776e-05
1.1748176e-05
1.1519483e-05
1.1281764e-05
1.1035178e-05
1.0779968e-05
1.0516465e-05
1.0245087e-05
9.9663396e-06
9.680812e-06
9.3891777e-06
9.0921877e-06
8.7906614e-06
8.4854789e-06
8.1775729e-06
7.8679146e-06
7.5575008e-06
7.2473425e-06
6.9384503e-06
6.6318213e-06
6.3284249e-06
6.0291909e-06
5.7349989e-06
5.4466675e-06
5.1649464e-06
4.8905186e-06
4.6240383e-06
1.9056838e-05
1.8741115e-05
1.8448874e-05
1.8178182e-05
1.7927259e-05
1.7694436e-05
1.7478147e-05
1.727696e-05
1.7089561e-05
1.6914682e-05
1.675118e-05
1.6597967e-05
1.6454038e-05
1.6318443e-05
1.619029e-05
1.6068741e-05
1.5953003e-05
1.584233e-05
1.5736007e-05
1.5633351e-05
1.5533716e-05
1.5436472e-05
1.5341014e-05
1.5246762e-05
1.5153149e-05
1.5059619e-05
1.4965629e-05
1.4870645e-05
1.4774147e-05
1.4675617e-05
1.4574546e-05
1.4470427e-05
1.436276e-05
1.4251052e-05
1.4134814e-05
1.4013565e-05
1.3886834e-05
1.375416e-05
1.3615096e-05
1.346921e-05
1.3316095e-05
1.3155363e-05
1.2986661e-05
1.2809669e-05
1.2624105e-05
1.2429737e-05
1.2226383e-05
1.2013918e-05
1.1792286e-05
1.15615e-05
1.1321647e-05
1.1072897e-05
1.0815503e-05
1.0549804e-05
1.027623e-05
9.9952937e-06
9.7075994e-06
9.4138315e-06
9.1147505e-06
8.811187e-06
8.5040314e-06
8.1942241e-06
7.8827453e-06
7.5705997e-06
7.2588047e-06
6.9483761e-06
6.6403131e-06
6.3355876e-06
6.0351316e-06
5.7398235e-06
5.45048e-06
5.1678481e-06
4.8926078e-06
4.625411e-06
1.7771685e-05
1.7555781e-05
1.7354926e-05
1.7167803e-05
1.6993151e-05
1.6829832e-05
1.6676752e-05
1.6532909e-05
1.6397357e-05
1.6269202e-05
1.6147606e-05
1.6031779e-05
1.5920972e-05
1.5814469e-05
1.5711588e-05
1.5611678e-05
1.5514114e-05
1.5418294e-05
1.5323626e-05
1.5229542e-05
1.5135488e-05
1.5040919e-05
1.4945304e-05
1.4848115e-05
1.474883e-05
1.464694e-05
1.4541938e-05
1.4433317e-05
1.4320586e-05
1.4203254e-05
1.4080837e-05
1.3952861e-05
1.3818866e-05
1.36784e-05
1.3531036e-05
1.3376364e-05
1.3214e-05
1.3043586e-05
1.2864806e-05
1.2677382e-05
1.2481081e-05
1.227573e-05
1.206121e-05
1.1837469e-05
1.1604525e-05
1.1362476e-05
1.11115e-05
1.0851858e-05
1.0583901e-05
1.0308068e-05
1.0024887e-05
9.7349706e-06
9.4390139e-06
9.137788e-06
8.8321347e-06
8.5229562e-06
8.2112031e-06
7.8978622e-06
7.5839458e-06
7.2704778e-06
6.9584777e-06
6.6489503e-06
6.3428693e-06
6.0411659e-06
5.7447188e-06
5.4543436e-06
5.1707849e-06
4.8947178e-06
4.6267922e-06
1.7851071e-05
1.7635569e-05
1.7435056e-05
1.7248225e-05
1.7073812e-05
1.6910678e-05
1.6757739e-05
1.661399e-05
1.647848e-05
1.6350323e-05
1.6228683e-05
1.6112765e-05
1.6001816e-05
1.589513e-05
1.5792018e-05
1.5691829e-05
1.5593936e-05
1.5497733e-05
1.5402633e-05
1.5308066e-05
1.5213472e-05
1.5118307e-05
1.5022036e-05
1.492413e-05
1.4824066e-05
1.472133e-05
1.4615411e-05
1.450581e-05
1.4392023e-05
1.4273557e-05
1.4149933e-05
1.4020672e-05
1.3885311e-05
1.3743401e-05
1.3594511e-05
1.343823e-05
1.3274175e-05
1.3101994e-05
1.2921369e-05
1.2732024e-05
1.2533735e-05
1.2326327e-05
1.2109686e-05
1.188377e-05
1.1648606e-05
1.1404295e-05
1.1151028e-05
1.0889074e-05
1.0618796e-05
1.0340643e-05
1.0055154e-05
9.7629527e-06
9.4647471e-06
9.1613219e-06
8.8535275e-06
8.5422758e-06
8.2285274e-06
7.9132791e-06
7.5975501e-06
7.2823704e-06
6.9687644e-06
6.6577397e-06
6.3502728e-06
6.0472964e-06
5.7496881e-06
5.4582613e-06
5.1737573e-06
4.8968484e-06
4.6281813e-06
1.7930846e-05
1.7715913e-05
1.7515901e-05
1.7329501e-05
1.7155454e-05
1.699263e-05
1.6839935e-05
1.6696375e-05
1.6561001e-05
1.6432924e-05
1.6311307e-05
1.619536e-05
1.6084332e-05
1.5977508e-05
1.5874208e-05
1.5773778e-05
1.5675591e-05
1.5579038e-05
1.5483529e-05
1.5388495e-05
1.5293375e-05
1.5197624e-05
1.5100701e-05
1.5002076e-05
1.4901226e-05
1.4797636e-05
1.4690793e-05
1.4580189e-05
1.4465323e-05
1.4345703e-05
1.4220842e-05
1.4090263e-05
1.3953502e-05
1.3810108e-05
1.3659651e-05
1.3501719e-05
1.3335928e-05
1.3161927e-05
1.2979401e-05
1.278808e-05
1.258774e-05
1.2378211e-05
1.215939e-05
1.1931236e-05
1.1693784e-05
1.1447148e-05
1.1191521e-05
1.0927189e-05
1.0654523e-05
1.0373984e-05
1.0086122e-05
9.7915751e-06
9.4910613e-06
9.1853756e-06
8.8753837e-06
8.5620069e-06
8.2462135e-06
7.9290103e-06
7.6114251e-06
7.2944929e-06
6.979244e-06
6.6666897e-06
6.3578073e-06
6.0535304e-06
5.7547362e-06
5.4622359e-06
5.1767683e-06
4.8990012e-06
4.6295786e-06
1.7077089e-05
1.6924628e-05
1.6781243e-05
1.6645986e-05
1.6517973e-05
1.6396367e-05
1.6280375e-05
1.6169249e-05
1.6062275e-05
1.5958767e-05
1.5858078e-05
1.5759573e-05
1.5662647e-05
1.5566708e-05
1.5471184e-05
1.5375515e-05
1.5279147e-05
1.5181542e-05
1.508217e-05
1.4980506e-05
1.4876029e-05
1.4768221e-05
1.4656578e-05
1.4540597e-05
1.4419781e-05
1.4293641e-05
1.41617e-05
1.4023489e-05
1.3878559e-05
1.3726479e-05
1.3566838e-05
1.3399254e-05
1.3223375e-05
1.3038891e-05
1.2845532e-05
1.2643077e-05
1.2431365e-05
1.2210297e-05
1.1979837e-05
1.174003e-05
1.1490998e-05
1.1232946e-05
1.096617e-05
1.0691049e-05
1.0408058e-05
1.0117761e-05
9.8208066e-06
9.517925e-06
9.2099245e-06
8.8976803e-06
8.5821251e-06
8.2642396e-06
7.9450372e-06
7.6255535e-06
7.3068309e-06
6.9899039e-06
6.6757872e-06
6.3654606e-06
6.0598578e-06
5.7598552e-06
5.4662624e-06
5.1798143e-06
4.9011745e-06
4.630984e-06
1.7012078e-05
1.6868836e-05
1.6733671e-05
1.6605695e-05
1.6484067e-05
1.6368004e-05
1.6256753e-05
1.6149598e-05
1.6045861e-05
1.5944884e-05
1.5846035e-05
1.5748705e-05
1.5652307e-05
1.5556261e-05
1.5460005e-05
1.5362992e-05
1.5264677e-05
1.5164524e-05
1.5062002e-05
1.4956598e-05
1.484779e-05
1.4735068e-05
1.4617926e-05
1.4495866e-05
1.4368398e-05
1.4235043e-05
1.4095334e-05
1.3948816e-05
1.3795058e-05
1.3633651e-05
1.3464212e-05
1.3286395e-05
1.3099886e-05
1.290442e-05
1.2699786e-05
1.2485822e-05
1.2262435e-05
1.2029602e-05
1.1787371e-05
1.1535874e-05
1.1275328e-05
1.1006035e-05
1.0728393e-05
1.0442886e-05
1.0150088e-05
9.850661e-06
9.5453506e-06
9.2349759e-06
8.9204238e-06
8.6026389e-06
8.282611e-06
7.961364e-06
7.6399396e-06
7.3193874e-06
7.0007475e-06
6.6850363e-06
6.3732362e-06
6.0662819e-06
5.7650482e-06
5.4703424e-06
5.182896e-06
4.9033683e-06
4.6323971e-06
1.6959264e-05
1.6824155e-05
1.6696183e-05
1.6574512e-05
1.6458348e-05
1.6346945e-05
1.6239585e-05
1.6135583e-05
1.6034287e-05
1.5935063e-05
1.5837305e-05
1.5740415e-05
1.5643817e-05
1.5546949e-05
1.5449255e-05
1.5350189e-05
1.5249217e-05
1.5145806e-05
1.5039436e-05
1.4929584e-05
1.4815736e-05
1.4697387e-05
1.4574039e-05
1.4445195e-05
1.4310373e-05
1.4169108e-05
1.4020947e-05
1.3865453e-05
1.3702218e-05
1.3530863e-05
1.335104e-05
1.3162441e-05
1.2964804e-05
1.2757919e-05
1.2541632e-05
1.2315856e-05
1.2080575e-05
1.1835847e-05
1.1581811e-05
1.1318696e-05
1.1046817e-05
1.0766581e-05
1.0478486e-05
1.0183119e-05
9.881156e-06
9.5733541e-06
9.2605454e-06
8.9436284e-06
8.6235592e-06
8.301338e-06
7.9779979e-06
7.6545896e-06
7.3321677e-06
7.0117768e-06
6.6944383e-06
6.3811359e-06
6.0728034e-06
5.7703151e-06
5.4744758e-06
5.1860136e-06
4.9055831e-06
4.6338184e-06
1.6917566e-05
1.678957e-05
1.666782e-05
1.6551528e-05
1.6439937e-05
1.6332339e-05
1.6228048e-05
1.6126406e-05
1.6026781e-05
1.5928558e-05
1.5831143e-05
1.5733961e-05
1.5636443e-05
1.5538031e-05
1.5438179e-05
1.5336351e-05
1.5232012e-05
1.5124631e-05
1.501369e-05
1.4898675e-05
1.4779074e-05
1.4654383e-05
1.452411e-05
1.438777e-05
1.4244893e-05
1.4095025e-05
1.3937733e-05
1.377261e-05
1.3599274e-05
1.3417379e-05
1.3226619e-05
1.3026738e-05
1.2817529e-05
1.2598846e-05
1.2370606e-05
1.2132799e-05
1.1885496e-05
1.1628848e-05
1.136309e-05
1.1088549e-05
1.0805646e-05
1.0514891e-05
1.0216885e-05
9.9123173e-06
9.6019567e-06
9.2866502e-06
8.9673084e-06
8.644899e-06
8.3204324e-06
7.9949506e-06
7.6695126e-06
7.3451787e-06
7.0229996e-06
6.7039994e-06
6.3891629e-06
6.0794249e-06
5.7756583e-06
5.4786651e-06
5.1891689e-06
4.9078196e-06
4.6352478e-06
1.701402e-05
1.6885969e-05
1.676411e-05
1.6647655e-05
1.6535856e-05
1.6427993e-05
1.6323376e-05
1.6221354e-05
1.6121291e-05
1.6022574e-05
1.5924606e-05
1.5826805e-05
1.5728599e-05
1.5629432e-05
1.552876e-05
1.5426033e-05
1.5320718e-05
1.5212287e-05
1.5100215e-05
1.4983982e-05
1.4863077e-05
1.4736993e-05
1.4605235e-05
1.4467319e-05
1.432277e-05
1.4171137e-05
1.4011985e-05
1.3844903e-05
1.3669513e-05
1.3485475e-05
1.3292484e-05
1.3090284e-05
1.2878674e-05
1.2657514e-05
1.2426732e-05
1.2186326e-05
1.1936369e-05
1.1677025e-05
1.1408542e-05
1.1131263e-05
1.0845616e-05
1.0552125e-05
1.0251406e-05
9.9441622e-06
9.6311769e-06
9.3133079e-06
8.991479e-06
8.6666707e-06
8.339904e-06
8.01223e-06
7.684715e-06
7.3584275e-06
7.0344212e-06
6.7137239e-06
6.3973222e-06
6.0861507e-06
5.7810804e-06
5.4829104e-06
5.1923617e-06
4.9100779e-06
4.6366858e-06
1.6985518e-05
1.686352e-05
1.6746873e-05
1.6634825e-05
1.6526662e-05
1.6421693e-05
1.6319259e-05
1.6218727e-05
1.6119482e-05
1.6020919e-05
1.5922459e-05
1.5823533e-05
1.5723575e-05
1.5622035e-05
1.551837e-05
1.5412039e-05
1.530251e-05
1.5189256e-05
1.5071755e-05
1.4949491e-05
1.4821962e-05
1.4688663e-05
1.4549107e-05
1.4402827e-05
1.4249363e-05
1.4088279e-05
1.3919172e-05
1.3741661e-05
1.3555402e-05
1.3360102e-05
1.3155505e-05
1.2941415e-05
1.27177e-05
1.2484293e-05
1.2241199e-05
1.1988506e-05
1.1726387e-05
1.1455101e-05
1.1174998e-05
1.0886525e-05
1.0590221e-05
1.0286713e-05
9.9767189e-06
9.6610361e-06
9.3405371e-06
9.0161581e-06
8.6888911e-06
8.3597673e-06
8.0298476e-06
7.7002077e-06
7.3719211e-06
7.046047e-06
6.7236158e-06
6.4056161e-06
6.0929819e-06
5.786583e-06
5.4872154e-06
5.1955942e-06
4.9123589e-06
4.6381324e-06
1.6966188e-05
1.6849315e-05
1.6736989e-05
1.6628491e-05
1.6523133e-05
1.6420256e-05
1.6319219e-05
1.6219406e-05
1.6120215e-05
1.6021063e-05
1.5921373e-05
1.5820582e-05
1.5718133e-05
1.5613483e-05
1.5506089e-05
1.5395412e-05
1.5280926e-05
1.5162107e-05
1.5038432e-05
1.4909394e-05
1.4774493e-05
1.4633239e-05
1.4485159e-05
1.4329795e-05
1.4166714e-05
1.3995505e-05
1.3815793e-05
1.362724e-05
1.3429548e-05
1.3222471e-05
1.3005821e-05
1.2779465e-05
1.2543345e-05
1.2297479e-05
1.2041962e-05
1.1776977e-05
1.1502798e-05
1.1219788e-05
1.0928408e-05
1.0629208e-05
1.0322833e-05
1.0010012e-05
9.6915578e-06
9.3683583e-06
9.0413621e-06
8.7115722e-06
8.3800325e-06
8.0478142e-06
7.7159982e-06
7.3856663e-06
7.057883e-06
6.733681e-06
6.41405e-06
6.0999233e-06
5.7921688e-06
5.4915796e-06
5.1988664e-06
4.9146633e-06
4.6395881e-06
1.7072223e-05
1.6955092e-05
1.6842454e-05
1.6733591e-05
1.6627812e-05
1.6524455e-05
1.6422879e-05
1.6322465e-05
1.622261e-05
1.6122724e-05
1.6022229e-05
1.5920564e-05
1.5817169e-05
1.5711491e-05
1.5602984e-05
1.5491112e-05
1.5375342e-05
1.5255144e-05
1.5130001e-05
1.4999398e-05
1.4862832e-05
1.4719814e-05
1.4569865e-05
1.4412528e-05
1.4247371e-05
1.4073985e-05
1.3891995e-05
1.3701064e-05
1.35009e-05
1.329126e-05
1.3071955e-05
1.2842868e-05
1.2603949e-05
1.2355218e-05
1.2096786e-05
1.1828847e-05
1.1551686e-05
1.1265681e-05
1.0971305e-05
1.0669124e-05
1.0359796e-05
1.0044069e-05
9.7227673e-06
9.3967927e-06
9.0671091e-06
8.7347322e-06
8.4007165e-06
8.0661411e-06
7.7320978e-06
7.3996742e-06
7.0699376e-06
6.7439246e-06
6.4226268e-06
6.1069771e-06
5.7978403e-06
5.4960058e-06
5.2021805e-06
4.9169917e-06
4.6410526e-06
1.7063405e-05
1.6950515e-05
1.6841335e-05
1.6735176e-05
1.6631375e-05
1.6529291e-05
1.6428299e-05
1.6327792e-05
1.6227186e-05
1.6125896e-05
1.6023354e-05
1.5918999e-05
1.5812276e-05
1.5702641e-05
1.558955e-05
1.5472467e-05
1.5350862e-05
1.5224211e-05
1.5091998e-05
1.4953718e-05
1.480888e-05
1.4657006e-05
1.4497638e-05
1.433034e-05
1.4154706e-05
1.3970363e-05
1.3776977e-05
1.3574257e-05
1.3361963e-05
1.3139922e-05
1.2908016e-05
1.26662e-05
1.2414514e-05
1.2153075e-05
1.1882088e-05
1.160185e-05
1.1312754e-05
1.1015288e-05
1.0710035e-05
1.0397668e-05
1.0078947e-05
9.7547172e-06
9.4258917e-06
9.0934467e-06
8.7584126e-06
8.4218541e-06
8.0848615e-06
7.7485341e-06
7.413965e-06
7.0822288e-06
6.754364e-06
6.4313615e-06
6.1141541e-06
5.803605e-06
5.5004998e-06
5.2055394e-06
4.9193458e-06
4.642527e-06
1.70617e-05
1.6952207e-05
1.6845667e-05
1.6741417e-05
1.6638811e-05
1.6537226e-05
1.6436059e-05
1.6334711e-05
1.6232598e-05
1.6129151e-05
1.6023811e-05
1.5916015e-05
1.5805211e-05
1.5690859e-05
1.5572419e-05
1.5449354e-05
1.5321142e-05
1.5187262e-05
1.504721e-05
1.490049e-05
1.4746624e-05
1.4585151e-05
1.4415637e-05
1.4237677e-05
1.40509e-05
1.3854971e-05
1.3649606e-05
1.3434575e-05
1.3209704e-05
1.2974884e-05
1.2730083e-05
1.2475345e-05
1.2210799e-05
1.1936665e-05
1.1653256e-05
1.1360977e-05
1.1060331e-05
1.0751916e-05
1.0436422e-05
1.0114625e-05
9.7873843e-06
9.4556281e-06
9.120349e-06
8.7825882e-06
8.4434229e-06
8.103954e-06
7.7652885e-06
7.4285263e-06
7.0947448e-06
6.7649864e-06
6.4402433e-06
6.1214471e-06
5.809458e-06
5.5050573e-06
5.2089411e-06
4.9217243e-06
4.6440104e-06
1.7176542e-05
1.7066696e-05
1.6959738e-05
1.6854999e-05
1.6751833e-05
1.6649616e-05
1.6547737e-05
1.64456e-05
1.6342622e-05
1.6238227e-05
1.6131845e-05
1.602292e-05
1.5910898e-05
1.5795229e-05
1.5675369e-05
1.5550784e-05
1.5420947e-05
1.5285337e-05
1.5143441e-05
1.4994764e-05
1.4838824e-05
1.4675165e-05
1.4503355e-05
1.4322982e-05
1.4133678e-05
1.3935119e-05
1.3727019e-05
1.3509152e-05
1.328135e-05
1.3043517e-05
1.2795627e-05
1.2537736e-05
1.2269986e-05
1.1992608e-05
1.1705928e-05
1.1410368e-05
1.1106447e-05
1.0794777e-05
1.0476064e-05
1.0151105e-05
9.8207698e-06
9.4860056e-06
9.1478188e-06
8.8072617e-06
8.4654256e-06
8.1234203e-06
7.7823611e-06
7.4433546e-06
7.1074835e-06
6.7757917e-06
6.4492717e-06
6.1288542e-06
5.8153973e-06
5.5096773e-06
5.2123843e-06
4.9241274e-06
4.6455038e-06
1.7295212e-05
1.7184973e-05
1.7077552e-05
1.6972284e-05
1.6868516e-05
1.6765625e-05
1.6662994e-05
1.6560026e-05
1.6456131e-05
1.6350733e-05
1.6243263e-05
1.6133157e-05
1.6019855e-05
1.5902807e-05
1.578147e-05
1.56553e-05
1.5523767e-05
1.5386349e-05
1.5242531e-05
1.5091816e-05
1.4933727e-05
1.4767799e-05
1.4593598e-05
1.4410723e-05
1.4218804e-05
1.4017514e-05
1.3806578e-05
1.3585774e-05
1.3354944e-05
1.3113995e-05
1.2862913e-05
1.2601765e-05
1.2330703e-05
1.2049975e-05
1.1759921e-05
1.1460977e-05
1.1153678e-05
1.0838656e-05
1.0516633e-05
1.0188418e-05
9.8549042e-06
9.5170501e-06
9.1758761e-06
8.8324517e-06
8.4878773e-06
8.1432733e-06
7.7997643e-06
7.4584621e-06
7.1204537e-06
6.7867856e-06
6.4584518e-06
6.1363806e-06
5.8214263e-06
5.5143617e-06
5.2158706e-06
4.926555e-06
4.6470063e-06
1.7307215e-05
1.7199293e-05
1.7093449e-05
1.6989038e-05
1.6885424e-05
1.6781992e-05
1.667814e-05
1.657328e-05
1.6466828e-05
1.6358212e-05
1.6246865e-05
1.6132223e-05
1.6013735e-05
1.5890849e-05
1.5763025e-05
1.5629726e-05
1.5490423e-05
1.5344608e-05
1.5191778e-05
1.5031448e-05
1.4863161e-05
1.4686481e-05
1.4501007e-05
1.4306371e-05
1.410225e-05
1.3888375e-05
1.366453e-05
1.343056e-05
1.3186385e-05
1.2932e-05
1.2667483e-05
1.2393003e-05
1.2108815e-05
1.1815277e-05
1.1512843e-05
1.1202064e-05
1.0883589e-05
1.0558156e-05
1.0226595e-05
9.8898103e-06
9.5487804e-06
9.2045412e-06
8.8581735e-06
8.5107913e-06
8.1635245e-06
7.8175053e-06
7.4738533e-06
7.13366e-06
6.7979734e-06
6.4677867e-06
6.1440275e-06
5.8275467e-06
5.5191122e-06
5.2194013e-06
4.9290078e-06
4.6485182e-06
1.7325167e-05
1.7218705e-05
1.7113599e-05
1.7009214e-05
1.6904932e-05
1.6800149e-05
1.6694267e-05
1.6586706e-05
1.6476885e-05
1.6364236e-05
1.6248193e-05
1.6128196e-05
1.6003694e-05
1.5874138e-05
1.5738993e-05
1.5597731e-05
1.5449831e-05
1.5294793e-05
1.5132134e-05
1.4961393e-05
1.4782137e-05
1.4593961e-05
1.4396502e-05
1.4189447e-05
1.3972524e-05
1.3745523e-05
1.35083e-05
1.3260783e-05
1.3002981e-05
1.2734981e-05
1.2456961e-05
1.2169198e-05
1.1872064e-05
1.1566029e-05
1.1251661e-05
1.0929626e-05
1.0600681e-05
1.0265672e-05
9.9255243e-06
9.58123e-06
9.2338404e-06
8.8844507e-06
8.5341862e-06
8.1841888e-06
7.8355991e-06
7.4895424e-06
7.1471132e-06
6.809362e-06
6.4772829e-06
6.1518008e-06
5.833763e-06
5.5239312e-06
5.2229769e-06
4.9314871e-06
4.6500405e-06
1.7242399e-05
1.7137192e-05
1.7032008e-05
1.6926236e-05
1.6819277e-05
1.6710546e-05
1.6599461e-05
1.6485443e-05
1.6367927e-05
1.6246349e-05
1.6120157e-05
1.5988796e-05
1.5851723e-05
1.5708413e-05
1.5558342e-05
1.5401004e-05
1.523592e-05
1.5062627e-05
1.4880688e-05
1.4689705e-05
1.4489319e-05
1.4279212e-05
1.4059121e-05
1.3828849e-05
1.3588256e-05
1.3337278e-05
1.3075934e-05
1.2804325e-05
1.2522648e-05
1.223119e-05
1.1930341e-05
1.1620585e-05
1.1302511e-05
1.0976805e-05
1.064424e-05
1.0305681e-05
9.9620707e-06
9.6144186e-06
9.2637923e-06
8.9112998e-06
8.5580795e-06
8.2052826e-06
7.8540581e-06
7.5055377e-06
7.16082e-06
6.8209586e-06
6.4869455e-06
6.1597037e-06
5.8400764e-06
5.5288204e-06
5.2266e-06
4.9339933e-06
4.6515728e-06
1.7163451e-05
1.705663e-05
1.6948535e-05
1.683857e-05
1.6726149e-05
1.6610695e-05
1.6491638e-05
1.6368408e-05
1.6240443e-05
1.6107191e-05
1.5968109e-05
1.5822658e-05
1.5670322e-05
1.5510592e-05
1.534298e-05
1.5167024e-05
1.4982292e-05
1.4788388e-05
1.4584952e-05
1.4371677e-05
1.4148302e-05
1.391463e-05
1.3670539e-05
1.3415973e-05
1.3150958e-05
1.2875614e-05
1.2590149e-05
1.2294868e-05
1.1990175e-05
1.1676577e-05
1.1354677e-05
1.1025182e-05
1.0688885e-05
1.0346669e-05
9.9994936e-06
9.6483863e-06
9.2944293e-06
8.9387477e-06
8.5824907e-06
8.2268205e-06
7.8728949e-06
7.521851e-06
7.1747914e-06
6.8327698e-06
6.4967796e-06
6.1677405e-06
5.8464917e-06
5.5337831e-06
5.2302715e-06
4.9365275e-06
4.6531158e-06
1.6857155e-05
1.6740194e-05
1.6619519e-05
1.6494553e-05
1.6364735e-05
1.6229507e-05
1.6088322e-05
1.5940641e-05
1.5785936e-05
1.5623703e-05
1.5453456e-05
1.527473e-05
1.5087093e-05
1.4890151e-05
1.4683547e-05
1.4466973e-05
1.4240183e-05
1.4002985e-05
1.3755259e-05
1.3496966e-05
1.3228148e-05
1.2948934e-05
1.2659544e-05
1.2360304e-05
1.2051636e-05
1.1734065e-05
1.1408216e-05
1.1074807e-05
1.0734659e-05
1.0388671e-05
1.0037823e-05
9.6831591e-06
9.3257777e-06
8.966817e-06
8.6074415e-06
8.2488224e-06
7.8921259e-06
7.5384952e-06
7.1890365e-06
6.8448056e-06
6.5067936e-06
6.1759177e-06
5.8530119e-06
5.5388207e-06
5.2339932e-06
4.9390901e-06
4.6546692e-06
1.6751538e-05
1.6624789e-05
1.6493061e-05
1.6355795e-05
1.6212436e-05
1.6062442e-05
1.5905288e-05
1.5740465e-05
1.5567485e-05
1.5385886e-05
1.5195235e-05
1.4995136e-05
1.4785239e-05
1.4565245e-05
1.4334908e-05
1.4094048e-05
1.3842557e-05
1.3580402e-05
1.3307638e-05
1.0781644e-05
1.0431765e-05
1.0077127e-05
9.7187971e-06
9.3578887e-06
8.9955545e-06
8.6329718e-06
8.2713221e-06
7.9117799e-06
7.5554949e-06
7.2035765e-06
6.8570812e-06
6.516999e-06
6.1842439e-06
5.8596454e-06
5.5439401e-06
5.237769e-06
4.9416843e-06
4.656235e-06
1.6759341e-05
1.6625625e-05
1.6486232e-05
1.6340606e-05
1.6188208e-05
1.6028506e-05
1.5860987e-05
1.5685163e-05
1.5500568e-05
1.5306777e-05
1.5103399e-05
1.4890083e-05
1.4666534e-05
1.4432514e-05
1.4187852e-05
1.3932449e-05
1.3666286e-05
1.3389431e-05
7.5728389e-06
7.2184018e-06
6.869589e-06
6.5273899e-06
6.1927153e-06
5.8663875e-06
5.549137e-06
5.2415961e-06
4.9443071e-06
4.6578112e-06
1.6762677e-05
1.6621063e-05
1.6473072e-05
1.6318156e-05
1.6155786e-05
1.5985451e-05
1.5806657e-05
1.5618944e-05
1.5421884e-05
1.5215083e-05
1.4998205e-05
1.4770956e-05
1.4533103e-05
5.2454752e-06
4.9469603e-06
4.659399e-06
1.6610062e-05
1.6452514e-05
1.6287358e-05
1.6114077e-05
1.5932184e-05
1.5741212e-05
1.5540739e-05
1.5330376e-05
1.5109782e-05
1.4878677e-05
1.642346e-05
1.6247099e-05
1.606196e-05
1.5867586e-05
1.5663548e-05
1.6564347e-05
1.6384762e-05
1.6196234e-05
1.59983e-05
1.6710313e-05
1.6527349e-05
)
;

boundaryField
{
    Side
    {
        type            empty;
    }
    Inlet
    {
        type            zeroGradient;
    }
    Airfoil
    {
        type            zeroGradient;
    }
    Outlet
    {
        type            zeroGradient;
    }
    procBoundary23to27
    {
        type            processor;
        value           nonuniform List<scalar> 
49
(
1.3024409e-05
1.2730956e-05
1.2427618e-05
1.2114837e-05
1.1793155e-05
1.1463217e-05
1.1125769e-05
1.3024409e-05
1.1125769e-05
1.0829821e-05
1.0475928e-05
1.0117389e-05
9.7552839e-06
9.3907459e-06
9.0249439e-06
8.6590652e-06
8.2943047e-06
7.9318443e-06
1.4284489e-05
1.4025024e-05
1.3754699e-05
1.3102042e-05
1.34736e-05
7.9318443e-06
7.5905285e-06
7.2335112e-06
6.8823278e-06
6.5379653e-06
6.2013293e-06
5.8732372e-06
5.5544115e-06
1.4284489e-05
1.4636841e-05
5.5544115e-06
5.2494071e-06
4.949643e-06
4.6609978e-06
1.5449465e-05
1.5225002e-05
1.4636841e-05
1.4989881e-05
1.5449465e-05
1.5790538e-05
1.6335265e-05
1.5790538e-05
1.6133603e-05
1.6861657e-05
1.6335265e-05
1.6675145e-05
)
;
    }
    procBoundary23to43
    {
        type            processor;
        value           nonuniform List<scalar> 
62
(
1.9131246e-05
1.8816223e-05
1.8524613e-05
1.8254487e-05
1.8004067e-05
1.8004067e-05
1.8082993e-05
1.8162125e-05
1.8013205e-05
1.7798827e-05
1.7599299e-05
1.7413317e-05
1.7239624e-05
1.7239624e-05
1.7164336e-05
1.7164336e-05
1.7102389e-05
1.7102389e-05
1.7052642e-05
1.7052642e-05
1.71491e-05
1.7113657e-05
1.7113657e-05
1.7088362e-05
1.7088362e-05
1.7194601e-05
1.7180727e-05
1.7180727e-05
1.7174841e-05
1.7174841e-05
1.7289968e-05
1.7408964e-05
1.7417885e-05
1.7417885e-05
1.7433638e-05
1.7433638e-05
1.7455378e-05
1.734825e-05
1.734825e-05
1.7375679e-05
1.7269597e-05
1.7269597e-05
1.7299458e-05
1.7191535e-05
1.7082238e-05
1.6970974e-05
1.6970974e-05
1.6992377e-05
1.6873875e-05
1.6873875e-05
1.6887944e-05
1.6887944e-05
1.6898477e-05
1.6898477e-05
1.6904486e-05
1.6760536e-05
1.6760536e-05
1.6751839e-05
1.6591535e-05
1.6591535e-05
1.6735481e-05
1.6884651e-05
)
;
    }
    procBoundary23to47
    {
        type            processor;
        value           nonuniform List<scalar> 
34
(
1.6586439e-05
1.6619781e-05
1.6654514e-05
1.6654514e-05
1.6956449e-05
1.6956449e-05
1.7279769e-05
1.7317478e-05
1.7356774e-05
1.7356774e-05
1.7705009e-05
1.7746675e-05
1.7787277e-05
1.7787277e-05
1.8158343e-05
1.8200707e-05
1.824496e-05
1.8291149e-05
1.8291149e-05
1.8691681e-05
1.8741007e-05
1.8741007e-05
1.8993909e-05
1.905816e-05
1.912209e-05
1.9185362e-05
1.9247667e-05
1.9310093e-05
1.9376011e-05
1.9446263e-05
1.9259271e-05
1.9259271e-05
1.9327345e-05
1.939814e-05
)
;
    }
    procBoundary23to55
    {
        type            processor;
        value           nonuniform List<scalar> 
83
(
5.083599e-06
4.8295498e-06
4.5811774e-06
7.7750358e-06
7.5070258e-06
7.2364934e-06
6.9642871e-06
6.6912802e-06
6.4183598e-06
6.1464151e-06
5.8763249e-06
5.6089461e-06
5.3451024e-06
5.3451024e-06
8.5674345e-06
8.310762e-06
8.0492963e-06
8.0492963e-06
9.0773915e-06
8.8312417e-06
8.8312417e-06
9.565441e-06
9.3318245e-06
9.3318245e-06
1.3426595e-05
1.3342189e-05
1.3257545e-05
1.3172179e-05
1.3085618e-05
1.2997398e-05
1.2907058e-05
1.281414e-05
1.2718199e-05
1.261879e-05
1.024028e-05
1.0028513e-05
9.8088851e-06
9.8088851e-06
1.4407776e-05
1.4296152e-05
1.4189989e-05
1.4088594e-05
1.3991319e-05
1.3897536e-05
1.3806652e-05
1.3718094e-05
1.3631311e-05
1.354577e-05
1.354577e-05
1.254656e-05
1.254656e-05
1.2438393e-05
1.2325429e-05
1.0661269e-05
1.0464622e-05
1.0464622e-05
1.5270419e-05
1.5109371e-05
1.4958868e-05
1.4817911e-05
1.4685569e-05
1.4560972e-05
1.4560972e-05
1.2237454e-05
1.2237454e-05
1.2113025e-05
1.1982559e-05
1.1845691e-05
1.105428e-05
1.0872857e-05
1.0872857e-05
1.6305501e-05
1.6074748e-05
1.5860659e-05
1.5661831e-05
1.5476919e-05
1.5476919e-05
1.1730174e-05
1.1730174e-05
1.1578673e-05
1.1419783e-05
1.1253253e-05
1.1253253e-05
)
;
    }
}


// ************************************************************************* //
