/*--------------------------------*- C++ -*----------------------------------*\
| =========                 |                                                 |
| \\      /  F ield         | OpenFOAM: The Open Source CFD Toolbox           |
|  \\    /   O peration     | Version:  2506                                  |
|   \\  /    A nd           | Website:  www.openfoam.com                      |
|    \\/     M anipulation  |                                                 |
\*---------------------------------------------------------------------------*/
FoamFile
{
    version     2.0;
    format      ascii;
    arch        "LSB;label=32;scalar=64";
    class       volScalarField;
    location    "0.00027";
    object      Ma;
}
// * * * * * * * * * * * * * * * * * * * * * * * * * * * * * * * * * * * * * //

dimensions      [0 0 0 0 0 0 0];

internalField   nonuniform List<scalar> 
3447
(
0.29959231
0.29959231
0.29959229
0.29959231
0.29959231
0.29959231
0.29959231
0.29959231
0.29959231
0.29959231
0.29959231
0.29959231
0.29959231
0.29959231
0.29959231
0.29959231
0.29959231
0.29959231
0.29959231
0.29959231
0.29959231
0.29959231
0.29959231
0.29959231
0.29959231
0.29959231
0.29959231
0.29959231
0.29959229
0.29959231
0.29959231
0.29959231
0.29959231
0.29959231
0.29959231
0.29959231
0.29959231
0.29959231
0.29959231
0.29959231
0.29959231
0.29959231
0.29959231
0.29959231
0.29959231
0.29959231
0.29959231
0.29959231
0.29959231
0.29959231
0.29959231
0.29959231
0.29959231
0.29959231
0.29959231
0.29959231
0.29959231
0.29959231
0.29959235
0.29959231
0.29959231
0.29959231
0.29959231
0.29959231
0.29959231
0.29959231
0.29959231
0.29959231
0.29959231
0.29959231
0.29959231
0.29959231
0.29959231
0.29959231
0.29959231
0.29959231
0.29959231
0.29959231
0.29959231
0.29959231
0.29959231
0.29959231
0.29959231
0.29959231
0.29959231
0.29959231
0.29959231
0.29959231
0.29959231
0.29959231
0.29959237
0.29959231
0.29959231
0.29959231
0.29959231
0.29959231
0.29959231
0.29959231
0.29959231
0.29959231
0.29959231
0.29959231
0.29959231
0.29959231
0.29959231
0.29959231
0.29959231
0.29959231
0.29959231
0.29959231
0.29959231
0.29959231
0.29959231
0.29959231
0.29959231
0.29959231
0.29959231
0.29959231
0.29959231
0.29959231
0.29959231
0.29959231
0.29959231
0.29959231
0.29959233
0.29959229
0.29959229
0.29959229
0.29959231
0.29959231
0.29959231
0.29959231
0.29959231
0.29959231
0.29959231
0.29959231
0.29959231
0.29959231
0.29959231
0.29959231
0.29959231
0.29959231
0.29959231
0.29959231
0.29959231
0.29959231
0.29959231
0.29959231
0.29959231
0.29959231
0.29959231
0.29959231
0.29959231
0.29959231
0.29959231
0.29959231
0.29959231
0.29959231
0.29959231
0.29959231
0.29959231
0.29959231
0.29959231
0.29959231
0.29959231
0.29959234
0.2995923
0.2995923
0.29959229
0.29959228
0.29959228
0.29959229
0.2995923
0.29959231
0.29959232
0.29959232
0.29959232
0.29959231
0.29959231
0.29959231
0.29959231
0.29959231
0.29959231
0.29959231
0.29959231
0.29959231
0.29959231
0.29959231
0.29959231
0.29959231
0.29959231
0.29959231
0.29959231
0.29959231
0.29959231
0.29959231
0.29959231
0.29959231
0.29959231
0.29959231
0.29959231
0.29959231
0.29959231
0.29959231
0.29959231
0.29959231
0.29959231
0.29959231
0.29959231
0.29959231
0.29959231
0.29959231
0.29959231
0.29959231
0.29959231
0.29959231
0.29959231
0.29959233
0.2995923
0.2995923
0.29959229
0.29959228
0.29959228
0.29959229
0.29959231
0.29959232
0.29959232
0.29959232
0.29959232
0.29959231
0.29959231
0.29959231
0.29959231
0.29959231
0.29959231
0.29959231
0.29959231
0.29959231
0.29959231
0.29959231
0.29959231
0.29959231
0.29959231
0.29959231
0.29959231
0.29959231
0.29959231
0.29959231
0.29959231
0.29959231
0.29959231
0.29959231
0.29959231
0.29959231
0.29959231
0.29959231
0.29959231
0.29959231
0.29959231
0.29959231
0.29959231
0.29959231
0.29959231
0.29959231
0.29959231
0.29959231
0.29959231
0.29959231
0.29959231
0.29959231
0.29959231
0.29959231
0.29959231
0.29959231
0.29959231
0.29959231
0.29959231
0.29959231
0.29959231
0.29959231
0.29959231
0.29959231
0.29959229
0.2995923
0.2995923
0.2995923
0.29959229
0.29959229
0.29959229
0.2995923
0.29959231
0.29959232
0.29959232
0.29959232
0.29959232
0.29959231
0.29959231
0.29959231
0.29959231
0.29959231
0.29959231
0.29959231
0.29959231
0.29959231
0.29959231
0.29959231
0.29959231
0.29959231
0.29959231
0.29959231
0.29959231
0.29959231
0.29959231
0.29959231
0.29959231
0.29959231
0.29959231
0.29959231
0.29959231
0.29959231
0.29959231
0.29959231
0.29959231
0.29959231
0.29959231
0.29959231
0.29959231
0.29959231
0.29959231
0.29959231
0.29959231
0.29959231
0.29959231
0.29959231
0.29959231
0.29959231
0.29959231
0.29959231
0.29959231
0.29959231
0.29959231
0.29959231
0.29959231
0.29959231
0.29959231
0.29959231
0.29959231
0.29959231
0.29959229
0.2995923
0.2995923
0.2995923
0.2995923
0.2995923
0.2995923
0.2995923
0.29959231
0.29959232
0.29959233
0.29959232
0.29959232
0.29959231
0.29959231
0.29959231
0.29959231
0.29959231
0.29959231
0.29959231
0.29959231
0.29959231
0.29959231
0.29959231
0.29959231
0.29959231
0.29959231
0.29959231
0.29959231
0.29959231
0.29959231
0.29959231
0.29959231
0.29959231
0.29959231
0.29959231
0.29959231
0.29959231
0.29959231
0.29959231
0.29959231
0.29959231
0.29959231
0.29959231
0.29959231
0.29959231
0.29959231
0.29959231
0.29959231
0.29959231
0.29959231
0.29959231
0.29959231
0.29959231
0.29959231
0.29959231
0.29959231
0.29959231
0.29959231
0.29959231
0.29959231
0.29959231
0.29959231
0.29959231
0.29959231
0.29959231
0.29959235
0.2995923
0.29959231
0.29959231
0.29959231
0.29959231
0.2995923
0.2995923
0.29959231
0.29959231
0.29959232
0.29959233
0.29959232
0.29959232
0.29959231
0.29959231
0.29959231
0.29959231
0.29959231
0.29959231
0.29959231
0.29959231
0.29959231
0.29959231
0.29959231
0.29959231
0.29959231
0.29959231
0.29959231
0.29959231
0.29959231
0.29959231
0.29959231
0.29959231
0.29959231
0.29959231
0.29959231
0.29959231
0.29959231
0.29959231
0.29959231
0.29959231
0.29959231
0.29959231
0.29959231
0.29959231
0.29959231
0.29959231
0.29959231
0.29959231
0.29959231
0.29959231
0.29959231
0.29959231
0.29959231
0.29959231
0.29959231
0.29959231
0.29959231
0.29959231
0.29959231
0.29959231
0.29959231
0.29959231
0.29959231
0.29959231
0.29959231
0.29959238
0.29959231
0.29959231
0.29959231
0.29959231
0.29959231
0.29959231
0.2995923
0.2995923
0.29959231
0.29959231
0.29959232
0.29959233
0.29959232
0.29959232
0.29959231
0.29959231
0.29959231
0.29959231
0.29959231
0.29959231
0.29959231
0.29959231
0.29959231
0.29959231
0.29959231
0.29959231
0.29959231
0.29959231
0.29959231
0.29959231
0.29959231
0.29959231
0.29959231
0.29959231
0.29959231
0.29959231
0.29959231
0.29959231
0.29959231
0.29959231
0.29959231
0.29959231
0.29959231
0.29959231
0.29959231
0.29959231
0.29959231
0.29959231
0.29959231
0.29959231
0.29959231
0.29959231
0.29959231
0.29959231
0.29959231
0.29959231
0.29959231
0.29959231
0.29959231
0.29959231
0.29959231
0.29959231
0.29959231
0.29959231
0.29959231
0.29959231
0.29959231
0.29959233
0.29959231
0.29959231
0.29959232
0.29959232
0.29959232
0.29959231
0.2995923
0.2995923
0.29959231
0.29959232
0.29959232
0.29959233
0.29959232
0.29959232
0.29959231
0.29959231
0.29959231
0.29959231
0.29959231
0.29959231
0.29959231
0.29959231
0.29959231
0.29959231
0.29959231
0.29959231
0.29959231
0.29959231
0.29959231
0.29959231
0.29959231
0.29959231
0.29959231
0.29959231
0.29959231
0.29959231
0.29959231
0.29959231
0.29959231
0.29959231
0.29959231
0.29959231
0.29959231
0.29959231
0.29959231
0.29959231
0.29959231
0.29959231
0.29959231
0.29959231
0.29959231
0.29959231
0.29959231
0.29959231
0.29959231
0.29959231
0.29959231
0.29959231
0.29959231
0.29959231
0.29959231
0.29959231
0.29959231
0.29959231
0.29959231
0.29959231
0.29959231
0.29959232
0.29959232
0.29959231
0.29959231
0.29959232
0.29959232
0.29959232
0.29959231
0.29959231
0.2995923
0.29959231
0.29959232
0.29959232
0.29959233
0.29959232
0.29959232
0.29959231
0.29959231
0.29959231
0.29959231
0.29959231
0.29959231
0.29959231
0.29959231
0.29959231
0.29959231
0.29959231
0.29959231
0.29959231
0.29959231
0.29959231
0.29959231
0.29959231
0.29959231
0.29959231
0.29959231
0.29959231
0.29959231
0.29959231
0.29959231
0.29959231
0.29959231
0.29959231
0.29959231
0.29959231
0.29959231
0.29959231
0.29959231
0.29959231
0.29959231
0.29959231
0.29959231
0.29959231
0.29959231
0.29959231
0.29959231
0.29959231
0.29959231
0.29959231
0.29959231
0.29959231
0.29959231
0.29959231
0.29959231
0.29959231
0.29959231
0.29959231
0.29959231
0.29959231
0.29959233
0.29959232
0.29959233
0.29959232
0.29959231
0.29959232
0.29959232
0.29959232
0.29959231
0.29959231
0.2995923
0.29959231
0.29959232
0.29959232
0.29959233
0.29959232
0.29959232
0.29959231
0.29959231
0.29959231
0.29959231
0.29959231
0.29959231
0.29959231
0.29959231
0.29959231
0.29959231
0.29959231
0.29959231
0.29959231
0.29959231
0.29959231
0.29959231
0.29959231
0.29959231
0.29959231
0.29959231
0.29959231
0.29959231
0.29959231
0.29959231
0.29959231
0.29959231
0.29959231
0.29959231
0.29959231
0.29959231
0.29959231
0.29959231
0.29959231
0.29959231
0.29959231
0.29959231
0.29959231
0.29959231
0.29959231
0.29959231
0.29959231
0.29959231
0.29959231
0.29959231
0.29959231
0.29959231
0.29959231
0.29959231
0.29959231
0.29959231
0.29959231
0.29959231
0.29959231
0.29959229
0.29959232
0.29959233
0.29959232
0.29959232
0.29959232
0.29959232
0.29959232
0.29959231
0.29959231
0.2995923
0.29959231
0.29959232
0.29959232
0.29959233
0.29959232
0.29959232
0.29959231
0.29959231
0.29959231
0.29959231
0.29959231
0.29959231
0.29959231
0.29959231
0.29959231
0.29959231
0.29959231
0.29959231
0.29959231
0.29959231
0.29959231
0.29959231
0.29959231
0.29959231
0.29959231
0.29959231
0.29959231
0.29959231
0.29959231
0.29959231
0.29959231
0.29959231
0.29959231
0.29959231
0.29959231
0.29959231
0.29959231
0.29959231
0.29959231
0.29959231
0.29959231
0.29959231
0.29959231
0.29959231
0.29959231
0.29959231
0.29959231
0.29959231
0.29959231
0.29959231
0.29959231
0.29959231
0.29959231
0.29959231
0.29959231
0.29959231
0.29959231
0.29959231
0.29959231
0.29959229
0.29959232
0.29959233
0.29959232
0.29959232
0.29959232
0.29959232
0.29959232
0.29959231
0.29959231
0.2995923
0.29959231
0.29959232
0.29959232
0.29959233
0.29959232
0.29959232
0.29959231
0.29959231
0.29959231
0.29959231
0.29959231
0.29959231
0.29959231
0.29959231
0.29959231
0.29959231
0.29959231
0.29959231
0.29959231
0.29959231
0.29959231
0.29959231
0.29959231
0.29959231
0.29959231
0.29959231
0.29959231
0.29959231
0.29959231
0.29959231
0.29959231
0.29959231
0.29959231
0.29959231
0.29959231
0.29959231
0.29959231
0.29959231
0.29959231
0.29959231
0.29959231
0.29959231
0.29959231
0.29959231
0.29959231
0.29959231
0.29959231
0.29959231
0.29959231
0.29959231
0.29959231
0.29959231
0.29959231
0.29959231
0.29959231
0.29959231
0.29959231
0.29959231
0.29959231
0.29959235
0.29959221
0.29959232
0.29959233
0.29959232
0.29959232
0.29959232
0.29959232
0.29959232
0.29959231
0.29959231
0.2995923
0.29959231
0.29959232
0.29959232
0.29959233
0.29959232
0.29959232
0.29959231
0.29959231
0.29959231
0.29959231
0.29959231
0.29959231
0.29959231
0.29959231
0.29959231
0.29959231
0.29959231
0.29959231
0.29959231
0.29959231
0.29959231
0.29959231
0.29959231
0.29959231
0.29959231
0.29959231
0.29959231
0.29959231
0.29959231
0.29959231
0.29959231
0.29959231
0.29959231
0.29959231
0.29959231
0.29959231
0.29959231
0.29959231
0.29959231
0.29959231
0.29959231
0.29959231
0.29959231
0.29959231
0.29959231
0.29959231
0.29959231
0.29959231
0.29959231
0.29959231
0.29959231
0.29959231
0.29959231
0.29959231
0.29959231
0.29959231
0.29959231
0.29959231
0.29959231
0.29959237
0.29959134
0.29959221
0.29959232
0.29959233
0.29959232
0.29959232
0.29959232
0.29959232
0.29959232
0.29959231
0.29959231
0.2995923
0.29959231
0.29959231
0.29959232
0.29959233
0.29959232
0.29959232
0.29959231
0.29959231
0.29959231
0.29959231
0.29959231
0.29959231
0.29959231
0.29959231
0.29959231
0.29959231
0.29959231
0.29959231
0.29959231
0.29959231
0.29959231
0.29959231
0.29959231
0.29959231
0.29959231
0.29959231
0.29959231
0.29959231
0.29959231
0.29959231
0.29959231
0.29959231
0.29959231
0.29959231
0.29959231
0.29959231
0.29959231
0.29959231
0.29959231
0.29959231
0.29959231
0.29959231
0.29959231
0.29959231
0.29959231
0.29959231
0.29959231
0.29959231
0.29959231
0.29959231
0.29959231
0.29959231
0.29959231
0.29959231
0.29959231
0.29959231
0.29959231
0.29959231
0.29959231
0.29959232
0.29959136
0.29959222
0.29959232
0.29959233
0.29959232
0.29959232
0.29959232
0.29959232
0.29959232
0.29959231
0.29959231
0.2995923
0.29959231
0.29959232
0.29959232
0.29959233
0.29959232
0.29959232
0.29959231
0.29959231
0.29959231
0.29959231
0.29959231
0.29959231
0.29959231
0.29959231
0.29959231
0.29959231
0.29959231
0.29959231
0.29959231
0.29959231
0.29959231
0.29959231
0.29959231
0.29959231
0.29959231
0.29959231
0.29959231
0.29959231
0.29959231
0.29959231
0.29959231
0.29959231
0.29959231
0.29959231
0.29959231
0.29959231
0.29959231
0.29959231
0.29959231
0.29959231
0.29959231
0.29959231
0.29959231
0.29959231
0.29959231
0.29959231
0.29959231
0.29959231
0.29959231
0.29959231
0.29959231
0.29959231
0.29959231
0.29959231
0.29959231
0.29959231
0.29959231
0.29959231
0.29959231
0.29959229
0.29958533
0.29959134
0.29959223
0.29959233
0.29959233
0.29959232
0.29959232
0.29959232
0.29959232
0.29959232
0.29959231
0.29959231
0.2995923
0.29959231
0.29959232
0.29959232
0.29959233
0.29959232
0.29959232
0.29959231
0.29959231
0.29959231
0.29959231
0.29959231
0.29959231
0.29959231
0.29959231
0.29959231
0.29959231
0.29959231
0.29959231
0.29959231
0.29959231
0.29959231
0.29959231
0.29959231
0.29959231
0.29959231
0.29959231
0.29959231
0.29959231
0.29959231
0.29959231
0.29959231
0.29959231
0.29959231
0.29959231
0.29959231
0.29959231
0.29959231
0.29959231
0.29959231
0.29959231
0.29959231
0.29959231
0.29959231
0.29959231
0.29959231
0.29959231
0.29959231
0.29959231
0.29959231
0.29959231
0.29959231
0.29959231
0.29959231
0.29959231
0.29959231
0.29959231
0.29959231
0.29959231
0.29959231
0.29959229
0.29958541
0.29959132
0.29959222
0.29959232
0.29959233
0.29959232
0.29959232
0.29959232
0.29959232
0.29959232
0.29959231
0.29959231
0.2995923
0.29959231
0.29959232
0.29959232
0.29959233
0.29959232
0.29959232
0.29959231
0.29959231
0.29959231
0.29959231
0.29959231
0.29959231
0.29959231
0.29959231
0.29959231
0.29959231
0.29959231
0.29959231
0.29959231
0.29959231
0.29959231
0.29959231
0.29959231
0.29959231
0.29959231
0.29959231
0.29959231
0.29959231
0.29959231
0.29959231
0.29959231
0.29959231
0.29959231
0.29959231
0.29959231
0.29959231
0.29959231
0.29959231
0.29959231
0.29959231
0.29959231
0.29959231
0.29959231
0.29959231
0.29959231
0.29959231
0.29959231
0.29959231
0.29959231
0.29959231
0.29959231
0.29959231
0.29959231
0.29959231
0.29959231
0.29959231
0.29959231
0.29959231
0.29959231
0.29959235
0.29958549
0.29959133
0.29959222
0.29959232
0.29959233
0.29959232
0.29959232
0.29959232
0.29959232
0.29959232
0.29959231
0.29959231
0.2995923
0.29959231
0.29959232
0.29959232
0.29959233
0.29959232
0.29959232
0.29959231
0.29959231
0.29959231
0.29959231
0.29959231
0.29959231
0.29959231
0.29959231
0.29959231
0.29959231
0.29959231
0.29959231
0.29959231
0.29959231
0.29959231
0.29959231
0.29959231
0.29959231
0.29959231
0.29959231
0.29959231
0.29959231
0.29959231
0.29959231
0.29959231
0.29959231
0.29959231
0.29959231
0.29959231
0.29959231
0.29959231
0.29959231
0.29959231
0.29959231
0.29959231
0.29959231
0.29959231
0.29959231
0.29959231
0.29959231
0.29959231
0.29959231
0.29959231
0.29959231
0.29959231
0.29959231
0.29959231
0.29959231
0.29959231
0.29959231
0.29959231
0.29959231
0.29959231
0.29959237
0.29958556
0.29959136
0.29959221
0.29959232
0.29959233
0.29959232
0.29959232
0.29959232
0.29959232
0.29959232
0.29959231
0.29959231
0.2995923
0.29959231
0.29959232
0.29959232
0.29959233
0.29959232
0.29959232
0.29959231
0.29959231
0.29959231
0.29959231
0.29959231
0.29959231
0.29959231
0.29959231
0.29959231
0.29959231
0.29959231
0.29959231
0.29959231
0.29959231
0.29959231
0.29959231
0.29959231
0.29959231
0.29959231
0.29959231
0.29959231
0.29959231
0.29959231
0.29959231
0.29959231
0.29959231
0.29959231
0.29959231
0.29959231
0.29959231
0.29959231
0.29959231
0.29959231
0.29959231
0.29959231
0.29959231
0.29959231
0.29959231
0.29959231
0.29959231
0.29959231
0.29959231
0.29959231
0.29959231
0.29959231
0.29959231
0.29959231
0.29959231
0.29959231
0.29959231
0.29959231
0.29959231
0.29959231
0.29959233
0.29958559
0.29959138
0.29959222
0.29959232
0.29959233
0.29959232
0.29959232
0.29959232
0.29959232
0.29959232
0.29959231
0.29959231
0.2995923
0.29959231
0.29959232
0.29959232
0.29959233
0.29959232
0.29959232
0.29959231
0.29959231
0.29959231
0.29959231
0.29959231
0.29959231
0.29959231
0.29959231
0.29959231
0.29959231
0.29959231
0.29959231
0.29959231
0.29959231
0.29959231
0.29959231
0.29959231
0.29959231
0.29959231
0.29959231
0.29959231
0.29959231
0.29959231
0.29959231
0.29959231
0.29959231
0.29959231
0.29959231
0.29959231
0.29959231
0.29959231
0.29959231
0.29959231
0.29959231
0.29959231
0.29959231
0.29959231
0.29959231
0.29959231
0.29959231
0.29959231
0.29959231
0.29959231
0.29959231
0.29959231
0.29959231
0.29959231
0.29959231
0.29959231
0.29959231
0.29959231
0.29959231
0.29959231
0.29959232
0.29955345
0.29958565
0.29959139
0.29959222
0.29959232
0.29959233
0.29959232
0.29959232
0.29959232
0.29959232
0.29959232
0.29959231
0.29959231
0.2995923
0.29959231
0.29959232
0.29959232
0.29959233
0.29959232
0.29959232
0.29959231
0.29959231
0.29959231
0.29959231
0.29959231
0.29959231
0.29959231
0.29959231
0.29959231
0.29959231
0.29959231
0.29959231
0.29959231
0.29959231
0.29959231
0.29959231
0.29959231
0.29959231
0.29959231
0.29959231
0.29959231
0.29959231
0.29959231
0.29959231
0.29959231
0.29959231
0.29959231
0.29959231
0.29959231
0.29959231
0.29959231
0.29959231
0.29959231
0.29959231
0.29959231
0.29959231
0.29959231
0.29959231
0.29959231
0.29959231
0.29959231
0.29959231
0.29959231
0.29959231
0.29959231
0.29959231
0.29959231
0.29959231
0.29959231
0.29959231
0.29959231
0.29959231
0.29959231
0.29959233
0.29955372
0.2995857
0.2995914
0.29959222
0.29959232
0.29959233
0.29959232
0.29959232
0.29959232
0.29959232
0.29959232
0.29959231
0.29959231
0.2995923
0.29959231
0.29959232
0.29959232
0.29959233
0.29959232
0.29959232
0.29959231
0.29959231
0.29959231
0.29959231
0.29959231
0.29959231
0.29959231
0.29959231
0.29959231
0.29959231
0.29959231
0.29959231
0.29959231
0.29959231
0.29959231
0.29959231
0.29959231
0.29959231
0.29959231
0.29959231
0.29959231
0.29959231
0.29959231
0.29959231
0.29959231
0.29959231
0.29959231
0.29959231
0.29959231
0.29959231
0.29959231
0.29959231
0.29959231
0.29959231
0.29959231
0.29959231
0.29959231
0.29959231
0.29959231
0.29959231
0.29959231
0.29959231
0.29959231
0.29959231
0.29959231
0.29959231
0.29959231
0.29959231
0.29959231
0.29959231
0.29959231
0.29959231
0.29959231
0.29959229
0.29955381
0.29958571
0.29959141
0.29959222
0.29959232
0.29959233
0.29959232
0.29959232
0.29959232
0.29959232
0.29959232
0.29959231
0.29959231
0.2995923
0.29959231
0.29959232
0.29959232
0.29959233
0.29959232
0.29959232
0.29959231
0.29959231
0.29959231
0.29959231
0.29959231
0.29959231
0.29959231
0.29959231
0.29959231
0.29959231
0.29959231
0.29959231
0.29959231
0.29959231
0.29959231
0.29959231
0.29959231
0.29959231
0.29959231
0.29959231
0.29959231
0.29959231
0.29959231
0.29959231
0.29959231
0.29959231
0.29959231
0.29959231
0.29959231
0.29959231
0.29959231
0.29959231
0.29959231
0.29959231
0.29959231
0.29959231
0.29959231
0.29959231
0.29959231
0.29959231
0.29959231
0.29959231
0.29959231
0.29959231
0.29959231
0.29959231
0.29959231
0.29959231
0.29959231
0.29959231
0.29959231
0.29959231
0.29959231
0.29959229
0.2994098
0.29955401
0.29958574
0.29959143
0.29959223
0.29959232
0.29959233
0.29959232
0.29959232
0.29959232
0.29959232
0.29959232
0.29959231
0.29959231
0.2995923
0.29959231
0.29959232
0.29959232
0.29959233
0.29959232
0.29959232
0.29959231
0.29959231
0.29959231
0.29959231
0.29959231
0.29959231
0.29959231
0.29959231
0.29959231
0.29959231
0.29959231
0.29959231
0.29959231
0.29959231
0.29959231
0.29959231
0.29959231
0.29959231
0.29959231
0.29959231
0.29959231
0.29959231
0.29959231
0.29959231
0.29959231
0.29959231
0.29959231
0.29959231
0.29959231
0.29959231
0.29959231
0.29959231
0.29959231
0.29959231
0.29959231
0.29959231
0.29959231
0.29959231
0.29959231
0.29959231
0.29959231
0.29959231
0.29959231
0.29959231
0.29959231
0.29959231
0.29959231
0.29959231
0.29959231
0.29959231
0.29959231
0.29959231
0.29959231
0.29959235
0.29941076
0.29955423
0.29958577
0.29959141
0.29959224
0.29959232
0.29959233
0.29959232
0.29959232
0.29959232
0.29959232
0.29959232
0.29959231
0.29959231
0.2995923
0.29959231
0.29959232
0.29959232
0.29959233
0.29959232
0.29959232
0.29959231
0.29959231
0.29959231
0.29959231
0.29959231
0.29959231
0.29959231
0.29959231
0.29959231
0.29959231
0.29959231
0.29959231
0.29959231
0.29959231
0.29959231
0.29959231
0.29959231
0.29959231
0.29959231
0.29959231
0.29959231
0.29959231
0.29959231
0.29959231
0.29959231
0.29959231
0.29959231
0.29959231
0.29959231
0.29959231
0.29959231
0.29959231
0.29959231
0.29959231
0.29959231
0.29959231
0.29959231
0.29959231
0.29959231
0.29959231
0.29959231
0.29959231
0.29959231
0.29959231
0.29959231
0.29959231
0.29959231
0.29959231
0.29959231
0.29959231
0.29959231
0.29959231
0.29959231
0.29959237
0.29941184
0.29955449
0.29958584
0.29959139
0.29959223
0.29959232
0.29959233
0.29959232
0.29959232
0.29959232
0.29959232
0.29959232
0.29959231
0.29959231
0.29959231
0.29959231
0.29959232
0.29959232
0.29959233
0.29959232
0.29959232
0.29959231
0.29959231
0.29959231
0.29959231
0.29959231
0.29959231
0.29959231
0.29959231
0.29959231
0.29959231
0.29959231
0.29959231
0.29959231
0.29959231
0.29959231
0.29959231
0.29959231
0.29959231
0.29959231
0.29959231
0.29959231
0.29959231
0.29959231
0.29959231
0.29959231
0.29959231
0.29959231
0.29959231
0.29959231
0.29959231
0.29959231
0.29959231
0.29959231
0.29959231
0.29959231
0.29959231
0.29959231
0.29959231
0.29959231
0.29959231
0.29959231
0.29959231
0.29959231
0.29959231
0.29959231
0.29959231
0.29959231
0.29959231
0.29959231
0.29959231
0.29959231
0.29959231
0.29959231
0.29959233
0.29955482
0.29958591
0.29959139
0.29959222
0.29959232
0.29959233
0.29959232
0.29959231
0.29959232
0.29959232
0.29959232
0.29959231
0.29959231
0.29959231
0.29959231
0.29959232
0.29959232
0.29959233
0.29959232
0.29959232
0.29959231
0.29959231
0.29959231
0.29959231
0.29959231
0.29959231
0.29959231
0.29959231
0.29959231
0.29959231
0.29959231
0.29959231
0.29959231
0.29959231
0.29959231
0.29959231
0.29959231
0.29959231
0.29959231
0.29959231
0.29959231
0.29959231
0.29959231
0.29959231
0.29959231
0.29959231
0.29959231
0.29959231
0.29959231
0.29959231
0.29959231
0.29959231
0.29959231
0.29959231
0.29959231
0.29959231
0.29959231
0.29959231
0.29959231
0.29959231
0.29959231
0.29959231
0.29959231
0.29959231
0.29959231
0.29959231
0.29959231
0.29959231
0.29959231
0.29959231
0.29959231
0.29959231
0.29959231
0.29959232
0.29955509
0.29958597
0.29959142
0.29959222
0.29959232
0.29959233
0.29959232
0.29959231
0.29959232
0.29959232
0.29959232
0.29959231
0.29959231
0.29959231
0.29959231
0.29959232
0.29959232
0.29959233
0.29959232
0.29959232
0.29959231
0.29959231
0.29959231
0.29959231
0.29959231
0.29959231
0.29959231
0.29959231
0.29959231
0.29959231
0.29959231
0.29959231
0.29959231
0.29959231
0.29959231
0.29959231
0.29959231
0.29959231
0.29959231
0.29959231
0.29959231
0.29959231
0.29959231
0.29959231
0.29959231
0.29959231
0.29959231
0.29959231
0.29959231
0.29959231
0.29959231
0.29959231
0.29959231
0.29959231
0.29959231
0.29959231
0.29959231
0.29959231
0.29959231
0.29959231
0.29959231
0.29959231
0.29959231
0.29959231
0.29959231
0.29959231
0.29959231
0.29959231
0.29959231
0.29959231
0.29959231
0.29959231
0.29959231
0.29959233
0.29941521
0.29955528
0.299586
0.29959145
0.29959223
0.29959232
0.29959233
0.29959232
0.29959231
0.29959232
0.29959232
0.29959232
0.29959231
0.29959231
0.29959231
0.29959231
0.29959232
0.29959232
0.29959233
0.29959232
0.29959232
0.29959231
0.29959231
0.29959231
0.29959231
0.29959231
0.29959231
0.29959231
0.29959231
0.29959231
0.29959231
0.29959231
0.29959231
0.29959231
0.29959231
0.29959231
0.29959231
0.29959231
0.29959231
0.29959231
0.29959231
0.29959231
0.29959231
0.29959231
0.29959231
0.29959231
0.29959231
0.29959231
0.29959231
0.29959231
0.29959231
0.29959231
0.29959231
0.29959231
0.29959231
0.29959231
0.29959231
0.29959231
0.29959231
0.29959231
0.29959231
0.29959231
0.29959231
0.29959231
0.29959231
0.29959231
0.29959231
0.29959231
0.29959231
0.29959231
0.29959231
0.29959231
0.29959231
0.29959231
0.2995923
0.29941637
0.29955555
0.29958605
0.29959146
0.29959223
0.29959232
0.29959233
0.29959232
0.29959232
0.29959232
0.29959232
0.29959232
0.29959231
0.29959231
0.29959231
0.29959231
0.29959232
0.29959232
0.29959233
0.29959232
0.29959232
0.29959231
0.29959231
0.29959231
0.29959231
0.29959231
0.29959231
0.29959231
0.29959231
0.29959231
0.29959231
0.29959231
0.29959231
0.29959231
0.29959231
0.29959231
0.29959231
0.29959231
0.29959231
0.29959231
0.29959231
0.29959231
0.29959231
0.29959231
0.29959231
0.29959231
0.29959231
0.29959231
0.29959231
0.29959231
0.29959231
0.29959231
0.29959231
0.29959231
0.29959231
0.29959231
0.29959231
0.29959231
0.29959231
0.29959231
0.29959231
0.29959231
0.29959231
0.29959231
0.29959231
0.29959231
0.29959231
0.29959231
0.29959231
0.29959231
0.29959231
0.29959231
0.29959231
0.29959231
0.29959229
0.2994176
0.29955586
0.29958611
0.29959148
0.29959224
0.29959232
0.29959233
0.29959232
0.29959232
0.29959232
0.29959232
0.29959232
0.29959231
0.29959231
0.2995923
0.29959231
0.29959232
0.29959232
0.29959233
0.29959232
0.29959232
0.29959231
0.29959231
0.29959231
0.29959231
0.29959231
0.29959231
0.29959231
0.29959231
0.29959231
0.29959231
0.29959231
0.29959231
0.29959231
0.29959231
0.29959231
0.29959231
0.29959231
0.29959231
0.29959231
0.29959231
0.29959231
0.29959231
0.29959231
0.29959231
0.29959231
0.29959231
0.29959231
0.29959231
0.29959231
0.29959231
0.29959231
0.29959231
0.29959231
0.29959231
0.29959231
0.29959231
0.29959231
0.29959231
0.29959231
0.29959231
0.29959231
0.29959231
0.29959231
0.29959231
0.29959231
0.29959231
0.29959231
0.29959231
0.29959231
0.29959231
0.29959231
0.29959231
0.29959231
0.29959235
0.29941853
0.29955608
0.29958614
0.29959149
0.29959224
0.29959233
0.29959233
0.29959232
0.29959232
0.29959232
0.29959232
0.29959232
0.29959231
0.29959231
0.2995923
0.29959231
0.29959232
0.29959232
0.29959233
0.29959232
0.29959232
0.29959231
0.29959231
0.29959231
0.29959231
0.29959231
0.29959231
0.29959231
0.29959231
0.29959231
0.29959231
0.29959231
0.29959231
0.29959231
0.29959231
0.29959231
0.29959231
0.29959231
0.29959231
0.29959231
0.29959231
0.29959231
0.29959231
0.29959231
0.29959231
0.29959231
0.29959231
0.29959231
0.29959231
0.29959231
0.29959231
0.29959231
0.29959231
0.29959231
0.29959231
0.29959231
0.29959231
0.29959231
0.29959231
0.29959231
0.29959231
0.29959231
0.29959231
0.29959231
0.29959231
0.29959231
0.29959231
0.29959231
0.29959231
0.29959231
0.29959231
0.29959231
0.29959231
0.29959231
0.29959237
0.29892824
0.29942004
0.29955645
0.2995862
0.29959148
0.29959225
0.29959233
0.29959233
0.29959232
0.29959232
0.29959232
0.29959232
0.29959232
0.29959231
0.29959231
0.2995923
0.29959231
0.29959231
0.29959232
0.29959233
0.29959232
0.29959232
0.29959231
0.29959231
0.29959231
0.29959231
0.29959231
0.29959231
0.29959231
0.29959231
0.29959231
0.29959231
0.29959231
0.29959231
0.29959231
0.29959231
0.29959231
0.29959231
0.29959231
0.29959231
0.29959231
0.29959231
0.29959231
0.29959231
0.29959231
0.29959231
0.29959231
0.29959231
0.29959231
0.29959231
0.29959231
0.29959231
0.29959231
0.29959231
0.29959231
0.29959231
0.29959231
0.29959231
0.29959231
0.29959231
0.29959231
0.29959231
0.29959231
0.29959231
0.29959231
0.29959231
0.29959231
0.29959231
0.29959231
0.29959231
0.29959231
0.29959231
0.29959231
0.29959231
0.29959231
0.29959233
0.29893203
0.29942117
0.2995567
0.29958626
0.29959146
0.29959224
0.29959233
0.29959233
0.29959232
0.29959232
0.29959232
0.29959232
0.29959232
0.29959231
0.29959231
0.29959231
0.29959231
0.29959232
0.29959232
0.29959233
0.29959232
0.29959232
0.29959231
0.29959231
0.29959231
0.29959231
0.29959231
0.29959231
0.29959231
0.29959231
0.29959231
0.29959231
0.29959231
0.29959231
0.29959231
0.29959231
0.29959231
0.29959231
0.29959231
0.29959231
0.29959231
0.29959231
0.29959231
0.29959231
0.29959231
0.29959231
0.29959231
0.29959231
0.29959231
0.29959231
0.29959231
0.29959231
0.29959231
0.29959231
0.29959231
0.29959231
0.29959231
0.29959231
0.29959231
0.29959231
0.29959231
0.29959231
0.29959231
0.29959231
0.29959231
0.29959231
0.29959231
0.29959231
0.29959231
0.29959231
0.29959231
0.29959231
0.29959231
0.29959231
0.29959231
0.29959232
0.29893579
0.2994223
0.29955697
0.29958631
0.29959146
0.29959223
0.29959232
0.29959233
0.29959232
0.29959231
0.29959232
0.29959232
0.29959232
0.29959231
0.29959231
0.29959231
0.29959231
0.29959232
0.29959232
0.29959233
0.29959232
0.29959232
0.29959231
0.29959231
0.29959231
0.29959231
0.29959231
0.29959231
0.29959231
0.29959231
0.29959231
0.29959231
0.29959231
0.29959231
0.29959231
0.29959231
0.29959231
0.29959231
0.29959231
0.29959231
0.29959231
0.29959231
0.29959231
0.29959231
0.29959231
0.29959231
0.29959231
0.29959231
0.29959231
0.29959231
0.29959231
0.29959231
0.29959231
0.29959231
0.29959231
0.29959231
0.29959231
0.29959231
0.29959231
0.29959231
0.29959231
0.29959231
0.29959231
0.29959231
0.29959231
0.29959231
0.29959231
0.29959231
0.29959231
0.29959231
0.29959231
0.29959231
0.29959231
0.29959231
0.29959231
0.29959233
0.29894004
0.29942357
0.29955726
0.29958638
0.29959149
0.29959223
0.29959232
0.29959233
0.29959232
0.29959231
0.29959232
0.29959232
0.29959232
0.29959231
0.29959231
0.29959231
0.29959231
0.29959232
0.29959232
0.29959233
0.29959232
0.29959232
0.29959231
0.29959231
0.29959231
0.29959231
0.29959231
0.29959231
0.29959231
0.29959231
0.29959231
0.29959231
0.29959231
0.29959231
0.29959231
0.29959231
0.29959231
0.29959231
0.29959231
0.29959231
0.29959231
0.29959231
0.29959231
0.29959231
0.29959231
0.29959231
0.29959231
0.29959231
0.29959231
0.29959231
0.29959231
0.29959231
0.29959231
0.29959231
0.29959231
0.29959231
0.29959231
0.29959231
0.29959231
0.29959231
0.29959231
0.29959231
0.29959231
0.29959231
0.29959231
0.29959231
0.29959231
0.29959231
0.29959231
0.29959231
0.29959231
0.29959231
0.29959231
0.29959231
0.29959231
0.2995923
0.29894327
0.29942451
0.29955749
0.29958642
0.29959151
0.29959224
0.29959233
0.29959233
0.29959232
0.29959231
0.29959232
0.29959232
0.29959232
0.29959231
0.29959231
0.29959231
0.29959231
0.29959232
0.29959232
0.29959233
0.29959232
0.29959232
0.29959231
0.29959231
0.29959231
0.29959231
0.29959231
0.29959231
0.29959231
0.29959231
0.29959231
0.29959231
0.29959231
0.29959231
0.29959231
0.29959231
0.29959231
0.29959231
0.29959231
0.29959231
0.29959231
0.29959231
0.29959231
0.29959231
0.29959231
0.29959231
0.29959231
0.29959231
0.29959231
0.29959231
0.29959231
0.29959231
0.29959231
0.29959231
0.29959231
0.29959231
0.29959231
0.29959231
0.29959231
0.29959231
0.29959231
0.29959231
0.29959231
0.29959231
0.29959231
0.29959231
0.29959231
0.29959231
0.29959231
0.29959231
0.29959231
0.29959231
0.29959231
0.29959231
0.29959231
0.29959229
0.29894522
0.2994251
0.29955763
0.29958645
0.29959152
0.29959224
0.29959233
0.29959233
0.29959232
0.29959231
0.29959232
0.29959232
0.29959232
0.29959231
0.29959231
0.29959231
0.29959231
0.29959232
0.29959232
0.29959233
0.29959232
0.29959232
0.29959231
0.29959231
0.29959231
0.29959231
0.29959231
0.29959231
0.29959231
0.29959231
0.29959231
0.29959231
0.29959231
0.29959231
0.29959231
0.29959231
0.29959231
0.29959231
0.29959231
0.29959231
0.29959231
0.29959231
0.29959231
0.29959231
0.29959231
0.29959231
0.29959231
0.29959231
0.29959231
0.29959231
0.29959231
0.29959231
0.29959231
0.29959231
0.29959231
0.29959231
0.29959231
0.29959231
0.29959231
0.29959231
0.29959231
0.29959231
0.29959231
0.29959231
0.29959231
0.29959231
0.29959231
0.29959231
0.29959231
0.29959231
0.29959231
0.29959231
0.29959231
0.29959231
0.29959231
0.29959235
0.29894949
0.29942641
0.29955794
0.2995865
0.29959154
0.29959224
0.29959233
0.29959233
0.29959232
0.29959231
0.29959232
0.29959232
0.29959232
0.29959231
0.29959231
0.29959231
0.29959231
0.29959232
0.29959232
0.29959233
0.29959232
0.29959232
0.29959231
0.29959231
0.29959231
0.29959231
0.29959231
0.29959231
0.29959231
0.29959231
0.29959231
0.29959231
0.29959231
0.29959231
0.29959231
0.29959231
0.29959231
0.29959231
0.29959231
0.29959231
0.29959231
0.29959231
0.29959231
0.29959231
0.29959231
0.29959231
0.29959231
0.29959231
0.29959231
0.29959231
0.29959231
0.29959231
0.29959231
0.29959231
0.29959231
0.29959231
0.29959231
0.29959231
0.29959231
0.29959231
0.29959231
0.29959231
0.29959231
0.29959231
0.29959231
0.29959231
0.29959231
0.29959231
0.29959231
0.29959231
0.29959231
0.29959231
0.29959231
0.29959231
0.29959231
0.29959237
0.29895385
0.29942771
0.29955825
0.29958655
0.29959155
0.29959225
0.29959232
0.29959233
0.29959232
0.29959232
0.29959232
0.29959232
0.29959232
0.29959231
0.29959231
0.29959231
0.29959231
0.29959232
0.29959232
0.29959233
0.29959232
0.29959232
0.29959231
0.29959231
0.29959231
0.29959231
0.29959231
0.29959231
0.29959231
0.29959231
0.29959231
0.29959231
0.29959231
0.29959231
0.29959231
0.29959231
0.29959231
0.29959231
0.29959231
0.29959231
0.29959231
0.29959231
0.29959231
0.29959231
0.29959231
0.29959231
0.29959231
0.29959231
0.29959231
0.29959231
0.29959231
0.29959231
0.29959231
0.29959231
0.29959231
0.29959231
0.29959231
0.29959231
0.29959231
0.29959231
0.29959231
0.29959231
0.29959231
0.29959231
0.29959231
0.29959231
0.29959231
0.29959231
0.29959231
0.29959231
0.29959231
0.29959231
0.29959231
0.29959231
0.29959231
0.29959232
0.29895807
0.29942902
0.29955856
0.2995866
0.29959153
0.29959225
0.29959232
0.29959233
0.29959232
0.29959232
0.29959232
0.29959232
0.29959232
0.29959231
0.29959231
0.29959231
0.29959231
0.29959232
0.29959232
0.29959233
0.29959232
0.29959232
0.29959231
0.29959231
0.29959231
0.29959231
0.29959231
0.29959231
0.29959231
0.29959231
0.29959231
0.29959231
0.29959231
0.29959231
0.29959231
0.29959231
0.29959231
0.29959231
0.29959231
0.29959231
0.29959231
0.29959231
0.29959231
0.29959231
0.29959231
0.29959231
0.29959231
0.29959231
0.29959231
0.29959231
0.29959231
0.29959231
0.29959231
0.29959231
0.29959231
0.29959231
0.29959231
0.29959231
0.29959231
0.29959231
0.29959231
0.29959231
0.29959231
0.29959231
0.29959231
0.29959231
0.29959231
0.29959231
0.29959231
0.29959231
0.29959231
0.29959231
0.29959231
0.29959231
0.29959231
0.2995923
0.29896374
0.29943074
0.29955897
0.2995867
0.29959151
0.29959224
0.29959232
0.29959233
0.29959232
0.29959231
0.29959232
0.29959232
0.29959232
0.29959231
0.29959231
0.2995923
0.29959231
0.29959232
0.29959232
0.29959233
0.29959232
0.29959232
0.29959231
0.29959231
0.29959231
0.29959231
0.29959231
0.29959231
0.29959231
0.29959231
0.29959231
0.29959231
0.29959231
0.29959231
0.29959231
0.29959231
0.29959231
0.29959231
0.29959231
0.29959231
0.29959231
0.29959231
0.29959231
0.29959231
0.29959231
0.29959231
0.29959231
0.29959231
0.29959231
0.29959231
0.29959231
0.29959231
0.29959231
0.29959231
0.29959231
0.29959231
0.29959231
0.29959231
0.29959231
0.29959231
0.29959231
0.29959231
0.29959231
0.29959231
0.29959231
0.29959231
0.29959231
0.29959231
0.29959231
0.29959231
0.29959231
0.29959231
0.29959231
0.29959231
0.29959231
0.29959229
0.29959232
0.29959233
0.29959232
0.29959231
0.29959232
0.29959232
0.29959232
0.29959231
0.29959231
0.2995923
0.29959231
0.29959232
0.29959232
0.29959233
0.29959232
0.29959232
0.29959231
0.29959231
0.29959231
0.29959231
0.29959231
0.29959231
0.29959231
0.29959231
0.29959231
0.29959231
0.29959231
0.29959231
0.29959231
0.29959231
0.29959231
0.29959231
0.29959231
0.29959231
0.29959231
0.29959231
0.29959231
0.29959231
0.29959231
0.29959231
0.29959231
0.29959231
0.29959231
0.29959231
0.29959231
0.29959231
0.29959231
0.29959231
0.29959231
0.29959231
0.29959231
0.29959231
0.29959231
0.29959231
0.29959231
0.29959231
0.29959231
0.29959231
0.29959231
0.29959231
0.29959231
0.29959231
0.29959231
0.29959231
0.29959231
0.29959231
0.29959231
0.29959231
0.29959231
0.29959235
0.29959232
0.29959231
0.29959232
0.29959232
0.29959232
0.29959231
0.29959231
0.2995923
0.29959231
0.29959232
0.29959232
0.29959233
0.29959232
0.29959232
0.29959231
0.29959231
0.29959231
0.29959231
0.29959231
0.29959231
0.29959231
0.29959231
0.29959231
0.29959231
0.29959231
0.29959231
0.29959231
0.29959231
0.29959231
0.29959231
0.29959231
0.29959231
0.29959231
0.29959231
0.29959231
0.29959231
0.29959231
0.29959231
0.29959231
0.29959231
0.29959231
0.29959231
0.29959231
0.29959231
0.29959231
0.29959231
0.29959231
0.29959231
0.29959231
0.29959231
0.29959231
0.29959231
0.29959231
0.29959231
0.29959231
0.29959231
0.29959231
0.29959231
0.29959231
0.29959231
0.29959231
0.29959231
0.29959231
0.29959231
0.29959231
0.29959231
0.29959231
0.29959237
0.29959232
0.29959232
0.29959232
0.29959231
0.29959231
0.2995923
0.29959231
0.29959232
0.29959232
0.29959233
0.29959232
0.29959232
0.29959231
0.29959231
0.29959231
0.29959231
0.29959231
0.29959231
0.29959231
0.29959231
0.29959231
0.29959231
0.29959231
0.29959231
0.29959231
0.29959232
0.29959231
0.29959231
0.29959231
0.29959231
0.29959231
0.29959231
0.29959231
0.29959231
0.29959231
0.29959231
0.29959231
0.29959231
0.29959231
0.29959231
0.29959231
0.29959231
0.29959231
0.29959231
0.29959231
0.29959231
0.29959231
0.29959231
0.29959231
0.29959231
0.29959231
0.29959231
0.29959231
0.29959231
0.29959231
0.29959231
0.29959231
0.29959231
0.29959231
0.29959232
0.29959232
0.29959231
0.29959231
0.2995923
0.29959231
0.29959232
0.29959232
0.29959233
0.29959232
0.29959232
0.29959231
0.29959231
0.29959231
0.29959231
0.29959231
0.29959231
0.29959231
0.29959231
0.29959231
0.29959232
0.29959231
0.29959231
0.29959231
0.29959231
0.29959231
0.29959231
0.29959231
0.29959231
0.29959231
0.29959231
0.29959231
0.29959231
0.29959231
0.29959231
0.29959231
0.29959231
0.29959231
0.29959231
0.29959231
0.29959231
0.29959231
0.29959231
0.29959231
0.29959231
0.29959231
0.29959231
0.29959231
0.29959231
0.29959231
0.29959231
0.29959231
0.29959231
0.29959231
0.29959231
0.29959231
0.29959231
0.29959231
0.29959231
0.29959231
0.29959231
0.29959231
0.29959231
0.29959231
0.29959231
0.29959231
0.29959231
0.29959231
0.29959231
0.29959231
0.29959231
0.29959231
0.29959231
0.29959231
0.29959231
0.29959231
0.29959231
0.29959231
0.29959231
0.29959231
0.29959231
0.29959231
0.29959231
0.29959231
0.29959231
0.29959231
0.29959231
0.29959231
0.29959231
0.29959231
0.29959231
0.29959231
0.29959231
0.29959231
0.29959231
0.29959231
0.29959231
0.29959231
0.29959231
0.29959231
0.29959231
0.29959231
0.29959231
0.29959231
0.29959231
0.29959231
0.29959231
0.29959231
0.29959231
0.29959231
0.29959231
0.29959231
0.29959231
0.29959231
0.29959231
0.29959231
0.29959231
0.29959231
)
;

boundaryField
{
    Side
    {
        type            empty;
    }
    Inlet
    {
        type            calculated;
        value           nonuniform List<scalar> 
49
(
0.29952523
0.29952523
0.29952526
0.29952527
0.29952525
0.29952525
0.29952525
0.29952523
0.29952523
0.29952526
0.29952527
0.29952525
0.29952525
0.29952525
0.29952523
0.29952523
0.29952526
0.29952527
0.29952524
0.29952523
0.29952523
0.29952526
0.29952527
0.29952525
0.29952525
0.29952525
0.29952523
0.29952523
0.29952526
0.29952527
0.29952525
0.29952525
0.29952525
0.29952523
0.29952523
0.29952526
0.29952527
0.29952525
0.29952525
0.29952525
0.29952523
0.29952523
0.29952526
0.29952527
0.29952524
0.29952523
0.29952523
0.29952526
0.29952527
)
;
    }
    Airfoil
    {
        type            calculated;
        value           nonuniform List<scalar> 0();
    }
    Outlet
    {
        type            calculated;
        value           nonuniform List<scalar> 0();
    }
    procBoundary18to2
    {
        type            processor;
        value           nonuniform List<scalar> 
18
(
0.29896907
0.29943234
0.29955935
0.29958678
0.29959155
0.29959223
0.29959223
0.29959232
0.29959233
0.29959233
0.29959232
0.29959231
0.29959231
0.29959232
0.29959232
0.29959232
0.29959232
0.29959231
)
;
    }
    procBoundary18to10
    {
        type            processor;
        value           nonuniform List<scalar> 
55
(
0.29959231
0.2995923
0.2995923
0.2995923
0.29959229
0.29959229
0.29959229
0.2995923
0.2995923
0.29959232
0.29959232
0.29959232
0.29959232
0.29959232
0.29959222
0.29959221
0.2995922
0.2995922
0.29959133
0.29959133
0.29958527
0.2995853
0.2995853
0.29955197
0.29955228
0.29955265
0.29955295
0.29955314
0.29955314
0.29940746
0.29940861
0.29940899
0.29940899
0.29889438
0.29889755
0.29890122
0.29941324
0.29941324
0.29941443
0.29941443
0.29891251
0.29891642
0.29892036
0.29892332
0.29892332
0.29757549
0.29758541
0.29759507
0.29760603
0.29761428
0.29761931
0.29763005
0.29764121
0.29765195
0.29766633
)
;
    }
    procBoundary18to34
    {
        type            processor;
        value           nonuniform List<scalar> 
74
(
0.29959231
0.29959231
0.29959231
0.29959231
0.29959231
0.29959231
0.29959233
0.29959231
0.29959231
0.29959231
0.29959231
0.29959231
0.29959231
0.29959231
0.29959231
0.29959231
0.29959231
0.29959231
0.2995923
0.29959231
0.29959231
0.29959232
0.29959233
0.29959232
0.29959232
0.29959231
0.29959231
0.29959231
0.29959231
0.29959231
0.29959231
0.29959231
0.29959231
0.29959231
0.29959231
0.29959232
0.29959232
0.29959231
0.29959231
0.29959231
0.29959232
0.29959231
0.29959231
0.29959231
0.29959231
0.29959231
0.29959231
0.29959231
0.29959231
0.29959231
0.29959231
0.29959231
0.29959231
0.29959231
0.29959231
0.29959231
0.29959231
0.29959231
0.29959231
0.29959231
0.29959231
0.29959231
0.29959231
0.29959231
0.29959231
0.29959231
0.29959231
0.29959231
0.29959231
0.29959231
0.29959231
0.29959231
0.29959231
0.29959231
)
;
    }
    procBoundary18to50
    {
        type            processor;
        value           nonuniform List<scalar> 
74
(
0.29959231
0.29959231
0.29959233
0.29959231
0.29959231
0.29959231
0.29959231
0.29959231
0.29959231
0.29959231
0.29959231
0.29959231
0.29959231
0.29959231
0.29959231
0.29959231
0.29959231
0.29959231
0.29959231
0.29959231
0.29959231
0.29959231
0.29959231
0.29959231
0.29959231
0.29959231
0.29959231
0.29959231
0.29959231
0.29959231
0.29959231
0.29959231
0.29959231
0.29959231
0.29959231
0.29959231
0.29959231
0.29959231
0.29959229
0.29959229
0.29959229
0.29959231
0.29959231
0.29959231
0.29959231
0.29959231
0.2995923
0.2995923
0.2995923
0.29959229
0.29959229
0.2995923
0.29959231
0.29959232
0.29959232
0.29959231
0.29959231
0.29959231
0.29959231
0.29959231
0.29959231
0.29959231
0.29959231
0.29959231
0.29959231
0.29959231
0.29959231
0.29959231
0.29959231
0.29959231
0.29959231
0.29959231
0.29959231
0.29959231
)
;
    }
}


// ************************************************************************* //
