/*--------------------------------*- C++ -*----------------------------------*\
| =========                 |                                                 |
| \\      /  F ield         | OpenFOAM: The Open Source CFD Toolbox           |
|  \\    /   O peration     | Version:  2506                                  |
|   \\  /    A nd           | Website:  www.openfoam.com                      |
|    \\/     M anipulation  |                                                 |
\*---------------------------------------------------------------------------*/
FoamFile
{
    version     2.0;
    format      ascii;
    arch        "LSB;label=32;scalar=64";
    class       volScalarField;
    location    "0.00052";
    object      Co;
}
// * * * * * * * * * * * * * * * * * * * * * * * * * * * * * * * * * * * * * //

dimensions      [0 0 0 0 0 0 0];

internalField   nonuniform List<scalar> 
3474
(
0.022220471
0.017205617
0.016651239
0.016192616
0.014365779
0.013052744
0.011562862
0.010294502
0.0093049771
0.0085486782
0.0077657836
0.0070515426
0.0063696225
0.0055438133
0.0048091691
0.0040667886
0.003493453
0.0030981982
0.0027451666
0.0023561312
0.0020328888
0.0018468863
0.0017348847
0.0015619097
0.001259855
0.0011665234
0.001307809
0.0013821444
0.0013895487
0.0014081819
0.001432642
0.001412976
0.0013702587
0.0013715216
0.0014158171
0.001442559
0.0014267598
0.0014026282
0.0013385867
0.0012654773
0.0011981711
0.0011122223
0.001028383
0.00097751608
0.00096087279
0.00096729366
0.0009610304
0.00091158373
0.00083654771
0.00076569815
0.00069800799
0.00063694842
0.00059687801
0.00056420373
0.0005955399
0.011278119
0.01340402
0.012612697
0.012504296
0.011046122
0.010288793
0.0090398417
0.0083228593
0.007290529
0.0066259531
0.0058462932
0.0052389157
0.0045756296
0.0040151494
0.0035129484
0.0030741439
0.0027805903
0.0025839888
0.0023766982
0.002098869
0.0018273732
0.0016257118
0.0014534115
0.0012349245
0.0010113601
0.00096244722
0.0011033397
0.0012170967
0.0012762497
0.001304531
0.0012930853
0.0012690035
0.0012483581
0.0012278356
0.0012220257
0.0012153788
0.0011910833
0.0011768997
0.0011520858
0.0011185204
0.0010428865
0.00097224546
0.00093546747
0.000909577
0.0008933152
0.00087122731
0.00081819106
0.00075283348
0.00069828719
0.00064387603
0.00059180854
0.00055624035
0.00052791711
0.00060727245
0.00051190592
0.0071247777
0.010529863
0.0097851119
0.0097242624
0.008753316
0.0080453728
0.0071827663
0.0065651939
0.0058348603
0.0052820813
0.0046904712
0.004226314
0.0037776268
0.0034272202
0.003110399
0.0028561881
0.002638367
0.0024027169
0.0021540849
0.0019065468
0.0016620764
0.0014651535
0.0013120759
0.001112916
0.00089644123
0.00086158758
0.0010076033
0.0011472155
0.0012131777
0.0012223987
0.0012194952
0.0012130433
0.001169771
0.0010962066
0.0010335418
0.0010098451
0.001018576
0.0010456163
0.0010630119
0.0010401694
0.00098388178
0.00092909424
0.00088554827
0.00085278083
0.00081760124
0.00077009744
0.00071144251
0.00066612541
0.0006258293
0.00059494802
0.00056940966
0.00054778748
0.00059286609
0.00056745544
0.00048301865
0.0051602038
0.0087967217
0.0081342298
0.0080721329
0.0074393158
0.0067532536
0.0061172852
0.0055728571
0.0050255522
0.0045481506
0.0040906653
0.0037142506
0.0033480262
0.0030556153
0.0027945648
0.0025792872
0.0023858109
0.0021985358
0.0020086316
0.0018083246
0.0016019231
0.0014445272
0.001293089
0.0010708293
0.00084786756
0.00081160149
0.00095424919
0.0011031551
0.0012033056
0.0012421435
0.0012211697
0.0011654246
0.0010811271
0.001013267
0.00097058897
0.00094777289
0.00096636809
0.001008863
0.001015595
0.00097064343
0.00090591624
0.00084878862
0.00080982012
0.00077482279
0.00073431792
0.00069488963
0.00066036595
0.00062568881
0.00060121946
0.00058904844
0.00057836541
0.00058262371
0.00062097945
0.00050334235
0.0004928065
0.00048354973
0.0040916814
0.0072052566
0.0067416733
0.0067219546
0.0062185846
0.0056026468
0.0050772471
0.0045917542
0.0041645204
0.0037760883
0.0034339925
0.0031423227
0.0028724102
0.0026503141
0.0024748
0.0023327974
0.0021813707
0.0020373135
0.0018708401
0.0016901744
0.0015045005
0.0013376355
0.0011380634
0.00092398249
0.00075526769
0.00075292499
0.00090838598
0.0010609281
0.0011632757
0.0012175882
0.0012104835
0.0011574873
0.0011330304
0.0011127523
0.0010475603
0.00096972903
0.00092863689
0.00092269142
0.00091385926
0.00087187065
0.00081474439
0.00077192357
0.00074499078
0.00071361298
0.0006789678
0.00065652223
0.00063881193
0.00061234355
0.00060183013
0.00060001006
0.00058719034
0.00065047839
0.00054646764
0.00051297501
0.00049885679
0.00049152456
0.0030738108
0.0055473952
0.005356403
0.0054372668
0.0050813957
0.0046277643
0.0042737929
0.0039289173
0.0036368592
0.0033689492
0.0031395567
0.0029229664
0.0027347589
0.0025648832
0.0024083398
0.0022597743
0.0021057191
0.0019483475
0.0017730397
0.0015838243
0.0013949774
0.0012255237
0.0010338092
0.00084123294
0.0006945739
0.00070785403
0.00085681736
0.0010053006
0.0011232076
0.0011779581
0.0011890539
0.0012253033
0.001252023
0.001171054
0.00099064137
0.00083344342
0.00077948953
0.0007867183
0.00080497614
0.00079442379
0.00075987125
0.00072858358
0.00069910627
0.0006703607
0.00065179645
0.00064076854
0.00062979748
0.00061717859
0.0006076829
0.00060381556
0.0006531081
0.00057391822
0.00053356118
0.00052606032
0.00051872948
0.00049322851
0.0027392427
0.0049155702
0.004812289
0.0050156351
0.0048028373
0.0044546032
0.0041764076
0.0038951201
0.003659038
0.0034223471
0.0032126246
0.0029916383
0.0027978892
0.0026077062
0.0024295659
0.0022503078
0.0020791135
0.0018986066
0.0017129356
0.0015151225
0.0013365719
0.0011703415
0.0009880564
0.00081221675
0.00067202417
0.00068717081
0.00083196353
0.00097098896
0.0010740471
0.0011405054
0.0011881098
0.0012086997
0.0010919967
0.00086456612
0.00068103089
0.00060732209
0.00062051981
0.00068645715
0.00073961782
0.0007483016
0.00072511793
0.00069600296
0.00066922343
0.00064749137
0.00063769357
0.00063647671
0.00063072614
0.00062123295
0.00062468624
0.00065594871
0.00059437066
0.00055964696
0.00056237031
0.00055058441
0.0004992133
0.00046219561
0.00044381205
0.0029781508
0.0052135217
0.0050490475
0.0052722041
0.0050664986
0.0047070019
0.004397113
0.0040818704
0.0038129689
0.0035444253
0.0033027509
0.0030631935
0.002854597
0.0026450056
0.002444174
0.0022342035
0.002038798
0.0018361477
0.0016527707
0.0014871425
0.0013267988
0.0011453482
0.00096579026
0.00080225776
0.00065010254
0.00065883724
0.00081110044
0.00095408108
0.0010557686
0.0010919322
0.0010854762
0.00094434838
0.00072863035
0.00059540588
0.00057028704
0.00054897811
0.00055408669
0.00063363
0.00069487609
0.00070999463
0.00069277072
0.00066950387
0.00065239931
0.00064468746
0.0006382708
0.00063568532
0.00063769124
0.00066348286
0.00066659779
0.00060185648
0.00058779652
0.00059803559
0.00058702868
0.00051437994
0.00048807652
0.00048121839
0.00045331598
0.0031417106
0.0055718859
0.0053274707
0.0055204591
0.005266705
0.0048771683
0.0045284463
0.0041876758
0.0038855342
0.0035913176
0.0033216567
0.0030631228
0.0028321458
0.0026087341
0.0024023496
0.0022009762
0.0020201863
0.0018445291
0.0016765628
0.0014989255
0.0013316428
0.0011583033
0.00098886225
0.00083184522
0.00068196687
0.00065698767
0.00077522341
0.00091078668
0.0010206931
0.001045978
0.00092677307
0.00069935967
0.00058839046
0.00059967096
0.00058113168
0.00053821438
0.00052957876
0.00059633675
0.0006556695
0.00067243937
0.00066369454
0.00065210508
0.00064425272
0.00064569792
0.00065062319
0.00067008772
0.00068155313
0.00065932941
0.0006070732
0.00060913097
0.00065192769
0.00060277009
0.00053573028
0.00051822237
0.00050879535
0.00048833418
0.00044928549
0.0030243536
0.005686444
0.0053701979
0.0055254974
0.0052617064
0.0048755007
0.0045104448
0.0041711897
0.0038648804
0.0035760744
0.0033167666
0.0030718198
0.0028463832
0.0026382858
0.0024501004
0.0022677863
0.0020901709
0.001913486
0.0017447399
0.0015638937
0.0013968957
0.0012361855
0.0010675053
0.00090311883
0.00074337475
0.00066482666
0.00074294333
0.0008784196
0.00098159528
0.0010087272
0.00088418606
0.00065333366
0.00055819664
0.00055258132
0.00051846922
0.00051655791
0.00053898811
0.00058640137
0.0006316451
0.00064947376
0.00064968235
0.00064627269
0.00064788858
0.00066421775
0.00066736736
0.00064649368
0.00062431062
0.00062241566
0.00065087901
0.00066251258
0.00059636785
0.0005646577
0.00055508033
0.00053649724
0.00051423333
0.00047788144
0.00043094864
0.0031187706
0.0059695421
0.0055727899
0.0057426519
0.0054931552
0.0050940434
0.0047250311
0.0043826931
0.0040702635
0.0037810776
0.0035215469
0.0032734909
0.0030355079
0.0028094361
0.0025915372
0.0023732526
0.0021525497
0.0019356424
0.0017393615
0.0015467573
0.0013817725
0.0012201081
0.0010377081
0.00087068513
0.00071983002
0.00064600894
0.00071511056
0.00083972302
0.0009252865
0.00095956156
0.00091605238
0.00076898391
0.00062646863
0.00057283522
0.00056224482
0.00054814168
0.00054918861
0.00058557686
0.00063317342
0.00066588441
0.00066755585
0.00065966571
0.00065200717
0.0006333168
0.00062503056
0.00062281812
0.00066174609
0.00067197176
0.00063732858
0.0005969651
0.00059392125
0.00057491518
0.00055169373
0.00053525444
0.00049811654
0.00045708551
0.00043353431
0.00042605715
0.0031925587
0.0060067156
0.0056026184
0.0057726954
0.0055263542
0.005122676
0.0047572683
0.0044169692
0.004108793
0.0038262678
0.0035685106
0.0033254443
0.0030952834
0.0028648271
0.0026275669
0.0023864875
0.0021407557
0.0018888788
0.0016679892
0.0014856683
0.0013297185
0.0011643642
0.00097930486
0.00081476829
0.00066458608
0.00061297426
0.00069634235
0.00082363993
0.00091891214
0.00093878102
0.00092225755
0.00086188519
0.00078900647
0.00073705106
0.00069986406
0.00063932406
0.00059715828
0.00060376874
0.00062119107
0.00063637905
0.00064536073
0.00063015088
0.00062515933
0.00064372311
0.00067463039
0.00067982578
0.00065037716
0.00059914886
0.00059931566
0.00059853307
0.00058058762
0.00057068151
0.00056517445
0.0005301154
0.00048798543
0.00047386315
0.00046297566
0.00043223461
0.0032301417
0.0059707624
0.0055941429
0.0057680669
0.0055058294
0.0051095283
0.0047391134
0.0043975221
0.0040851633
0.0037981096
0.0035400549
0.0032955411
0.0030564886
0.0028142358
0.0025525414
0.0023002117
0.0020464775
0.0017780512
0.0015525631
0.0013788543
0.0012305005
0.0010644746
0.00088265005
0.00072897317
0.00058912078
0.00058201903
0.00069212009
0.00080076277
0.0008812972
0.00094347692
0.00095904826
0.00093512853
0.00091578269
0.00086415973
0.00077933027
0.00069622659
0.00065285322
0.00064343155
0.0006467005
0.00065606784
0.00066352705
0.00067711615
0.00068791393
0.00068510578
0.00063641489
0.00058795505
0.00058662892
0.00059377215
0.00059375403
0.00059277644
0.00059065319
0.00057643586
0.00054790822
0.00051519573
0.0004980418
0.00047654973
0.00044136756
0.00041767564
0.0031233594
0.0058599622
0.0055394023
0.0057070873
0.0054479721
0.0050590086
0.0046874151
0.004350208
0.0040357012
0.0037522866
0.0034883655
0.0032339818
0.0029859636
0.0027367206
0.002471268
0.0021993236
0.0019269927
0.0016616785
0.001440933
0.0012767859
0.0011304515
0.00096315837
0.00078557951
0.0006414843
0.00056734161
0.00061709527
0.00071313691
0.00078288449
0.00083134852
0.00088420936
0.00094722868
0.00095661359
0.00094098348
0.00088901753
0.00080152307
0.00073247042
0.00071000047
0.00072180873
0.00076129069
0.0007581451
0.00073502297
0.0006631733
0.00060308916
0.00059048931
0.00058873153
0.00059255477
0.00059537078
0.0005962045
0.00059486567
0.00058535346
0.00056879935
0.00055320124
0.00053782372
0.00051360169
0.00047912923
0.00045677427
0.00044389051
0.00043072191
0.0032205975
0.0058823526
0.0055466626
0.0057215644
0.0054540269
0.0050555324
0.0046770314
0.0043348592
0.004006854
0.0037060638
0.0034260445
0.003159386
0.0028977137
0.0026384552
0.0023506742
0.0020783505
0.0018189909
0.0015828745
0.0013652182
0.0011785946
0.0010204442
0.00085688046
0.00068385684
0.00053920042
0.00051414664
0.00060158721
0.00068449751
0.00073540837
0.00078931127
0.00086737665
0.00096701661
0.0010060604
0.00097519872
0.0009312985
0.00085021353
0.00079555294
0.0007880863
0.00078992203
0.00075002417
0.00069845157
0.00066210909
0.00062267488
0.00060656491
0.00060190113
0.00059580726
0.00058754169
0.00058340874
0.00057935139
0.0005749627
0.00057167181
0.00056415302
0.00054982612
0.0005251654
0.0004918685
0.00047602348
0.00047465054
0.0004574043
0.00043184453
0.0031333204
0.0058005645
0.0054801766
0.0056503424
0.0053787881
0.0049793144
0.0045998149
0.0042499696
0.003921665
0.0036198743
0.0033388441
0.0030809216
0.0028228892
0.0025664922
0.002286161
0.0020208656
0.0017685636
0.0015309327
0.001316802
0.0011279085
0.00096160083
0.00080133402
0.00064470387
0.00053232738
0.00057403247
0.00071527264
0.00080584551
0.00086110118
0.00091632077
0.00096437929
0.00096147204
0.00098517953
0.00099111219
0.00092036881
0.00081638581
0.00071711286
0.00067990324
0.00069423562
0.00071280208
0.00072701918
0.00070460429
0.00065003511
0.00061026349
0.00059452315
0.00058665988
0.00057942625
0.00057603452
0.00056954158
0.0005615241
0.00055299264
0.00053828061
0.00052043089
0.00050555873
0.00049888554
0.00049083618
0.00047298697
0.00044826988
0.00042969744
0.0030011555
0.005709003
0.0057536103
0.0058994045
0.0055965608
0.0051952986
0.0048071502
0.0044528027
0.0041226379
0.0038245023
0.0035470982
0.0032974572
0.0030434812
0.002784815
0.0025189204
0.002242014
0.0019520977
0.0016637591
0.0014215428
0.0012188625
0.0010561992
0.00088547754
0.00069614318
0.00057802558
0.00060511254
0.0006923047
0.00075117027
0.00077249388
0.0007894408
0.00082775614
0.00088587025
0.00093633433
0.00094134045
0.00089801982
0.00081846566
0.00073550578
0.00069042723
0.000694477
0.00072861188
0.00075053944
0.00072617734
0.00066895895
0.0006230389
0.00060007617
0.00058300828
0.00056526656
0.00055233267
0.00054216016
0.00053623518
0.00053501671
0.0005351094
0.00053322035
0.0005248121
0.00050170077
0.00048034627
0.00046880243
0.00045056258
0.00042664172
0.0037309284
0.0055106057
0.0060683098
0.0060716609
0.0056607616
0.0052415431
0.0048348065
0.0044677811
0.0041158998
0.0037976579
0.0034979084
0.0032169818
0.0029355007
0.0026569291
0.0023753104
0.0020887883
0.0018016769
0.0015257585
0.0012823421
0.0010832546
0.00091468781
0.0007453969
0.00055910659
0.0004909646
0.00056886592
0.00067718181
0.00075871664
0.00079572813
0.00081762487
0.00085247543
0.00089654126
0.00093213956
0.00093925922
0.00089768489
0.00082490061
0.00074550242
0.00069276748
0.00069332113
0.00072788188
0.00074893841
0.00073503064
0.00068863087
0.00063439037
0.0005900623
0.00055970297
0.00054356151
0.00054021298
0.00054173758
0.0005472844
0.00054929478
0.00054098475
0.00052247632
0.00050094615
0.00048412158
0.0004753321
0.00046224888
0.00042203007
0.00033011871
0.0037812495
0.0054239949
0.0060943643
0.0059470498
0.0055037676
0.0050867256
0.0046848722
0.0043252513
0.0039906557
0.0036836558
0.0033893881
0.0031113759
0.0028438726
0.0025893982
0.0023234481
0.0020378085
0.0017437794
0.0014533847
0.0012094592
0.0010281374
0.0008857736
0.00073535616
0.00056078292
0.00049812104
0.00057828137
0.00069015482
0.00077630738
0.00081622059
0.00083654036
0.0008628061
0.00089266538
0.00092235134
0.00092764297
0.00088882505
0.00082332711
0.00075173745
0.00069561954
0.00068428026
0.0007062746
0.00072589692
0.00072200266
0.00069043443
0.00064239634
0.00059805498
0.00057051617
0.00056058225
0.00055602735
0.00054464374
0.00053237187
0.0005222853
0.00051310712
0.00050515166
0.00049830677
0.00048621376
0.00045692963
0.00038405422
0.00022655936
0.00013094138
0.0037758976
0.0054137637
0.0060685667
0.0058687427
0.0054327756
0.0050074272
0.0046164946
0.0042528738
0.0039238688
0.003620496
0.003328503
0.0030552602
0.0027924718
0.0025349457
0.00227008
0.0019867256
0.0016857425
0.0013981981
0.0011653608
0.0009973569
0.00086951518
0.00072586935
0.00055629669
0.00049038518
0.00056666109
0.00068402699
0.00077745917
0.00082214095
0.00083943013
0.00086166678
0.00088517518
0.00090324654
0.00090339991
0.00086659768
0.00080495868
0.00074185594
0.00069137736
0.00067386985
0.00068962621
0.0007092931
0.0007096983
0.00069125361
0.00065707985
0.00061244527
0.00057057658
0.00053798667
0.0005209082
0.00051571268
0.00051720595
0.00052135102
0.00052105969
0.00051436499
0.00049277959
0.00042990377
0.00029923186
0.00018270951
0.00017152131
0.00014553579
0.0035112498
0.0051031672
0.0057290546
0.0055581348
0.0051504958
0.0047493424
0.0043821786
0.0040432974
0.0037285754
0.0034402143
0.0031712887
0.002916086
0.0026696973
0.0024252065
0.002173682
0.0019056983
0.0016274152
0.0013648308
0.0011460108
0.00098197717
0.00085491706
0.00071451339
0.00055021622
0.00048087931
0.00055133619
0.00066755334
0.00076355254
0.00082092488
0.00084855612
0.0008743478
0.00089786676
0.00090685835
0.00089772921
0.00085655217
0.00079771517
0.00074126889
0.00069147079
0.00066697785
0.00067525368
0.00069034802
0.00068620907
0.00066921981
0.00064515784
0.00060835099
0.00057123202
0.00054653284
0.00053922957
0.00053869479
0.00053810735
0.00053343768
0.00051524534
0.00047049826
0.00037019342
0.00022218002
0.0001899985
0.00019184215
0.00016595168
0.0001521847
0.0034486789
0.0050231921
0.0056421174
0.0054651899
0.0050547462
0.0046539577
0.0042874286
0.0039497255
0.0036420811
0.0033647594
0.0031009526
0.0028542619
0.0026182108
0.0023836113
0.0021345644
0.0018629485
0.0015775533
0.0013044105
0.0010876002
0.00094215018
0.00083727815
0.00070646292
0.0005443462
0.00046775323
0.00052908664
0.00064589725
0.00074406216
0.00080508065
0.00083914131
0.00086605957
0.00089027834
0.0009010054
0.00088560572
0.00083273396
0.00076200573
0.0007036712
0.00066632858
0.00065047087
0.00065713973
0.00066989356
0.000666472
0.00065291543
0.00063899366
0.00062063023
0.00059961676
0.00057863429
0.00056055226
0.0005421875
0.00052037253
0.0004789012
0.0003739624
0.00023452163
0.00021795903
0.00023081135
0.00019731109
0.00018490331
0.00016903833
0.0001518905
0.0032134578
0.0047706375
0.0053647594
0.0052130375
0.0048376829
0.0044683584
0.0041318625
0.0038244402
0.0035441733
0.003289151
0.0030512202
0.0028253
0.0026043796
0.0023799761
0.0021390363
0.0018797503
0.0016078001
0.0013519417
0.0011455822
0.00099268497
0.00086525271
0.00071403997
0.00054633885
0.00045838651
0.00050852355
0.00062211133
0.00071501703
0.00077913854
0.00082363093
0.00085818728
0.00088814804
0.0009022985
0.00088160539
0.00081951951
0.00074116397
0.00068382797
0.00066024435
0.00065481249
0.00066117659
0.00067068532
0.00066293197
0.00064184203
0.00062074787
0.00060193837
0.00058170642
0.00055321569
0.0005119256
0.00045344403
0.00030708683
0.00022491084
0.00026592585
0.00028116519
0.00025452544
0.00023024479
0.00020430387
0.00018508937
0.0001687756
0.00015168527
0.00013885216
0.0032130059
0.0047836242
0.0053894002
0.0052582797
0.0049025846
0.004545953
0.004218371
0.003917985
0.0036447544
0.0033921363
0.0031433093
0.0029015843
0.0026638293
0.0024199839
0.002161883
0.0018802722
0.001575824
0.0012753774
0.0010225097
0.00084036126
0.00072122561
0.00061336798
0.00049025163
0.0004455257
0.00052506054
0.00064455761
0.00072862057
0.00077187546
0.00080499131
0.00084093911
0.00087698641
0.00090327049
0.00089407014
0.0008404536
0.0007656019
0.00070055598
0.00066294491
0.00064679739
0.00064545562
0.00064762355
0.00063054756
0.00059830922
0.00056831926
0.00053713445
0.00048834487
0.00035931106
0.00025922696
0.00029235734
0.00032983659
0.00032637909
0.00029324054
0.00027637849
0.00025816418
0.00023171036
0.00020427126
0.00018484515
0.00016853611
0.00015151183
0.00013863583
0.0032156723
0.0047747494
0.0053755208
0.0052325363
0.0048580114
0.0044866782
0.0041442575
0.0038255249
0.0035350645
0.0032662233
0.0030095067
0.0027663199
0.0025294139
0.0022933016
0.0020472628
0.0017810753
0.0014991481
0.0012300148
0.0010176924
0.00087608058
0.00077903743
0.00066649177
0.00052516268
0.00043311974
0.00047753741
0.00060253945
0.00070235041
0.00076138932
0.00079911919
0.00083259765
0.00085902621
0.00087795673
0.00086912354
0.00081510202
0.00072821489
0.00063534453
0.0005835685
0.00057694531
0.00058272512
0.00057284871
0.00051273277
0.0004092123
0.00029523457
0.00028381116
0.00036055159
0.00039970805
0.000398696
0.00036301993
0.00032925602
0.00031655659
0.00029776414
0.00027793868
0.00025798644
0.00023162951
0.0002041391
0.00018460168
0.00016829272
0.00015131357
0.00013840285
0.0030321936
0.0045731811
0.0051554926
0.0050076864
0.0046366262
0.0042718139
0.0039334387
0.0036257437
0.0033388097
0.0030742556
0.0028313756
0.0026055898
0.0023885488
0.0021730334
0.0019417675
0.0016912415
0.0014310223
0.0011945656
0.0010105661
0.00088608508
0.00078779228
0.00065612576
0.00050040029
0.00039259021
0.00042599567
0.00055476521
0.00066120946
0.00072664425
0.00076888666
0.00079744456
0.00080954037
0.00079001217
0.00071278365
0.00057111903
0.00041631428
0.00030329377
0.00027184899
0.00029883239
0.00035060262
0.00043060738
0.00049945447
0.00053285201
0.00052998132
0.00050126971
0.00045267723
0.00040508657
0.00037999067
0.00035701522
0.00033593952
0.00031705644
0.00029752276
0.00027768949
0.00025774904
0.00023147698
0.00020396789
0.00018436439
0.00016804497
0.00015110553
0.00013817371
0.00355037
0.0055668148
0.0061625131
0.0058966315
0.0054480299
0.0050289925
0.0046299459
0.0042710912
0.0039354226
0.0036338898
0.0033513048
0.0030916847
0.0028420214
0.0025958453
0.0023482292
0.0020935065
0.0018347048
0.0015996707
0.0014147716
0.0012679699
0.0011439217
0.0010071613
0.00087050885
0.00076387101
0.00067495631
0.00061120202
0.0005904334
0.00060372557
0.00063801729
0.00068473923
0.0007467112
0.00081658693
0.00087656837
0.00090552473
0.00089680029
0.00085648089
0.00080872241
0.00077016205
0.00072673338
0.00067961733
0.00062563955
0.00056527035
0.00051293232
0.00047667025
0.00044245786
0.00041007139
0.00038186632
0.00035702047
0.00033567424
0.00031681849
0.00029729721
0.00027746788
0.00025754028
0.00023135396
0.000203811
0.00018414665
0.0001678263
0.00015100191
0.0001380306
0.0075011818
0.011462243
0.012128401
0.01145263
0.010567619
0.0097414333
0.0089885957
0.0082903215
0.0076508892
0.0070654736
0.006513941
0.0060109063
0.0055451645
0.0051071718
0.0046960304
0.0043002092
0.0039204133
0.0035793448
0.0032847256
0.0030211904
0.0027906615
0.0025734338
0.0023682025
0.0021900534
0.0020338699
0.0018983866
0.00177674
0.0016653196
0.0015614392
0.0014657764
0.001375197
0.0012874405
0.0012007349
0.0010995605
0.00099539753
0.00090217523
0.00081844362
0.00075635022
0.00070661178
0.00066090279
0.00061454906
0.00056472584
0.00051808541
0.00047822796
0.00044248567
0.0004097875
0.0003815864
0.0003567421
0.00033539258
0.00031654811
0.00029704634
0.00027723104
0.00025732357
0.00023122338
0.00020364263
0.00018392325
0.00016760702
0.00015085926
0.00013785623
0.0084044826
0.012785115
0.013407893
0.012587862
0.011613819
0.010692211
0.009844674
0.0090669185
0.0083477851
0.0076905242
0.0070775403
0.0065134484
0.0059930701
0.0055117704
0.0050552198
0.0046182211
0.0041998016
0.003825764
0.0034978414
0.0032055249
0.0029466492
0.0027042555
0.002477491
0.0022774683
0.0020983629
0.0019413745
0.0018032466
0.0016782521
0.0015633341
0.0014598343
0.0013659499
0.0012766251
0.0011892728
0.0010921392
0.00099365019
0.00090492963
0.0008250759
0.00076029991
0.00070829771
0.00066129733
0.00061451153
0.00056456821
0.00051784419
0.00047793152
0.0004422088
0.00040952797
0.00038129974
0.00035646037
0.00033512354
0.00031628447
0.00029679204
0.00027698658
0.0002570968
0.00023106894
0.00020346514
0.00018370434
0.0001673877
0.00015068444
0.00013766104
0.008402101
0.012781812
0.013405511
0.012587263
0.011612195
0.0106928
0.0098467304
0.0090703454
0.00835305
0.0076957096
0.007084058
0.0065208675
0.006001332
0.0055196429
0.0050605635
0.0046222163
0.0042031301
0.0038258746
0.0034984733
0.0032076172
0.002951172
0.0027096599
0.002482686
0.0022823613
0.0021021172
0.0019446352
0.0018062737
0.0016813385
0.0015653139
0.0014605904
0.0013661932
0.0012766998
0.0011893452
0.001092502
0.00099327793
0.00090434264
0.00082471527
0.00075996965
0.00070804883
0.00066107326
0.00061422316
0.00056425625
0.00051759212
0.00047770146
0.00044197954
0.00040927602
0.00038104565
0.00035620955
0.00033487346
0.00031604106
0.00029656167
0.00027676065
0.0002568848
0.00023092456
0.00020329078
0.00018351185
0.00016721165
0.00015052841
0.00013746706
0.0084076025
0.012787663
0.013411772
0.012594642
0.011616824
0.010698254
0.0098567142
0.0090763123
0.0083605407
0.0077003036
0.0070878071
0.0065271592
0.0060018068
0.0055145195
0.0050565607
0.0046191449
0.0042019945
0.003828354
0.0034984501
0.0032056225
0.0029473498
0.0027058733
0.0024816774
0.0022821125
0.0021032854
0.0019463314
0.0018082612
0.0016830459
0.001565976
0.0014601307
0.0013654212
0.0012761089
0.0011892875
0.0010924426
0.00099279995
0.00090389076
0.00082451801
0.00075980587
0.00070802978
0.00066104384
0.00061405667
0.00056399201
0.00051740332
0.00047753358
0.00044181088
0.00040909719
0.00038085776
0.0003560209
0.0003346727
0.0003158373
0.00029636666
0.0002765682
0.00025670179
0.0002307978
0.00020313735
0.00018333765
0.00016705256
0.00015038462
0.00013728881
0.0083962984
0.012771322
0.01339566
0.012581947
0.011607766
0.010690895
0.00985287
0.0090736687
0.0083612258
0.0077024724
0.0070911461
0.0065304342
0.0060074626
0.0055188107
0.0050572024
0.0046186629
0.00420126
0.0038273984
0.00349705
0.0032042212
0.0029466964
0.002705985
0.0024837335
0.0022834033
0.0021026558
0.0019452901
0.0018075713
0.0016827201
0.0015657437
0.001459926
0.0013652972
0.0012759697
0.0011889509
0.0010932551
0.00099347077
0.00090389383
0.00082447752
0.00075966147
0.00070771678
0.00066077722
0.0006139395
0.00056392609
0.00051727067
0.00047737666
0.00044166996
0.00040892706
0.00038071477
0.00035588702
0.000334495
0.00031565852
0.00029619765
0.0002764003
0.00025654444
0.00023069732
0.00020299932
0.00018317959
0.00016691068
0.0001502568
0.00013712561
0.0083958322
0.01277062
0.013394688
0.012580038
0.011605636
0.010687464
0.009849145
0.009068525
0.0083552028
0.0076966969
0.0070845745
0.0065248467
0.0059995615
0.0055128009
0.0050544237
0.0046183327
0.0042033357
0.0038296984
0.0035000231
0.0032070473
0.0029486344
0.0027063852
0.0024823435
0.0022824813
0.0021022945
0.0019447163
0.0018062928
0.00168135
0.0015649402
0.0014596095
0.0013650487
0.0012756493
0.0011884486
0.0010933777
0.00099374415
0.00090389466
0.00082431184
0.00075938223
0.00070732122
0.00066045243
0.00061376268
0.00056379213
0.00051707773
0.00047716484
0.00044147898
0.00040872447
0.00038058179
0.00035575656
0.00033429322
0.00031546034
0.00029601059
0.00027621551
0.00025636952
0.00023057064
0.00020284561
0.00018300965
0.00016675197
0.00015011107
0.00013695366
0.0083980875
0.012775188
0.01339932
0.012583212
0.011610389
0.010690279
0.0098471236
0.0090691883
0.0083547424
0.0076962324
0.0070833421
0.0065193693
0.0059993559
0.0055111413
0.0050532679
0.0046186114
0.0042044751
0.0038323347
0.0035025019
0.0032087603
0.0029484188
0.0027050026
0.0024803531
0.0022799381
0.0020995599
0.0019420661
0.0018038965
0.00167903
0.0015636318
0.0014596752
0.0013655364
0.0012760384
0.0011885578
0.0010932174
0.00099371031
0.00090369692
0.00082388849
0.00075897639
0.00070688945
0.00066018109
0.00061360289
0.00056366447
0.00051684065
0.00047691782
0.0004412707
0.00040850597
0.00038041416
0.00035560407
0.00033409538
0.00031526889
0.00029583343
0.00027604325
0.00025621032
0.00023046528
0.00020270292
0.00018285212
0.00016660946
0.00014997391
0.00013678068
0.00013101264
0.008391565
0.01276759
0.013391221
0.01257507
0.011598819
0.010680885
0.0098376145
0.0090583856
0.0083436262
0.007685276
0.0070731272
0.0065100022
0.0059893645
0.0055077329
0.0050527043
0.0046195184
0.004207551
0.0038323276
0.0035046901
0.0032117445
0.0029518134
0.002707616
0.0024799203
0.0022787932
0.0020985196
0.0019406496
0.0018018761
0.0016769745
0.0015626019
0.001459425
0.0013653638
0.0012757476
0.0011878146
0.0010923202
0.00099359303
0.00090373324
0.00082360286
0.00075862708
0.0007064075
0.00065972827
0.00061333507
0.00056348031
0.00051657117
0.00047663216
0.00044102351
0.00040824314
0.00038018541
0.00035540179
0.00033386599
0.0003150515
0.00029563759
0.00027585743
0.00025604648
0.00023037278
0.00020257077
0.00018269845
0.00016647268
0.0001498473
0.00013660895
0.00013082632
0.0083841309
0.012758339
0.013382171
0.01256721
0.011595055
0.01067727
0.009830629
0.0090567708
0.0083409812
0.0076855368
0.0070735608
0.006510646
0.0059919725
0.0055120808
0.0050548811
0.0046190417
0.004203959
0.0038306791
0.0035028294
0.0032103545
0.0029511607
0.0027069868
0.0024794665
0.0022781998
0.0020971314
0.0019392576
0.0018008505
0.0016761241
0.0015618437
0.0014588871
0.0013650908
0.0012755667
0.001187549
0.0010912116
0.00099290684
0.0009036052
0.00082330828
0.00075833123
0.00070610785
0.00065934537
0.00061303579
0.00056324903
0.00051633028
0.00047636061
0.00044077115
0.00040798534
0.00037994409
0.0003551758
0.00033362221
0.00031482404
0.00029543297
0.0002756645
0.00025587644
0.00023027352
0.00020243374
0.00018253972
0.0001663305
0.00014972201
0.0001364426
0.00013065051
0.0083729827
0.012741641
0.013365063
0.012552335
0.011579266
0.010663943
0.009824921
0.0090472781
0.0083325588
0.0076756859
0.0070651649
0.0065055684
0.0059870234
0.0055048065
0.0050508506
0.0046183897
0.0042050192
0.0038343581
0.0035065352
0.0032139178
0.0029537271
0.0027071332
0.0024798046
0.0022786738
0.002096566
0.0019379172
0.0017992661
0.0016744992
0.0015607447
0.0014583747
0.0013648316
0.0012750925
0.0011866116
0.0010903518
0.00099349284
0.00090434024
0.00082325529
0.00075814519
0.00070577436
0.00065889864
0.00061274845
0.00056307559
0.00051613455
0.00047611427
0.00044053905
0.00040776489
0.00037973196
0.00035497144
0.00033340557
0.00031461629
0.00029524357
0.00027548562
0.00025571557
0.00023017112
0.00020229965
0.00018238911
0.00016619264
0.00014959541
0.0001362816
0.00013048099
0.0083615543
0.012724947
0.013348322
0.012537093
0.011569154
0.010652876
0.0098131488
0.009034512
0.0083217584
0.0076660862
0.0070557574
0.0064977775
0.0059807784
0.0054959645
0.0050438489
0.0046161933
0.0042081744
0.0038413646
0.003513538
0.0032195761
0.0029566475
0.0027055368
0.0024790057
0.0022785092
0.0020966626
0.0019376122
0.0017981136
0.0016732592
0.0015600778
0.0014580487
0.0013647511
0.0012747322
0.0011857191
0.0010896172
0.00099375925
0.00090459992
0.00082322634
0.00075800458
0.00070544306
0.00065848957
0.00061248588
0.0005629325
0.00051594817
0.00047588202
0.00044032173
0.00040755963
0.00037951943
0.00035476469
0.00033319765
0.00031441388
0.00029505685
0.0002753098
0.0002555599
0.0002300776
0.00020217698
0.00018225438
0.00016606981
0.00014947902
0.00013613002
0.00013031617
0.0083559858
0.01271751
0.013340554
0.01252908
0.01156406
0.010643692
0.0098038798
0.0090256551
0.008313638
0.007658622
0.0070495358
0.0064868194
0.0059737731
0.0054931401
0.0050407552
0.0046119813
0.0042065142
0.0038413934
0.0035149039
0.0032214048
0.0029580719
0.0027066013
0.0024794512
0.0022790451
0.0020974141
0.0019382607
0.0017982369
0.001672927
0.0015596662
0.0014575423
0.0013640829
0.001273939
0.0011848025
0.0010894069
0.00099368442
0.00090441302
0.00082315109
0.00075788849
0.00070520762
0.0006581823
0.00061216597
0.00056266551
0.00051574635
0.00047568694
0.00044013158
0.00040737189
0.0003793108
0.00035455148
0.00033299831
0.0003142212
0.00029487216
0.00027513076
0.00025539691
0.00022996752
0.00020204668
0.00018211398
0.00016594609
0.00014936146
0.00013598306
0.0083617823
0.012724483
0.013348331
0.012536942
0.011571991
0.010651996
0.0098130112
0.0090308916
0.0083182071
0.0076624322
0.0070511294
0.0064863499
0.0059700035
0.0054882114
0.0050354724
0.004607188
0.0042072294
0.0038443417
0.0035173639
0.0032224803
0.0029568298
0.0027038245
0.0024782513
0.0022779894
0.0020963736
0.0019373951
0.0017973237
0.001672106
0.0015589911
0.0014569675
0.001363566
0.0012735821
0.0011846388
0.0010903779
0.00099415351
0.00090413736
0.00082280845
0.00075746324
0.00070478207
0.00065788169
0.0006120247
0.000562526
0.00051558374
0.00047549639
0.00043994616
0.00040718107
0.00037909698
0.00035434149
0.00033280782
0.00031404636
0.00029471063
0.00027497365
0.00025525879
0.00022988976
0.000201926
0.00018198124
0.00016583453
0.0083565359
0.012718485
0.013342678
0.012532043
0.011567157
0.01064778
0.0098089731
0.0090288965
0.0083180859
0.0076608981
0.0070503516
0.0064865964
0.0059726362
0.0054896256
0.0050377486
0.0046094233
0.0042072674
0.0038435117
0.0035167874
0.0032223492
0.0029575272
0.0027050241
0.0024786745
0.0022782862
0.0020963041
0.0019373889
0.0017973655
0.0016721345
0.0015588414
0.0014567761
0.0013633682
0.0012733061
0.0011842445
0.0010901783
0.00099420911
0.00090413708
0.00082286806
0.00075747748
0.00070463381
0.00065764098
0.00061183715
0.00056242011
0.00051550989
0.00047540009
0.00043984986
0.00040705337
0.00037895691
0.00035419868
0.00033265855
0.00031390342
0.00029456963
0.00027483325
0.00025513344
0.00022982092
0.00020182524
0.0083470395
0.012706288
0.013330354
0.012520677
0.011557076
0.010639313
0.0098016214
0.0090228515
0.0083120653
0.0076572823
0.0070492415
0.0064864069
0.0059733833
0.0054916843
0.0050389834
0.0046091037
0.0042053389
0.0038403405
0.0035142274
0.0032209929
0.0029580994
0.0027067717
0.00248034
0.0022799458
0.0020974487
0.0019380851
0.0017979586
0.0016726476
0.0015589967
0.001456551
0.0013628565
0.001272672
0.0011836331
0.001089795
0.00099392509
0.00090403019
0.00082291872
0.00075748345
0.00070454715
0.00065750733
0.00061168985
0.00056227228
0.00051538158
0.00047528534
0.00043973894
0.00040692583
0.00037885602
0.0003541162
0.00033254213
0.00031377873
0.00029444836
0.00027471347
0.00025501949
0.00022974172
0.0083487214
0.012708651
0.013332499
0.012522909
0.011558334
0.010639446
0.0098024549
0.0090236526
0.0083111269
0.0076580022
0.0070482352
0.0064860534
0.0059712729
0.0054905772
0.0050371848
0.0046073027
0.0042023645
0.0038374029
0.0035110034
0.0032176545
0.0029551846
0.0027054077
0.0024799476
0.0022799911
0.0020978403
0.0019388171
0.0017988282
0.0016733015
0.0015591786
0.0014562309
0.0013620851
0.0012718669
0.0011830739
0.0010896578
0.00099327407
0.00090343011
0.00082280374
0.00075746689
0.00070436557
0.00065719026
0.00061138635
0.00056207001
0.00051523359
0.00047510733
0.00043956007
0.00040674607
0.00037867438
0.00035393297
0.00033236456
0.00031361366
0.00029429814
0.00027457194
0.0083550288
0.012717582
0.013341426
0.012530635
0.011565274
0.010644177
0.0098057565
0.0090241095
0.0083114747
0.0076553469
0.0070444285
0.0064813619
0.0059649789
0.0054829109
0.0050314233
0.0046045983
0.0042019865
0.0038381201
0.0035115642
0.0032172674
0.0029533041
0.0027039326
0.0024781898
0.002278589
0.0020979451
0.001089713
0.00099215713
0.00090228698
0.00082246914
0.00075720452
0.00070407773
0.0006569785
0.00061114164
0.0005618164
0.00051502097
0.00047491453
0.00043937418
0.00040657048
0.00037849297
0.00035375009
0.00033218413
0.00031344106
0.00029414084
0.00027442372
0.008349379
0.012710571
0.013334792
0.01252589
0.011555063
0.010642071
0.0098042614
0.0090252665
0.008313169
0.0076560395
0.0070446819
0.006486382
0.0059637569
0.0054805653
0.0050292094
0.0046025976
0.0042002365
0.0038352744
0.0035076295
0.0032128993
0.0029498595
0.0027023452
0.0024785647
0.00035353166
0.00033196657
0.00031323727
0.0083304636
0.012682389
0.013305579
0.0124988
0.011537386
0.010619778
0.0097832217
0.0090043212
0.0082922257
0.007639675
0.0070286689
0.0064659773
0.0059518633
0.0054715967
0.0050218499
0.0045975161
0.0042006298
0.0038418684
0.0035167149
0.0083097087
0.012653613
0.013275653
0.012471133
0.011504203
0.010593696
0.0097552693
0.0089838234
0.0082707108
0.0076161921
0.0070073191
0.006452325
0.0059355471
0.0054567407
0.005014449
0.0045990339
0.0042054911
0.0038480471
0.0082934092
0.012634426
0.013256951
0.012452925
0.01149285
0.010577679
0.0097446539
0.0089731787
0.0082638174
0.0076109762
0.0070042436
0.0064469916
0.005933837
0.0054595573
0.0050161093
0.0045979568
0.0042042727
0.0082792538
0.012614727
0.013237318
0.012437118
0.011473633
0.010567813
0.00973452
0.0089643618
0.0082563976
0.0076013976
0.0069932959
0.0064372046
0.0059217846
0.0054470561
0.0050048695
0.0045937566
0.0082679045
0.012600593
0.013222516
0.01242251
0.011459858
0.010553344
0.0097218764
0.0089535565
0.0082471118
0.0075910867
0.0069833253
0.0064333324
0.0059185164
0.0054459006
0.0050057577
0.0082729859
0.012609432
0.013232206
0.012430784
0.011467064
0.010559959
0.0097232103
0.0089560218
0.0082486581
0.0075962276
0.0069866607
0.0064264186
0.0059140645
0.0054426457
0.0083100568
0.012658382
0.013281587
0.012475949
0.011507676
0.010597132
0.0097587933
0.0089839159
0.008274038
0.0076161133
0.0070062907
0.0064510228
0.0059314256
0.0083107563
0.012659166
0.013283274
0.012478987
0.011519333
0.010603918
0.0097698085
0.0089924925
0.0082835651
0.007630608
0.0070205366
0.0064589603
0.0083065397
0.012652169
0.013277077
0.012476172
0.011511759
0.010602741
0.0097715703
0.0089977056
0.0082880713
0.0076341739
0.0070243275
0.0083067758
0.012650072
0.013276185
0.012477614
0.011517642
0.010611266
0.0097723618
0.0090000643
0.0082905272
0.0076410345
0.0083001986
0.01264499
0.013268512
0.012465058
0.011505615
0.010589915
0.0097543464
0.0089788478
0.0082666574
0.0082910856
0.012631615
0.013255522
0.012454111
0.011496823
0.01058355
0.0097496736
0.0089726598
0.0082686527
0.012598095
0.013223174
0.01242916
0.011473447
0.010570332
0.0082854906
0.012625403
0.013248657
0.012447064
0.02875474
0.070194469
0.037202665
0.049032393
0.029386925
0.11398003
0.0074481624
0.00080834494
0.00018123946
6.1023469e-05
0.00033181038
0.00034646405
0.00011571464
0.00021784826
0.00036562927
0.00041159093
0.026130293
0.045072696
0.078501192
0.032272094
0.018988826
0.20043194
0.0061836872
0.00055971095
0.00010998133
7.8104008e-05
0.00035104822
0.00035570303
0.00016143692
0.00019459801
0.00032070179
0.00038475111
0.024283435
0.024609194
0.027484358
0.028070799
0.017893928
0.038237087
0.0029609235
0.00027456089
9.2379124e-05
9.8341906e-05
0.00034972946
0.00037283203
0.00020134261
0.00019073799
0.00028719728
0.00035524249
0.022196753
0.01448814
0.022562257
0.031006016
0.019782635
0.046636358
0.0023627003
0.00036534441
0.00015292506
0.00012186465
0.00032756812
0.00038746766
0.0002533939
0.00019641225
0.00026644128
0.00032791634
0.020901595
0.018549211
0.027292034
0.030025853
0.02047514
0.13006763
0.0040740217
0.00068730968
0.00022823554
0.00014092541
0.0002891851
0.00038172488
0.00029515492
0.00020975235
0.0002534288
0.00030140046
0.019104392
0.023711597
0.029888246
0.026392344
0.018386109
0.093502689
0.0041221305
0.00084553363
0.00028857782
0.00015639537
0.0002304001
0.00034630594
0.00029605775
0.00023878614
0.00024239396
0.00027689256
0.018159967
0.016325005
0.025677679
0.02421483
0.016273054
0.085779703
0.0041831037
0.00095192087
0.00033784761
0.00017450723
0.00015458044
0.00029499844
0.00027904114
0.00025848845
0.00024026764
0.00025582988
0.017097426
0.016041959
0.022333666
0.02251065
0.015470447
0.091500046
0.0042230554
0.0010260153
0.00037825657
0.00019776696
9.099663e-05
0.00024909741
0.00030110632
0.00025837268
0.00025543837
0.00023423393
0.015630663
0.017197668
0.020297196
0.020929013
0.01491352
0.07971709
0.0042470297
0.0010780134
0.00041116871
0.0002230232
6.7595878e-05
0.00021401588
0.00033822689
0.00026718752
0.00025889503
0.00020941764
0.014547611
0.017610044
0.01874116
0.019441414
0.013983818
0.068709193
0.004270554
0.0011128106
0.00043776531
0.00024813685
7.1433166e-05
0.00015693222
0.00031245084
0.00026065242
0.00023171796
0.00017778092
0.013533234
0.018333907
0.017353285
0.018012106
0.012956688
0.067631459
0.0042934238
0.001135481
0.00045827972
0.00027254537
8.3320227e-05
8.7637914e-05
0.00021275385
0.00020604663
0.00019143256
0.00014595168
0.012616735
0.016110275
0.016092402
0.016648554
0.012031551
0.064252517
0.004282785
0.0011481895
0.00047341526
0.00029242533
0.00010648435
8.259157e-05
0.00010506291
0.00013872262
0.00015487437
0.00012868706
0.011847351
0.014497742
0.014948629
0.015411946
0.011188019
0.057636528
0.0042547874
0.0011536986
0.00048388459
0.000305345
0.00014409077
0.00010332683
8.8457831e-05
9.6731894e-05
0.00012721491
0.00012132247
0.011076174
0.014290025
0.013886237
0.014274964
0.010411745
0.053251487
0.0042370683
0.0011517972
0.00048994701
0.00031397603
0.00018588945
8.0061957e-05
0.00010224104
6.5195053e-05
9.4003817e-05
0.00010850675
0.010436932
0.013113082
0.012923336
0.013228078
0.009689878
0.050252195
0.0041946538
0.0011448625
0.00049218961
0.00032021345
0.00021734581
7.2626305e-05
7.6114782e-05
4.8583285e-05
5.9589244e-05
8.8924799e-05
0.0097813894
0.010960622
0.012013397
0.012249002
0.0090052355
0.046523007
0.004153489
0.0011325055
0.00049058879
0.0003236258
0.00023379271
0.00010842346
6.808418e-05
5.4893041e-05
4.5115931e-05
0.0091016021
0.0092593966
0.011126826
0.011341989
0.0083637592
0.04257778
0.0041182817
0.0011171744
0.00048825101
0.0003230164
0.00023807629
0.00014373311
0.00010218199
7.4951913e-05
5.061933e-05
0.0086021787
0.0082308551
0.010279388
0.01050297
0.0077906988
0.039310232
0.0040711613
0.0010988608
0.00048636453
0.00031934258
0.000234625
0.00016283283
0.0001372255
9.8274576e-05
0.0080796719
0.00774208
0.0095132059
0.0097308181
0.0072746624
0.036688814
0.0040184962
0.0010840233
0.0004871627
0.00031775309
0.00023076326
0.00017000722
0.00015080785
0.00011346854
0.0075489792
0.0074723611
0.0088230337
0.0090175405
0.0067534199
0.034048502
0.0039692956
0.0010755092
0.00049025925
0.00031740019
0.00022981489
0.00017052308
0.00015169895
0.00012422869
0.0070487658
0.0070828157
0.0081440157
0.0083527912
0.0061639383
0.031310571
0.0039141423
0.0010621572
0.0004930103
0.00031698559
0.00023111852
0.00016969648
0.00014611716
0.00013114583
0.0066906138
0.0065747927
0.0074506704
0.0077446197
0.0054768178
0.028960526
0.0038595285
0.0010506967
0.00049857226
0.00031650485
0.00023257227
0.00017061098
0.00014194901
0.00013446514
0.0063358658
0.0060580636
0.0067694805
0.0071841708
0.0047441998
0.026902295
0.0037926628
0.0010450712
0.00050392415
0.00031491266
0.00023279073
0.00017454835
0.00014244189
0.00013328771
0.0059924195
0.0055363515
0.0061592161
0.0066344388
0.0040661885
0.024793942
0.0037408295
0.0010345821
0.0005081459
0.00031485379
0.00023157568
0.00017918978
0.00014533336
0.0001286271
0.0055154129
0.0050419304
0.005660456
0.0061135281
0.0034928688
0.022830881
0.0036680356
0.0010330664
0.00051351675
0.00031547687
0.00022939296
0.00018089229
0.00014995134
0.00012422292
0.0050395186
0.0046266181
0.0052233305
0.0056405453
0.0030466557
0.021029636
0.0036249133
0.0010242298
0.00051784483
0.00031562759
0.00022798484
0.00018049258
0.00015657923
0.00012301416
0.0045866706
0.0042894382
0.0048087426
0.0052323456
0.0028104472
0.019390453
0.0035407732
0.0010185251
0.00052251792
0.00031824631
0.00022580095
0.00018007072
0.00016341019
0.0001261165
0.0042144774
0.0040197527
0.0044169528
0.0048655507
0.0028062507
0.017698181
0.003511626
0.0010180574
0.00052482791
0.00032129795
0.00022422495
0.00017986143
0.00016612355
0.00013220871
0.0038446515
0.0037692045
0.0040277806
0.004468465
0.0028956753
0.016156587
0.0034213092
0.0010109872
0.00052761994
0.00032405474
0.00022383651
0.00017926815
0.00016370814
0.00013838158
0.0035211062
0.0034632669
0.0036316924
0.0040669455
0.0029723135
0.014645564
0.0033920414
0.001012749
0.00052546255
0.00032631844
0.00022374265
0.00017834305
0.00015882165
0.00014136188
0.00326599
0.0032247436
0.0033047639
0.0037221341
0.0029665721
0.013291204
0.0032902522
0.0010031798
0.00052292191
0.00032825292
0.00022501692
0.00017741487
0.00015533136
0.00014162414
0.0030692402
0.0030282305
0.0030381678
0.0034472295
0.0028779036
0.0119518
0.0032350696
0.00098851747
0.00051880318
0.00032897433
0.0002259687
0.00017730122
0.00015543397
0.00013970938
0.0028693524
0.002779601
0.002747142
0.0032117606
0.0027573045
0.010773025
0.0031193547
0.00098403104
0.00051486761
0.00032888679
0.00022705402
0.00017651193
0.00015589332
0.00013767552
0.0026487462
0.0025409589
0.0024750041
0.002958447
0.0025974017
0.0095553862
0.0030811583
0.00096484995
0.00051007208
0.00032853507
0.00022792852
0.00017581884
0.00015404872
0.00013691883
0.002441407
0.0022570952
0.0022814067
0.0027251795
0.0024120685
0.0087632391
0.0030163444
0.00095300817
0.00050864579
0.00032667441
0.00022876394
0.00017616036
0.00015168401
0.0001360084
0.0022761509
0.0020686644
0.0021088067
0.0025332715
0.0022396365
0.0077506707
0.003004552
0.00095082786
0.00050526941
0.00032601232
0.00022884856
0.00017651429
0.00015183925
0.00013475958
0.0020733437
0.0019195267
0.0019512215
0.0023088284
0.0020896132
0.006955771
0.0029083284
0.00094401948
0.00050405026
0.00032549325
0.00022876308
0.00017752396
0.00015260786
0.00013448567
0.0019112793
0.0018216515
0.001811561
0.0020784255
0.0018897682
0.0061489077
0.0028953486
0.00094604536
0.00050216384
0.0003234228
0.00022905924
0.00017794545
0.00015203594
0.00013486035
0.0017704674
0.0016653859
0.0016565364
0.0018877736
0.0017479608
0.0055135088
0.0027717503
0.0009435924
0.00049834104
0.00032312442
0.00022965793
0.00017830759
0.00015204054
0.00013510087
0.0016228752
0.001545807
0.0015251401
0.0016776035
0.0016384295
0.0049666283
0.0027745156
0.0009457421
0.00049585747
0.00032069257
0.00022839733
0.00017835875
0.00015220226
0.00013500675
0.0015124833
0.0014752528
0.0014390868
0.0014687101
0.001443879
0.0044373832
0.0025940852
0.00095000992
0.00049584879
0.00031942859
0.00022776335
0.00017850853
0.00015185076
0.00013511601
0.0014212054
0.0013843307
0.0013563947
0.0013178193
0.0012615395
0.0039032928
0.0025665016
0.00096211032
0.00049113245
0.00031767671
0.00022724265
0.00017764909
0.00015209825
0.00013607628
0.0013300034
0.0012672202
0.0013472449
0.0012841
0.001174812
0.0033645743
0.0024076689
0.00095637768
0.00049415548
0.00031631594
0.00022654132
0.00017830733
0.00015274908
0.00013609302
0.0012379109
0.0011631437
0.0013536081
0.0013107794
0.0011408129
0.0027948346
0.0022927843
0.00096126054
0.00049269317
0.00031533336
0.00022606606
0.00017807149
0.0001519233
0.00013583766
0.0011146798
0.0010069539
0.0012528841
0.0012230175
0.0010522106
0.0022434191
0.0021593841
0.00096217136
0.00049367337
0.00031569252
0.00022525153
0.00017663538
0.00015214354
0.00013676114
0.0010660451
0.00086672184
0.0011263347
0.0010951514
0.00097337283
0.0017270839
0.0019653385
0.0010016759
0.00050343669
0.00031352203
0.00022324619
0.00017687323
0.00015235144
0.00013649137
0.0010640826
0.00077730052
0.0010362174
0.00099675224
0.00092431617
0.0012347999
0.0016773272
0.0010461328
0.00051857892
0.00031456314
0.00022278205
0.00017663335
0.00015180794
0.00013643785
0.001000592
0.00072147652
0.00097488239
0.00092647074
0.00087250982
0.00090527029
0.0014028554
0.0010718384
0.00055226314
0.00031848044
0.00091412842
0.00069519248
0.00092054634
0.00087929355
0.00084511814
0.00079735418
0.0011524496
0.0010626387
0.00059434229
0.00082941882
0.0006656232
0.00086682619
0.00083018334
0.0007985482
0.00075760884
0.0010249474
0.0010159943
0.00074210299
0.00061482922
0.00079350813
0.00075986791
0.00072562252
0.00070133346
0.00087680537
0.0006439066
0.00057788871
0.00073188318
0.00070358109
0.00067174863
0.00064928082
0.00057305822
0.0005500575
0.00068358178
0.00065737874
0.00063157764
0.00055138046
0.00052937882
0.00064611896
0.00062826694
0.00058492298
0.19040312
0.036657194
0.064014254
0.021315065
0.082920225
0.031439918
0.035798825
0.053111287
0.029998543
)
;

boundaryField
{
    Side
    {
        type            empty;
    }
    Inlet
    {
        type            zeroGradient;
    }
    Airfoil
    {
        type            zeroGradient;
    }
    Outlet
    {
        type            zeroGradient;
    }
    procBoundary30to10
    {
        type            processor;
        value           nonuniform List<scalar> 
17
(
0.00013016102
0.0001492513
0.00013016102
0.00013582948
0.00018186505
0.0001492513
0.00016572977
0.00018186505
0.00020172186
0.00025489558
0.00020172186
0.0002296771
0.00025489558
0.00029396018
0.00025476555
0.0002742571
0.00029396018
)
;
    }
    procBoundary30to11
    {
        type            processor;
        value           nonuniform List<scalar> 
18
(
0.0090714476
0.0011333306
0.00026890986
6.1695802e-05
0.00035642416
0.00040357659
7.4228219e-05
0.00029338587
0.00047880009
0.00051120603
0.0090714476
0.12055366
0.027215682
0.017835643
0.017835643
0.062443245
0.017476972
0.027270404
)
;
    }
    procBoundary30to14
    {
        type            processor;
        value           nonuniform List<scalar> 
65
(
0.000514304
0.00048971543
0.00048612012
0.00048612012
0.00046706453
0.00046042123
0.0004493943
0.0004493943
0.00041213587
0.00041498167
0.00040867326
0.00040372916
0.00040372916
0.00041675271
0.00040540173
0.00041438363
0.00042059517
0.00041817354
0.00042308255
0.00036577061
0.00017707113
0.00013321689
0.00013902524
0.00013938548
0.00013910455
0.00013910455
0.00013340974
0.00013314102
0.0001328949
0.00013264747
0.00013240854
0.00013218053
0.00013195965
0.00013174233
0.00013154655
0.00013136983
0.00013119273
0.00013119273
0.00012597139
0.00012580997
0.00012565566
0.00012550568
0.00012535948
0.00022182806
0.00017560765
0.00015152522
0.00013671093
0.00022182806
0.00032224494
0.00032224494
0.00062807375
0.00062807375
0.00092340278
0.00092340278
0.0007083269
0.0007083269
0.00060949647
0.00060949647
0.00060558576
0.0005477603
0.00065617241
0.00060558576
0.00063722203
0.0005477603
0.00048875385
)
;
    }
    procBoundary30to15
    {
        type            processor;
        value           nonuniform List<scalar> 2(0.050615143 0.035376267);
    }
    procBoundary30to22
    {
        type            processor;
        value           nonuniform List<scalar> 
49
(
0.00026975423
0.00026586355
0.00026532081
0.00026150384
0.00026081697
0.00026262499
0.00025925141
0.00024804449
0.00022539024
0.00018996883
0.00015429422
0.00013761091
0.00013573191
0.00013076771
0.00011802744
7.2699982e-05
7.2699982e-05
7.1054548e-05
6.4742256e-05
6.4742256e-05
7.9846439e-05
9.4672712e-05
0.00010932717
0.00012279741
0.00013224063
0.00013485974
0.00013097524
0.0001236905
0.00011651315
0.0001122379
0.00011236197
0.00011607561
0.0001209905
0.00012405241
0.00012569772
0.00012626889
0.0001252171
0.00012286967
0.00012128292
0.00012158117
0.00012258589
0.00012246496
0.00012196805
0.00012188211
0.00012212085
0.00012247158
0.00012264985
0.00012286532
0.00012299824
)
;
    }
    procBoundary30to42
    {
        type            processor;
        value           nonuniform List<scalar> 
68
(
0.0019393239
0.0017991899
0.001673378
0.0015590276
0.0014557898
0.0013614179
0.0012713081
0.0011827393
0.0022795053
0.0019393239
0.0020987134
0.0011827393
0.001089373
0.0009913067
0.00090164983
0.00082229332
0.00075707008
0.00070385752
0.00065670095
0.00061081621
0.00056154563
0.00051482495
0.00047471479
0.00043916101
0.00040635289
0.00037827008
0.0032225789
0.0029570736
0.0027049005
0.0022795053
0.0024803377
0.00037827008
0.00035335042
0.00033178321
0.00031305913
0.0032225789
0.0035237235
0.0035237235
0.0038452924
0.0038452924
0.00421053
0.00421053
0.0045950615
0.0045950615
0.0050011124
0.0050011124
0.0054528316
0.0054528316
0.0059420434
0.0059420434
0.0064672541
0.0064672541
0.0070339819
0.0070339819
0.0076150788
0.0076150788
0.008263012
0.0097358588
0.008263012
0.0089660779
0.011480949
0.0097358588
0.010573152
0.0082743495
0.012610042
0.013234126
0.011480949
0.012436089
)
;
    }
}


// ************************************************************************* //
