/*--------------------------------*- C++ -*----------------------------------*\
| =========                 |                                                 |
| \\      /  F ield         | OpenFOAM: The Open Source CFD Toolbox           |
|  \\    /   O peration     | Version:  2506                                  |
|   \\  /    A nd           | Website:  www.openfoam.com                      |
|    \\/     M anipulation  |                                                 |
\*---------------------------------------------------------------------------*/
FoamFile
{
    version     2.0;
    format      ascii;
    arch        "LSB;label=32;scalar=64";
    class       volVectorField;
    location    "1.55";
    object      U;
}
// * * * * * * * * * * * * * * * * * * * * * * * * * * * * * * * * * * * * * //

dimensions      [0 1 -1 0 0 0 0];

internalField   nonuniform List<vector> 
1376
(
(94.026376 -0.015885708 -1.8205164e-18)
(94.279222 -0.008484628 1.8021575e-18)
(94.420619 -0.015177245 -1.4261437e-17)
(94.488661 -0.01822175 2.1156684e-17)
(93.750611 0.019953677 2.8946893e-17)
(94.048558 -0.011414771 -1.6129255e-17)
(94.29926 -0.0050105208 1.5966719e-17)
(94.438598 -0.013040567 1.9402463e-22)
(94.50516 -0.017365387 -1.3890372e-17)
(94.534824 -0.021693474 0)
(94.548014 -0.025820069 1.3576161e-17)
(94.554284 -0.030362195 1.341287e-17)
(94.557371 -0.034314956 0)
(94.558439 -0.038162498 -3.9233538e-17)
(94.558283 -0.041943956 1.290805e-17)
(93.772814 0.02414158 -1.4245129e-17)
(94.071273 -0.006914049 1.2348865e-17)
(94.320252 -0.00091168984 -1.2225475e-17)
(94.457586 -0.009421274 2.7653132e-17)
(94.522602 -0.014420816 6.8391417e-18)
(94.551299 -0.01940855 -6.7636801e-18)
(94.563877 -0.023900784 0)
(94.569619 -0.028144826 0)
(94.572139 -0.03271209 1.3048996e-17)
(94.572737 -0.034907615 1.2888638e-17)
(94.572355 -0.039769027 -1.1824593e-22)
(94.571131 -0.042840611 1.2545466e-17)
(94.569074 -0.04591635 0)
(94.566564 -0.049316376 -1.2175628e-17)
(94.563821 -0.052908 -2.3966733e-17)
(94.560961 -0.056796161 1.1785435e-17)
(93.796385 0.022227891 1.4021278e-17)
(94.095925 -0.010831121 0)
(94.343359 -0.0046218605 1.3755042e-17)
(94.478587 -0.014489574 -1.3612783e-17)
(94.541901 -0.020540662 6.7338216e-18)
(94.569373 -0.026734561 -6.6600275e-18)
(94.581083 -0.03322982 1.3169167e-17)
(94.586062 -0.039330534 1.301276e-17)
(94.587729 -0.044074293 -3.8556769e-17)
(94.587783 -0.049879965 -1.2696745e-17)
(94.586976 -0.054826117 -1.1594432e-22)
(94.585265 -0.05920393 1.2364797e-17)
(94.582788 -0.062520625 0)
(94.579941 -0.065592129 2.4015015e-17)
(94.57686 -0.068013719 0)
(94.57368 -0.070057737 0)
(94.57051 -0.071469516 -1.143354e-17)
(94.567418 -0.072855486 1.7318556e-22)
(94.564491 -0.074552166 0)
(94.561666 -0.075367078 3.5182451e-22)
(93.821494 0.023462419 -1.380682e-17)
(94.122578 -0.010994752 1.7101504e-18)
(94.368466 -0.0034433937 -1.6934349e-18)
(94.501701 -0.013397341 3.3522294e-18)
(94.563517 -0.019518942 9.9503825e-18)
(94.589966 -0.025593828 0)
(94.600866 -0.032023272 -1.2975251e-17)
(94.605111 -0.039101684 -2.5644082e-17)
(94.606175 -0.044467739 2.534588e-17)
(94.60572 -0.0509883 1.3658923e-22)
(94.604237 -0.057594293 1.235652e-17)
(94.601786 -0.063539206 -2.4377793e-17)
(94.598648 -0.069288155 1.2017035e-17)
(94.59512 -0.074762384 -1.1841145e-17)
(94.591301 -0.079932478 -1.1659993e-17)
(94.587368 -0.084816003 0)
(94.583454 -0.089248678 1.1283679e-17)
(94.579654 -0.092849087 1.7599824e-22)
(94.576069 -0.095814471 0)
(94.572809 -0.099030045 4.2726496e-17)
(94.569829 -0.10022015 -2.0941674e-17)
(94.56698 -0.099208044 2.050947e-17)
(94.564316 -0.10037566 -2.006812e-17)
(94.561641 -0.099127032 0)
(94.558557 -0.096278113 0)
(93.845799 0.026774954 0)
(94.147497 -0.0064266923 -1.3473849e-17)
(94.391207 0.001505406 3.3359668e-18)
(94.522231 -0.0073140695 -3.3022805e-18)
(94.582559 -0.012623843 -1.3071774e-17)
(94.608174 -0.017942154 6.4657395e-18)
(94.618531 -0.023447226 2.5209945e-23)
(94.622384 -0.029179101 -6.3192253e-18)
(94.623379 -0.033750169 -1.2494454e-17)
(94.622999 -0.040113516 0)
(94.621352 -0.04624333 0)
(94.618816 -0.052086516 1.2022309e-17)
(94.615634 -0.057914199 -1.1855033e-17)
(94.611934 -0.064019357 0)
(94.607807 -0.070746914 1.1506038e-17)
(94.603379 -0.077323424 -1.1324079e-17)
(94.598733 -0.08421701 0)
(94.594057 -0.091614573 -2.1892446e-17)
(94.589461 -0.098263538 2.149984e-17)
(94.585 -0.10406239 -4.2195643e-17)
(94.580869 -0.11115774 -1.188805e-22)
(94.577105 -0.11703604 2.026704e-17)
(94.573559 -0.12011562 3.9675797e-17)
(94.570316 -0.12514232 -1.9400967e-17)
(94.56724 -0.12732238 0)
(94.564051 -0.12651089 1.8497548e-17)
(94.560776 -0.12685258 -5.4095946e-17)
(94.557217 -0.12338729 3.5109937e-17)
(94.552902 -0.12084254 -3.4126179e-17)
(93.870259 0.018475794 0)
(94.171341 -0.015089995 1.6582418e-17)
(94.41224 -0.006525323 -3.2844079e-18)
(94.540601 -0.015407235 9.7537632e-18)
(94.599134 -0.020378518 3.2175682e-18)
(94.623608 -0.025760456 1.2733092e-17)
(94.633215 -0.031622493 -6.2964446e-18)
(94.63656 -0.037479572 6.2243826e-18)
(94.637369 -0.041826925 2.4617765e-17)
(94.636967 -0.04828046 -2.4330746e-17)
(94.635308 -0.053217951 -1.2010333e-17)
(94.633022 -0.058343382 -1.3715397e-22)
(94.630263 -0.062151333 0)
(94.627041 -0.066315165 -1.1525998e-17)
(94.623433 -0.069981733 0)
(94.619444 -0.073533662 1.117965e-17)
(94.615073 -0.077027052 2.1996886e-17)
(94.610398 -0.080685596 -2.1624281e-17)
(94.60558 -0.085915617 -1.4800819e-22)
(94.600699 -0.091393398 4.1697406e-17)
(94.59571 -0.096192335 2.0445078e-17)
(94.59083 -0.10385058 -2.7954481e-22)
(94.586152 -0.11184045 1.9611704e-17)
(94.581491 -0.11752599 -2.4413718e-22)
(94.576962 -0.12603655 3.7486588e-17)
(94.572499 -0.13260808 0)
(94.568061 -0.13867548 3.5689367e-17)
(94.563872 -0.14360614 -3.4771267e-17)
(94.559911 -0.14775611 1.6919467e-17)
(94.55594 -0.15247614 -1.6443403e-17)
(94.551609 -0.15286863 1.5955754e-17)
(94.546955 -0.14959183 1.5462556e-17)
(94.542423 -0.1444036 -2.9937215e-17)
(93.896771 0.011718446 1.6479792e-18)
(94.197034 -0.024829526 -1.7964395e-17)
(94.434996 -0.014424043 6.469463e-18)
(94.560708 -0.023854336 -1.601067e-17)
(94.61756 -0.028179133 -1.2675422e-17)
(94.640937 -0.033161769 -1.2540589e-17)
(94.649752 -0.038885792 2.5752817e-22)
(94.652429 -0.044779731 6.1303203e-18)
(94.652801 -0.049611067 -6.0617485e-18)
(94.651903 -0.056646304 0)
(94.649766 -0.06276163 2.366534e-17)
(94.647142 -0.068787265 1.1680249e-17)
(94.644172 -0.074492897 -1.1524056e-17)
(94.640933 -0.080747061 1.136401e-17)
(94.637485 -0.086185011 0)
(94.633747 -0.091387179 1.1030096e-17)
(94.629784 -0.096601662 2.1712799e-17)
(94.625599 -0.10079536 -2.1354935e-17)
(94.621161 -0.10373259 1.0493169e-17)
(94.616637 -0.10716022 -2.0609296e-17)
(94.612057 -0.10954417 -2.0220803e-17)
(94.607217 -0.10913223 -3.9641661e-17)
(94.6023 -0.11083044 1.9411876e-17)
(94.597357 -0.11284542 -3.798378e-17)
(94.592138 -0.11441384 -4.3922435e-22)
(94.586783 -0.11941711 0)
(94.581216 -0.1221406 -1.7672863e-17)
(94.575551 -0.13022369 -1.721753e-17)
(94.570117 -0.13668295 1.6759421e-17)
(94.56488 -0.14396184 1.6297605e-17)
(94.559729 -0.15348051 -3.1656081e-17)
(94.554522 -0.16215297 0)
(94.549699 -0.16999403 1.486852e-17)
(94.545502 -0.17426005 -1.4389129e-17)
(94.541522 -0.1761914 -2.7819632e-17)
(94.53736 -0.17310154 5.3700279e-17)
(93.922407 0.01702357 1.2988315e-17)
(94.221538 -0.020555403 1.2872223e-17)
(94.456569 -0.009677964 3.1870493e-18)
(94.579923 -0.019424603 -2.2085663e-17)
(94.635477 -0.023412264 1.8736305e-17)
(94.658254 -0.02786101 -1.2358645e-17)
(94.666813 -0.033039914 1.2223783e-17)
(94.669361 -0.038042363 1.208513e-17)
(94.669661 -0.042185977 -1.1951073e-17)
(94.66872 -0.049720144 -1.1813587e-17)
(94.666548 -0.055340407 -1.1666509e-17)
(94.663807 -0.061961413 1.1102471e-22)
(94.660707 -0.06858407 1.1363786e-17)
(94.657361 -0.07620698 -1.0934606e-22)
(94.653799 -0.083591588 0)
(94.649919 -0.091295442 -7.6978286e-23)
(94.645725 -0.098634781 1.0712608e-17)
(94.641284 -0.10657723 -1.0792873e-22)
(94.636625 -0.11406316 -1.0361015e-17)
(94.631692 -0.12003094 -4.0712662e-17)
(94.626705 -0.12720851 3.9965232e-17)
(94.621753 -0.13364926 -1.9599042e-17)
(94.616641 -0.13693854 1.9205738e-17)
(94.611591 -0.1409124 0)
(94.606607 -0.14114022 -1.8392078e-17)
(94.601504 -0.13987112 3.5938939e-17)
(94.596403 -0.13988245 -1.7537473e-17)
(94.591061 -0.13381017 1.7095425e-17)
(94.585434 -0.13140847 0)
(94.579841 -0.12937539 -1.6185312e-17)
(94.574421 -0.12971174 -1.161181e-22)
(94.569155 -0.13273775 1.5251455e-17)
(94.563262 -0.14043142 1.4773243e-17)
(94.556459 -0.15475464 -2.8588138e-17)
(94.549695 -0.16669331 0)
(94.544013 -0.17819603 -2.6704865e-17)
(94.539023 -0.1870701 -3.8648535e-17)
(94.533092 -0.19622904 -1.2408218e-17)
(94.524427 -0.19756819 2.3855411e-17)
(93.94612 0.015456499 -1.2791869e-17)
(94.2438 -0.021938435 0)
(94.476246 -0.012235571 3.1384795e-18)
(94.597457 -0.022827451 2.1749404e-17)
(94.65175 -0.027533974 6.1506761e-18)
(94.673985 -0.033049389 6.0865619e-18)
(94.682383 -0.038790501 1.8062124e-17)
(94.684921 -0.044589277 5.9535437e-18)
(94.685215 -0.047778082 -2.3555189e-17)
(94.684401 -0.055199807 1.1644742e-17)
(94.682491 -0.05910345 1.1502823e-17)
(94.680042 -0.063517712 1.1358477e-17)
(94.677316 -0.067501155 2.2420925e-17)
(94.674417 -0.071681984 -2.2117909e-17)
(94.671323 -0.075719826 0)
(94.668009 -0.080574897 2.148634e-17)
(94.664357 -0.085454015 -3.1735176e-17)
(94.660198 -0.091082312 1.0408603e-17)
(94.655621 -0.099014955 -1.0234862e-17)
(94.650558 -0.10755024 0)
(94.644785 -0.11547892 1.9744798e-17)
(94.638597 -0.12609122 1.9370055e-17)
(94.632127 -0.13586646 0)
(94.625335 -0.14390491 0)
(94.618727 -0.15480267 -1.8194829e-17)
(94.61242 -0.16175247 -1.7787096e-17)
(94.606407 -0.16765394 -1.7372421e-17)
(94.600707 -0.17192403 1.6076624e-22)
(94.595138 -0.17346278 1.6518115e-17)
(94.589685 -0.17086463 0)
(94.584699 -0.16527171 1.5629028e-17)
(94.581232 -0.160247 -3.0362772e-17)
(94.579418 -0.15147126 2.945524e-17)
(94.577064 -0.14355242 1.891491e-22)
(94.570271 -0.14191734 0)
(94.559821 -0.14840478 -1.3281267e-17)
(94.550248 -0.15982011 -1.2815042e-17)
(94.542135 -0.17231079 2.4711735e-17)
(94.533592 -0.18748946 -2.3787706e-17)
(94.522961 -0.19520617 -2.2860507e-17)
(94.510844 -0.20635371 0)
(94.497768 -0.20701208 -2.1025e-17)
(93.971554 0.0081924606 0)
(94.268708 -0.031293082 0)
(94.4993 -0.020670125 3.0908037e-18)
(94.618667 -0.032158524 -2.1419504e-17)
(94.671738 -0.036834771 6.0574444e-18)
(94.693292 -0.042851468 0)
(94.701266 -0.049342029 -1.1859839e-17)
(94.703304 -0.055307975 -1.1736148e-17)
(94.70314 -0.060613512 3.1599785e-22)
(94.701726 -0.067975382 -1.1473048e-17)
(94.699258 -0.0733865 1.1335298e-17)
(94.696302 -0.07856494 -1.1195167e-17)
(94.693128 -0.08402142 -1.1052249e-17)
(94.689948 -0.089222836 -1.0905782e-17)
(94.686778 -0.093798919 1.0755661e-17)
(94.683661 -0.097625809 -2.1204005e-17)
(94.680565 -0.1010837 -1.0444328e-17)
(94.677319 -0.10331496 0)
(94.673693 -0.10407713 2.0229751e-17)
(94.669734 -0.10616301 -9.9430888e-18)
(94.665238 -0.10780242 -9.7661252e-18)
(94.659761 -0.10894267 -1.916499e-17)
(94.653491 -0.11499564 -1.8788823e-17)
(94.646357 -0.12138012 1.8401961e-17)
(94.638291 -0.12946725 3.6012557e-17)
(94.629861 -0.14209038 1.7603764e-17)
(94.621236 -0.15278571 3.4388297e-17)
(94.612903 -0.16788825 -3.3558027e-17)
(94.605043 -0.17740653 2.5045431e-22)
(94.597612 -0.18836566 -1.593021e-17)
(94.591084 -0.19555208 -1.5495501e-17)
(94.585903 -0.19774891 3.0105016e-17)
(94.583225 -0.20092948 -2.9217423e-17)
(94.583111 -0.20172603 1.1079952e-22)
(94.584181 -0.1980598 -1.3737687e-17)
(94.581062 -0.18837596 2.6541978e-17)
(94.570834 -0.18023267 0)
(94.55953 -0.17424507 1.2320499e-17)
(94.548523 -0.17604118 -1.1859725e-17)
(94.536169 -0.18240383 2.2804604e-17)
(94.522094 -0.18847472 -1.0949161e-17)
(94.50787 -0.20548226 -1.0501898e-17)
(94.493921 -0.21064018 -2.0119555e-17)
(94.479102 -0.21938757 3.8493142e-17)
(94.463003 -0.23278362 3.6759205e-17)
(93.998852 0.01458263 0)
(94.296685 -0.028447706 0)
(94.525832 -0.01711383 0)
(94.643569 -0.030639889 6.0320298e-18)
(94.695628 -0.036285622 -1.7913105e-17)
(94.716671 -0.042926238 5.9090929e-18)
(94.724406 -0.051033492 5.8459065e-18)
(94.726275 -0.057345487 0)
(94.725812 -0.064189449 1.1444687e-17)
(94.723809 -0.073502433 0)
(94.72078 -0.080443265 0)
(94.717085 -0.087746188 -1.1037714e-17)
(94.713072 -0.09570425 1.0896935e-17)
(94.708952 -0.10353119 0)
(94.704864 -0.11121242 -2.0922663e-22)
(94.700829 -0.11800634 2.0913398e-17)
(94.696765 -0.12417342 1.0303453e-17)
(94.692747 -0.1308774 2.029343e-17)
(94.688686 -0.13642831 -2.9957074e-17)
(94.684452 -0.14057676 9.820626e-18)
(94.680276 -0.14589827 9.6516786e-18)
(94.676021 -0.14923005 -9.4776862e-18)
(94.67135 -0.1496117 -1.8597683e-17)
(94.666397 -0.15061614 0)
(94.660742 -0.14744398 -1.7850187e-17)
(94.654075 -0.14582496 -3.491676e-17)
(94.646525 -0.14644459 1.7056522e-17)
(94.637844 -0.14642156 2.7438458e-22)
(94.628475 -0.15457451 1.6227063e-17)
(94.618864 -0.16264294 0)
(94.608984 -0.17648759 0)
(94.599672 -0.18938874 1.4933202e-17)
(94.592216 -0.19891999 1.4493444e-17)
(94.587658 -0.20693648 2.8135281e-17)
(94.586115 -0.21537332 -1.3649188e-17)
(94.585304 -0.22207765 -6.2064249e-23)
(94.581734 -0.22739374 3.8291032e-17)
(94.574881 -0.23078345 0)
(94.565656 -0.22893716 1.1850637e-17)
(94.5543 -0.22920469 -3.4189351e-17)
(94.540078 -0.21894584 4.210644e-22)
(94.524625 -0.21410839 0)
(94.509521 -0.2251535 0)
(94.493665 -0.22968548 -5.7771639e-17)
(94.477704 -0.2485659 -3.6813639e-17)
(94.456004 -0.18890489 -3.0729815e-17)
(94.445773 -0.32918302 -3.766207e-17)
(94.024809 0.025112912 0)
(94.323384 -0.017102369 0)
(94.55112 -0.0069630413 0)
(94.66714 -0.021415064 0)
(94.718073 -0.028437033 1.17707e-17)
(94.738682 -0.036299621 -1.1650125e-17)
(94.746375 -0.044609944 -1.1526255e-17)
(94.748606 -0.052506678 0)
(94.748622 -0.056970668 -1.1279295e-17)
(94.746807 -0.067407382 1.115538e-17)
(94.744056 -0.072199045 0)
(94.740554 -0.078871344 1.0890075e-17)
(94.736674 -0.085206417 -1.0752961e-17)
(94.732506 -0.09186182 0)
(94.728153 -0.098713935 -1.0469289e-17)
(94.72364 -0.10661721 0)
(94.718809 -0.11483653 0)
(94.713642 -0.12384203 -1.0016e-17)
(94.708398 -0.13484022 9.8579837e-18)
(94.702943 -0.14496266 9.6956615e-18)
(94.697192 -0.15417775 -9.5299187e-18)
(94.69161 -0.16516847 9.3616178e-18)
(94.686032 -0.17374492 0)
(94.680368 -0.18164108 -1.8024334e-17)
(94.675078 -0.19087806 0)
(94.669894 -0.19501122 3.4593485e-17)
(94.664912 -0.19887643 0)
(94.659875 -0.19645191 3.3065398e-17)
(94.654346 -0.19703407 -1.6132935e-17)
(94.648546 -0.19234108 3.1448559e-17)
(94.641358 -0.18154994 -1.5302905e-17)
(94.632071 -0.18362679 -1.4872458e-17)
(94.620543 -0.18046446 -2.886859e-17)
(94.609102 -0.18689218 2.5061188e-22)
(94.600339 -0.19082093 -1.3547751e-17)
(94.594872 -0.20536324 1.3123566e-17)
(94.590831 -0.21366479 -2.5406813e-17)
(94.584923 -0.22217932 0)
(94.577015 -0.23620258 0)
(94.567619 -0.24646237 2.277111e-17)
(94.556359 -0.26347589 3.2838876e-17)
(94.543617 -0.26270527 2.1018755e-17)
(94.529784 -0.26449884 2.291686e-22)
(94.513413 -0.26171768 9.6464551e-18)
(94.496588 -0.27415731 3.6896367e-17)
(94.4789 -0.21722749 3.5227309e-17)
(94.470719 -0.359901 4.1988578e-18)
(94.409544 -0.12801567 -3.9889525e-18)
(94.475373 -0.47565413 0)
(94.051034 0.017232891 0)
(94.350457 -0.024933666 0)
(94.577181 -0.015215976 -2.9572676e-18)
(94.6916 -0.029607541 8.7844074e-18)
(94.741284 -0.036570557 5.7974497e-18)
(94.761244 -0.044931406 -5.7384961e-18)
(94.768526 -0.053050061 2.2712535e-17)
(94.77052 -0.060077931 5.6171007e-18)
(94.770561 -0.067548648 1.111675e-17)
(94.768587 -0.075502286 -1.0996682e-17)
(94.76558 -0.081789247 -1.0869396e-17)
(94.762005 -0.087593328 2.1479679e-17)
(94.758139 -0.093883532 0)
(94.754171 -0.099605246 0)
(94.750076 -0.10450045 0)
(94.745884 -0.10919151 -2.0386303e-17)
(94.74167 -0.11407922 2.0095816e-17)
(94.73725 -0.11720757 9.8985704e-18)
(94.732559 -0.11997123 -2.9235919e-17)
(94.727842 -0.12499401 -9.5886026e-18)
(94.722685 -0.12867543 2.8278045e-17)
(94.716908 -0.13530797 0)
(94.710736 -0.14707551 0)
(94.703386 -0.15735632 2.0732258e-22)
(94.695097 -0.17211593 3.4937953e-17)
(94.68648 -0.18700009 -1.710677e-17)
(94.677924 -0.19820251 -1.6740036e-17)
(94.670876 -0.21368382 -1.6370511e-17)
(94.665002 -0.21674723 0)
(94.659529 -0.22591034 -4.6816182e-17)
(94.655285 -0.23878159 3.0435872e-17)
(94.651377 -0.23772541 -1.4819337e-17)
(94.645267 -0.2390739 -4.5102737e-22)
(94.63673 -0.23447562 1.3971498e-17)
(94.626559 -0.22614667 0)
(94.616611 -0.20911633 -1.3097862e-17)
(94.608574 -0.21064564 1.2665722e-17)
(94.60156 -0.20609395 -1.2235775e-17)
(94.593425 -0.20677008 1.1803088e-17)
(94.5837 -0.21407208 -1.1370562e-17)
(94.571898 -0.21733777 -1.0939197e-17)
(94.558306 -0.2382086 -2.1023141e-17)
(94.544725 -0.26022811 0)
(94.530384 -0.28346091 0)
(94.514876 -0.29040221 1.8495219e-17)
(94.504413 -0.25137994 0)
(94.505731 -0.3988544 0)
(94.426123 -0.1434703 -2.0060531e-18)
(94.477425 -0.56554759 -2.8655971e-17)
(94.080698 0.013637073 -1.1875941e-17)
(94.381395 -0.031849157 2.9424615e-18)
(94.607299 -0.021075354 1.3876102e-23)
(94.720327 -0.036801856 -8.6577741e-18)
(94.769025 -0.043967044 -1.7142482e-17)
(94.788379 -0.052231244 -5.6559193e-18)
(94.79517 -0.061242743 -5.596655e-18)
(94.796659 -0.067951982 0)
(94.796082 -0.07721106 2.3336099e-22)
(94.79333 -0.087139666 -1.0838983e-17)
(94.789406 -0.09524183 0)
(94.784915 -0.10315351 -1.058781e-17)
(94.780079 -0.11198086 0)
(94.775163 -0.1198413 0)
(94.77022 -0.12755368 0)
(94.765193 -0.13353492 -1.0056897e-17)
(94.760178 -0.13926571 1.9834241e-17)
(94.755272 -0.14465069 0)
(94.750224 -0.14766964 0)
(94.745296 -0.15020769 0)
(94.740901 -0.15252935 2.7973029e-17)
(94.736699 -0.15048184 1.2963103e-22)
(94.732891 -0.14947508 -9.0041142e-18)
(94.729542 -0.14699204 0)
(94.725395 -0.14278927 1.7326884e-17)
(94.719138 -0.14883759 -1.3529696e-22)
(94.708715 -0.15544465 -1.6586752e-17)
(94.69567 -0.16956775 -9.3995686e-23)
(94.683812 -0.19424627 3.1666166e-17)
(94.673387 -0.20944026 1.838016e-22)
(94.664284 -0.21971447 0)
(94.656461 -0.23492202 2.9379828e-17)
(94.64961 -0.24982646 -2.8589409e-17)
(94.642167 -0.25620467 0)
(94.633947 -0.26894533 1.3482974e-17)
(94.627088 -0.2776131 -1.3072618e-17)
(94.620846 -0.26795621 1.2653492e-17)
(94.614169 -0.27330144 -2.4457723e-17)
(94.607476 -0.25809655 -3.5413967e-17)
(94.599999 -0.25500833 1.1377771e-17)
(94.590857 -0.24986312 -1.0947952e-17)
(94.57795 -0.23301215 1.0518333e-17)
(94.562662 -0.24339107 -1.0095962e-17)
(94.54822 -0.2617962 2.9040364e-17)
(94.532487 -0.28217704 4.6347431e-18)
(94.521291 -0.22852463 -4.4346302e-18)
(94.537082 -0.40748766 -3.3889785e-17)
(94.457973 -0.11116341 0)
(94.477431 -0.6315461 3.0728129e-17)
(94.111523 0.024976805 1.1708175e-17)
(94.412756 -0.022341989 0)
(94.63718 -0.011166791 2.8735524e-18)
(94.748658 -0.028216584 -1.4227649e-17)
(94.79656 -0.035975424 1.6904404e-17)
(94.815587 -0.044680081 5.5775802e-18)
(94.822381 -0.054140449 1.1038813e-17)
(94.824088 -0.061517439 -2.1854715e-17)
(94.823641 -0.071327276 2.1627005e-17)
(94.820811 -0.082221582 1.0691094e-17)
(94.816807 -0.089773187 0)
(94.812065 -0.099439343 -1.0444159e-17)
(94.806778 -0.10900092 0)
(94.801043 -0.11878736 0)
(94.79504 -0.12925473 2.0112373e-17)
(94.78873 -0.14018741 -2.9764269e-17)
(94.781961 -0.15074055 -9.783427e-18)
(94.774974 -0.16222766 -2.8929832e-17)
(94.767967 -0.17373569 1.8999412e-17)
(94.760951 -0.18220467 1.8705945e-17)
(94.754523 -0.19073999 -2.7612242e-17)
(94.748882 -0.19835158 -1.8103584e-17)
(94.743789 -0.20240926 1.7791034e-17)
(94.739836 -0.20722944 0)
(94.737257 -0.20873664 -1.7148125e-17)
(94.736172 -0.2076886 1.3377067e-22)
(94.735848 -0.20507812 -3.3004303e-17)
(94.731553 -0.1895608 1.6124563e-17)
(94.721558 -0.18721003 -2.2982476e-22)
(94.709517 -0.1892446 1.5359646e-17)
(94.694354 -0.19359049 -3.7035024e-22)
(94.680051 -0.20757458 1.7986033e-22)
(94.667237 -0.21726086 0)
(94.655245 -0.24602054 0)
(94.644134 -0.24637439 1.3391301e-17)
(94.633511 -0.26661806 1.8388676e-22)
(94.625487 -0.28393858 -5.0376396e-17)
(94.619121 -0.28364954 3.6558052e-17)
(94.612263 -0.30279908 1.2005921e-22)
(94.605712 -0.29971179 0)
(94.600048 -0.31006054 1.0961602e-17)
(94.59325 -0.29797996 -1.0545421e-17)
(94.583681 -0.30064322 0)
(94.573177 -0.30730453 -2.4618308e-22)
(94.556239 -0.30972738 -2.2946351e-22)
(94.541762 -0.24979192 0)
(94.56389 -0.46177379 5.6428323e-22)
(94.496123 -0.095924865 3.2495087e-17)
(94.481467 -0.66852587 0)
(94.14091 0.021660052 -1.442433e-18)
(94.441428 -0.02395237 4.2886396e-18)
(94.663835 -0.012529238 1.0860894e-23)
(94.773541 -0.028576623 2.8045385e-18)
(94.820364 -0.035491015 -5.5531663e-18)
(94.838817 -0.043969959 -5.4977823e-18)
(94.845417 -0.052621654 -1.6322609e-17)
(94.847244 -0.058923695 1.0774175e-17)
(94.847177 -0.069037354 -1.0663502e-17)
(94.844676 -0.077424043 -2.1469287e-22)
(94.841161 -0.084376555 0)
(94.837083 -0.092237808 1.0305716e-17)
(94.832679 -0.10079506 0)
(94.827887 -0.10877792 0)
(94.822671 -0.1169521 0)
(94.817093 -0.12685396 0)
(94.810874 -0.13717145 9.6638193e-18)
(94.803792 -0.1475135 1.9050793e-17)
(94.796318 -0.15987237 0)
(94.788365 -0.17095673 0)
(94.779935 -0.18099694 -9.0914251e-18)
(94.771831 -0.19494442 0)
(94.76364 -0.20754273 -8.7865111e-18)
(94.755229 -0.21836395 8.6284444e-18)
(94.747867 -0.23141451 -1.6940935e-17)
(94.742372 -0.24109803 3.3251536e-17)
(94.739039 -0.25024449 0)
(94.736647 -0.26125134 -3.1961067e-17)
(94.732446 -0.26475214 1.5646159e-17)
(94.727205 -0.26720089 -1.5299394e-17)
(94.720428 -0.26257224 1.4926092e-17)
(94.711134 -0.26741611 2.9085754e-17)
(94.698987 -0.23885207 5.8974743e-23)
(94.685832 -0.23270994 -2.7502797e-17)
(94.674708 -0.2529291 1.3355873e-17)
(94.660084 -0.21582831 0)
(94.644364 -0.24581046 1.2540976e-17)
(94.633256 -0.26610088 0)
(94.623635 -0.26398588 2.347694e-17)
(94.613707 -0.29426684 2.2673492e-17)
(94.604679 -0.29723738 -1.0941014e-17)
(94.597982 -0.31285977 -2.0285481e-22)
(94.5938 -0.3119545 3.043947e-17)
(94.589915 -0.33374274 -1.94958e-17)
(94.581975 -0.35038307 -2.6495971e-22)
(94.569794 -0.26012957 4.4721622e-18)
(94.59121 -0.48000041 6.4171917e-17)
(94.532228 -0.10063021 -6.5409586e-17)
(94.493926 -0.72491904 0)
(94.171964 0.011195895 0)
(94.47145 -0.035139291 2.8172231e-18)
(94.691945 -0.023924659 8.3709185e-18)
(94.800062 -0.039893071 0)
(94.845758 -0.046672263 1.0943161e-17)
(94.863414 -0.055458778 -5.4162835e-18)
(94.869297 -0.064394827 1.4647246e-23)
(94.870591 -0.07121542 -5.3076101e-18)
(94.870006 -0.082445765 0)
(94.867043 -0.091488673 0)
(94.863072 -0.098921127 2.0554009e-17)
(94.858606 -0.10756027 -2.0321091e-17)
(94.854019 -0.11602778 -1.00426e-17)
(94.849433 -0.12386006 -9.9226228e-18)
(94.844689 -0.13047709 9.8000307e-18)
(94.839857 -0.13684171 9.6752018e-18)
(94.835046 -0.14369022 -9.5479413e-18)
(94.829867 -0.14907319 9.4160874e-18)
(94.824248 -0.15407665 9.2821684e-18)
(94.818358 -0.16024897 -4.5719567e-17)
(94.811675 -0.1631452 1.8002327e-17)
(94.804806 -0.16838542 -2.1317672e-22)
(94.798283 -0.17654512 2.6120548e-17)
(94.790676 -0.1813553 -3.4207605e-17)
(94.781617 -0.19385005 3.3565189e-17)
(94.770413 -0.20925997 -1.6447973e-17)
(94.757392 -0.22402558 -8.0537142e-18)
(94.746879 -0.24949769 0)
(94.737828 -0.25768617 1.5466411e-17)
(94.72849 -0.27540908 0)
(94.7207 -0.29188929 -8.68042e-23)
(94.712126 -0.28992415 0)
(94.704049 -0.3182367 -1.4068376e-17)
(94.696926 -0.31742095 1.3704796e-17)
(94.688768 -0.3156526 -2.8795844e-23)
(94.681605 -0.34070808 3.8862589e-17)
(94.671112 -0.29902057 -1.2550722e-17)
(94.658341 -0.28282762 0)
(94.648486 -0.29460225 -1.1754286e-17)
(94.635782 -0.27750053 -4.0030308e-22)
(94.620698 -0.27352157 0)
(94.61056 -0.28591612 1.054392e-17)
(94.603955 -0.28439728 -1.0157903e-17)
(94.598985 -0.29995517 0)
(94.596752 -0.33857689 -1.8760519e-17)
(94.581468 -0.2372386 1.7975832e-17)
(94.606991 -0.51603549 -1.2924024e-17)
(94.554722 -0.044361443 -2.0567119e-18)
(94.514895 -0.76223497 -1.9604607e-18)
(94.207457 0.012103366 0)
(94.505733 -0.037725824 8.3313394e-18)
(94.724123 -0.026622702 -8.2527093e-18)
(94.83075 -0.044574659 0)
(94.875552 -0.052227665 5.3943051e-18)
(94.892601 -0.062234977 1.0680281e-17)
(94.897869 -0.072093376 2.469314e-23)
(94.898569 -0.079775428 -5.2323957e-18)
(94.897225 -0.093045432 1.03581e-17)
(94.893618 -0.10308288 1.0245439e-17)
(94.888783 -0.11262144 -2.0264072e-17)
(94.883228 -0.12262264 1.1085813e-22)
(94.87729 -0.13271105 9.9010271e-18)
(94.871311 -0.14254417 9.7834714e-18)
(94.865264 -0.15172319 -1.9327977e-17)
(94.8591 -0.15967209 9.5420441e-18)
(94.853082 -0.16830641 -1.8837957e-17)
(94.847169 -0.1768217 0)
(94.840926 -0.18363346 9.1642787e-18)
(94.834549 -0.19135301 9.0327139e-18)
(94.828061 -0.19838009 -2.6692239e-17)
(94.821307 -0.20230865 3.5034799e-17)
(94.815237 -0.2076956 -1.7236008e-17)
(94.810088 -0.2089688 8.473699e-18)
(94.806052 -0.20776802 0)
(94.803496 -0.20745418 -1.6356494e-17)
(94.79838 -0.19256549 8.0125592e-18)
(94.788315 -0.18969232 3.1369554e-17)
(94.776263 -0.20611468 -3.0680161e-17)
(94.759887 -0.20274692 0)
(94.743149 -0.2447514 -2.9266482e-17)
(94.728658 -0.26063969 1.4284913e-17)
(94.715959 -0.28259667 -1.3947518e-17)
(94.705198 -0.30633752 1.3604223e-17)
(94.693993 -0.31212917 1.13478e-22)
(94.683238 -0.33133533 -1.2880065e-17)
(94.675053 -0.36047927 1.2508929e-17)
(94.666028 -0.36621891 -1.2134402e-17)
(94.656003 -0.35720792 2.7748612e-22)
(94.645936 -0.36255096 -2.276076e-17)
(94.635703 -0.36847969 -1.0987648e-17)
(94.625229 -0.33856781 1.0593248e-17)
(94.615512 -0.32008719 -1.0195669e-17)
(94.611698 -0.32889075 -9.8055607e-18)
(94.610118 -0.33909993 -9.4186707e-18)
(94.596566 -0.21707292 -1.3538535e-17)
(94.610408 -0.51998159 -1.7320348e-17)
(94.576157 -0.028600648 3.7290099e-17)
(94.550465 -0.73170611 -3.1626083e-17)
(94.244356 0.019882362 1.381925e-18)
(94.540903 -0.030860815 -1.2324455e-17)
(94.756553 -0.018788647 -1.0850407e-17)
(94.86133 -0.037912155 -5.3726223e-18)
(94.905168 -0.045904384 5.3197475e-18)
(94.921678 -0.056671804 1.0532707e-17)
(94.92675 -0.068086384 -5.2122455e-18)
(94.927373 -0.075547993 -5.1607047e-18)
(94.925982 -0.091925733 -1.0216919e-17)
(94.922566 -0.10259443 1.0105939e-17)
(94.917904 -0.11372864 -9.9946724e-18)
(94.912368 -0.12663134 9.8817581e-18)
(94.906129 -0.13880738 -9.7667457e-18)
(94.899445 -0.15118482 -9.650449e-18)
(94.892502 -0.16389299 -3.0311258e-22)
(94.88526 -0.17565593 3.7648614e-17)
(94.877863 -0.18640081 -1.8579902e-17)
(94.870593 -0.19824516 0)
(94.863083 -0.20868318 9.0396712e-18)
(94.855148 -0.21832534 0)
(94.847182 -0.23016065 2.6339512e-17)
(94.838673 -0.23947477 -1.7290291e-17)
(94.829874 -0.24871835 -2.5524698e-17)
(94.821757 -0.25980463 1.6738333e-17)
(94.814306 -0.2693081 -1.6454192e-17)
(94.808901 -0.28170358 1.6166733e-17)
(94.80602 -0.29345033 -7.9377018e-18)
(94.803757 -0.29436269 0)
(94.802614 -0.28564332 -7.643208e-18)
(94.800749 -0.27460484 0)
(94.793099 -0.24565737 1.4604152e-17)
(94.780002 -0.26592118 0)
(94.760718 -0.22350107 -1.3893854e-17)
(94.741981 -0.27100215 0)
(94.727043 -0.28056563 1.3177563e-17)
(94.709804 -0.29034463 -2.5613408e-17)
(94.693143 -0.31807273 1.437732e-22)
(94.677487 -0.32549254 2.8096688e-23)
(94.661275 -0.3531432 3.5156896e-17)
(94.648228 -0.37313087 -1.1353088e-17)
(94.637044 -0.36920687 1.0979287e-17)
(94.626377 -0.3852801 -3.1794661e-17)
(94.619014 -0.39148518 -3.0659357e-17)
(94.617518 -0.39134101 9.8495747e-18)
(94.620327 -0.42842977 0)
(94.61367 -0.28117266 0)
(94.614752 -0.53835833 4.3542397e-18)
(94.586502 -0.08649811 -2.0825086e-17)
(94.585509 -0.7081931 3.1929907e-17)
(94.278856 0.021315994 -1.3625368e-18)
(94.573735 -0.028583515 -1.3500501e-18)
(94.786914 -0.01752146 2.1393407e-17)
(94.890013 -0.036720011 -7.9439491e-18)
(94.932896 -0.045248119 -1.0487694e-17)
(94.94892 -0.056750739 -5.1917516e-18)
(94.953957 -0.068582745 -5.1384639e-18)
(94.954775 -0.077597152 1.0176163e-17)
(94.953854 -0.092995769 -1.0073903e-17)
(94.951211 -0.10420202 -9.9664006e-18)
(94.947736 -0.1155449 -9.8579706e-18)
(94.943687 -0.12905349 1.9497821e-17)
(94.939054 -0.14179077 -9.6376574e-18)
(94.933755 -0.15480673 0)
(94.927841 -0.16873787 -9.410104e-18)
(94.921324 -0.18307637 9.2929214e-18)
(94.914202 -0.19640625 4.4318527e-22)
(94.906834 -0.21034339 1.8107847e-17)
(94.899239 -0.22436855 -2.6793291e-17)
(94.890992 -0.23597846 -8.805822e-18)
(94.882548 -0.24913632 8.6775485e-18)
(94.873687 -0.26330306 0)
(94.863476 -0.27263024 0)
(94.852756 -0.28561166 -8.2735722e-18)
(94.841504 -0.29702873 1.6262949e-17)
(94.829679 -0.30718373 -1.5970794e-17)
(94.8195 -0.32067662 7.8437006e-18)
(94.811344 -0.33332311 0)
(94.804809 -0.34286269 1.2511163e-22)
(94.801725 -0.3594436 0)
(94.799955 -0.36701151 1.4513337e-17)
(94.795078 -0.35669488 0)
(94.78804 -0.37071394 0)
(94.77805 -0.33795641 2.7041965e-17)
(94.765581 -0.34299091 -2.6354162e-17)
(94.755019 -0.3221199 2.5650577e-17)
(94.739747 -0.29732446 -1.2459482e-17)
(94.718595 -0.33538969 -2.3162743e-22)
(94.693317 -0.31561968 -1.1711452e-17)
(94.669791 -0.3138375 -1.1337528e-17)
(94.651377 -0.35080556 1.853973e-23)
(94.636865 -0.36090973 2.1190673e-17)
(94.625772 -0.36660106 2.0465152e-17)
(94.620507 -0.37454635 0)
(94.622277 -0.41595114 0)
(94.61267 -0.29338441 0)
(94.617782 -0.57349518 -4.3831925e-18)
(94.579984 -0.10182598 2.0988979e-17)
(94.602663 -0.76791665 1.6114078e-17)
(94.31364 0.016224406 0)
(94.607542 -0.034564104 5.3227942e-18)
(94.819006 -0.025400983 -1.0543774e-17)
(94.920988 -0.045743567 1.0440867e-17)
(94.963257 -0.055070842 1.5507038e-17)
(94.979037 -0.067442696 5.1175201e-18)
(94.984067 -0.079699574 -1.5196785e-17)
(94.984966 -0.088093528 1.0032282e-17)
(94.984289 -0.10464034 9.9328485e-18)
(94.98211 -0.11364298 9.8274211e-18)
(94.979435 -0.12435272 9.7229149e-18)
(94.976521 -0.13558183 4.2947748e-23)
(94.973432 -0.14641914 -9.5106767e-18)
(94.969963 -0.15741794 0)
(94.965887 -0.16882989 9.2924665e-18)
(94.961073 -0.18137611 -1.8360298e-17)
(94.955278 -0.19399919 9.065639e-18)
(94.948586 -0.20713601 0)
(94.941383 -0.22229274 8.8305379e-18)
(94.933524 -0.23569249 -2.6129946e-17)
(94.925286 -0.24801026 1.7174317e-17)
(94.9172 -0.26366873 0)
(94.908106 -0.27496082 -8.33329e-18)
(94.897809 -0.286903 -8.2013577e-18)
(94.886738 -0.3027568 1.6131468e-17)
(94.873785 -0.31279262 -1.5850231e-17)
(94.859537 -0.32824405 -2.8261477e-22)
(94.845476 -0.34029353 7.6317873e-18)
(94.831668 -0.3522882 7.4785465e-18)
(94.82015 -0.3680999 -7.3262555e-18)
(94.811562 -0.38234302 -7.1832995e-18)
(94.802055 -0.38770803 -7.0354204e-18)
(94.79328 -0.41675381 1.3762092e-17)
(94.783005 -0.41723385 -1.3439513e-17)
(94.769195 -0.42340815 -1.3107967e-17)
(94.757968 -0.44113606 1.277578e-17)
(94.748454 -0.44956159 0)
(94.737987 -0.43017055 -1.2064877e-17)
(94.722503 -0.43533549 1.1704692e-17)
(94.702601 -0.41288792 0)
(94.68296 -0.40207808 2.7990345e-22)
(94.665143 -0.37999434 1.0653871e-17)
(94.647405 -0.37521904 1.0282791e-17)
(94.636518 -0.38482236 -9.9161043e-18)
(94.6335 -0.42071944 0)
(94.625027 -0.29070087 1.3778353e-17)
(94.626937 -0.57793945 1.7652186e-17)
(94.575821 -0.10338918 4.2356356e-18)
(94.615114 -0.80265338 -3.2514722e-17)
(94.35206 0.019060581 3.972975e-18)
(94.645224 -0.033669611 1.3119273e-18)
(94.85479 -0.024883139 0)
(94.955355 -0.046934109 -5.1479649e-18)
(94.99689 -0.057472402 -1.2497853e-22)
(95.01237 -0.070225278 1.0093925e-17)
(95.017207 -0.082826842 -1.4987897e-17)
(95.018036 -0.091419016 9.8943334e-18)
(95.017108 -0.10846975 0)
(95.01478 -0.11753246 -4.8466345e-18)
(95.011892 -0.12747216 -9.5908352e-18)
(95.00869 -0.13827704 -3.1701474e-23)
(95.005387 -0.14843106 9.3838206e-18)
(95.001853 -0.15827367 -1.8557909e-17)
(94.998004 -0.1690446 1.8345632e-17)
(94.993611 -0.17994191 -3.6258084e-17)
(94.988278 -0.19144142 1.7907949e-17)
(94.981699 -0.20315029 0)
(94.974121 -0.21703099 -8.7267749e-18)
(94.965765 -0.23109447 -2.5829348e-17)
(94.956585 -0.24313927 2.5472481e-17)
(94.947354 -0.25788811 8.37081e-18)
(94.938093 -0.27141704 -8.2474082e-18)
(94.928223 -0.28176338 0)
(94.918241 -0.29569698 1.5986612e-17)
(94.907803 -0.30392425 -1.5722495e-17)
(94.896812 -0.31625722 -1.5451184e-17)
(94.885559 -0.32443794 2.2758271e-17)
(94.873638 -0.33334896 7.4422171e-18)
(94.860787 -0.34255344 3.3904987e-22)
(94.84845 -0.35000582 -7.1440569e-18)
(94.837635 -0.35676538 -6.9912096e-18)
(94.825807 -0.37612321 -6.835131e-18)
(94.80929 -0.38193837 -6.8172148e-22)
(94.790722 -0.42251671 1.3026562e-17)
(94.772464 -0.42731951 2.5398898e-17)
(94.753503 -0.44427688 1.2389334e-17)
(94.735755 -0.46054295 1.2015068e-17)
(94.721626 -0.47351518 -1.1678856e-17)
(94.708327 -0.490664 1.1391991e-17)
(94.693443 -0.48483864 -1.1049113e-17)
(94.677161 -0.49931088 2.1408377e-17)
(94.663615 -0.48798301 -1.0018169e-22)
(94.652548 -0.46654525 -9.9636677e-18)
(94.647958 -0.50419503 0)
(94.634469 -0.35209491 -3.7024026e-17)
(94.645442 -0.62199483 -6.5200237e-22)
(94.588869 -0.11753136 0)
(94.629547 -0.84723503 1.6422575e-17)
(94.39138 0.029286059 -2.1104249e-22)
(94.683808 -0.02434673 -1.0353699e-17)
(94.890916 -0.016351282 -5.1269016e-18)
(94.989413 -0.04027253 0)
(95.029702 -0.052755698 5.0270675e-18)
(95.044632 -0.068203622 -4.9774122e-18)
(95.049309 -0.082612349 -4.9270719e-18)
(95.050231 -0.093008019 2.4393797e-17)
(95.04913 -0.11296939 -9.6611292e-18)
(95.046648 -0.12312814 4.78019e-18)
(95.043452 -0.13584811 0)
(95.039709 -0.14956286 9.3576223e-18)
(95.035498 -0.16072285 -1.8510283e-17)
(95.030955 -0.1739148 9.1518271e-18)
(95.02629 -0.18607773 1.3571669e-17)
(95.021382 -0.19891642 8.942472e-18)
(95.015965 -0.2121505 0)
(95.009563 -0.22572048 1.7451341e-17)
(95.002023 -0.23976934 -3.4456927e-17)
(94.993543 -0.25633487 4.2504959e-17)
(94.983775 -0.2706674 -8.385195e-18)
(94.973033 -0.2862039 -8.2675964e-18)
(94.962309 -0.3030869 0)
(94.951379 -0.3169778 0)
(94.940174 -0.33283101 0)
(94.928768 -0.3459526 0)
(94.917319 -0.35966952 2.2952158e-17)
(94.906088 -0.3711399 -1.5039834e-17)
(94.894734 -0.38186704 7.3857808e-18)
(94.882777 -0.39093495 -7.2470555e-18)
(94.871453 -0.39497212 0)
(94.86372 -0.39832634 0)
(94.857934 -0.40218886 -6.820362e-18)
(94.848911 -0.38650995 -6.666557e-18)
(94.837539 -0.37358693 0)
(94.825008 -0.40610303 -2.5412976e-17)
(94.800531 -0.36515472 -2.4737948e-17)
(94.770643 -0.40921203 -2.4059615e-17)
(94.747552 -0.42001646 1.1700158e-17)
(94.728389 -0.46536749 1.1380721e-17)
(94.707397 -0.47533424 1.10528e-17)
(94.684894 -0.49392001 -1.0718474e-17)
(94.666827 -0.50168756 1.0381741e-17)
(94.650856 -0.4839375 0)
(94.647084 -0.55618671 9.6582773e-18)
(94.626408 -0.37937031 -1.396487e-17)
(94.657853 -0.72582068 -9.0050471e-18)
(94.588586 -0.13349935 -4.3126261e-18)
(94.649163 -0.94672897 0)
(94.427984 0.027941157 -1.0306736e-17)
(94.72075 -0.024254751 5.1051372e-18)
(94.926279 -0.017252565 5.0555101e-18)
(95.023431 -0.041257508 -5.0057231e-18)
(95.062992 -0.053311475 -1.0995581e-22)
(95.077735 -0.069053946 -4.9070948e-18)
(95.082762 -0.084160762 -9.7151946e-18)
(95.0842 -0.094814016 -4.8104952e-18)
(95.083405 -0.11530416 -9.5263171e-18)
(95.081091 -0.12597217 9.4270713e-18)
(95.077929 -0.1418249 -4.6640521e-18)
(95.074084 -0.15508765 -4.6143326e-18)
(95.06949 -0.17019923 9.128427e-18)
(95.064446 -0.18452338 -9.027035e-18)
(95.059293 -0.19928158 -2.1630477e-22)
(95.054269 -0.21394979 0)
(95.049289 -0.22868876 -1.7436968e-17)
(95.04394 -0.24283042 -2.0730803e-22)
(95.037752 -0.25782422 2.9769504e-17)
(95.030539 -0.27353203 -1.679257e-17)
(95.021821 -0.29047742 -2.485401e-17)
(95.011274 -0.30596555 1.6341317e-17)
(94.999919 -0.32531321 -8.0549395e-18)
(94.98809 -0.34177961 0)
(94.975518 -0.35988806 7.8177731e-18)
(94.962396 -0.37726688 2.3087874e-17)
(94.948801 -0.39385151 -4.5430728e-17)
(94.934897 -0.40957023 -2.4530183e-22)
(94.920505 -0.42582471 2.1949098e-17)
(94.905458 -0.44184764 -2.8738268e-17)
(94.890643 -0.45560015 2.8199072e-17)
(94.87822 -0.46775423 0)
(94.868777 -0.48219554 -6.7770324e-18)
(94.860955 -0.49781014 -3.3184854e-17)
(94.850838 -0.50090827 2.5967635e-17)
(94.837928 -0.50562349 6.3470939e-18)
(94.828052 -0.51849035 1.239745e-17)
(94.816899 -0.47651878 2.6800802e-22)
(94.796054 -0.4478895 -6.328712e-22)
(94.772796 -0.44643339 -1.1425043e-17)
(94.748347 -0.42525936 0)
(94.723206 -0.45417332 0)
(94.696432 -0.43389395 -1.0417757e-17)
(94.675089 -0.4731327 -2.0157671e-17)
(94.660125 -0.53950264 1.9479844e-17)
(94.63503 -0.36906321 1.8799244e-17)
(94.671536 -0.77088368 4.5439828e-18)
(94.580667 -0.13174972 -2.1812407e-18)
(94.670251 -1.0496686 1.4729007e-17)
(94.465034 0.016140308 3.8108899e-18)
(94.759138 -0.036880612 -3.7750847e-18)
(94.964009 -0.030737499 2.4922772e-18)
(95.060552 -0.055036172 7.4040192e-18)
(95.100061 -0.067091577 -1.2035936e-22)
(95.115089 -0.081545612 1.1977578e-22)
(95.120681 -0.096202056 9.5818881e-18)
(95.122699 -0.10598213 4.7447438e-18)
(95.122318 -0.12721649 1.4096222e-17)
(95.120265 -0.13724925 -4.6500818e-18)
(95.117231 -0.15093256 4.6017734e-18)
(95.113456 -0.16692931 4.5532542e-18)
(95.108918 -0.18121249 0)
(95.103734 -0.19613891 -4.4547085e-18)
(95.098278 -0.21116275 -4.4052095e-18)
(95.093099 -0.22637367 -4.3550394e-18)
(95.088438 -0.24054602 -4.3048569e-18)
(95.084088 -0.25538648 4.2542209e-18)
(95.079579 -0.26827898 -1.2608912e-17)
(95.074396 -0.2825846 1.6602551e-17)
(95.067945 -0.29744968 2.458347e-17)
(95.059683 -0.31292492 4.0426235e-18)
(95.050059 -0.33026681 -7.9734843e-18)
(95.03938 -0.34861784 0)
(95.027475 -0.36674615 -7.7454127e-18)
(95.014641 -0.38812173 -7.6277741e-18)
(95.000763 -0.40781059 -1.6013762e-22)
(94.985709 -0.42831615 3.6923785e-17)
(94.969566 -0.44949265 -2.1778618e-17)
(94.952402 -0.47024459 0)
(94.934554 -0.49111481 -7.0006267e-18)
(94.916514 -0.5083786 -2.0600784e-17)
(94.899673 -0.52362917 3.3655243e-17)
(94.885204 -0.5415828 -1.9788194e-17)
(94.868726 -0.55409639 -6.4565642e-18)
(94.847688 -0.56032183 3.1567607e-17)
(94.832472 -0.59268984 6.1747665e-18)
(94.821259 -0.60517269 0)
(94.806645 -0.61949372 0)
(94.78859 -0.61650967 0)
(94.768447 -0.61461193 1.1146647e-17)
(94.752194 -0.60270282 -1.0833659e-17)
(94.737389 -0.56959957 5.2036172e-22)
(94.727314 -0.57520102 0)
(94.701575 -0.57143105 3.2259337e-22)
(94.685405 -0.40572575 -4.759477e-18)
(94.702415 -0.79371003 4.4351932e-22)
(94.597168 -0.12414492 -4.4255017e-18)
(94.701591 -1.08561 -1.7064259e-17)
(94.506187 0.017350333 -5.0113236e-18)
(94.801179 -0.035356072 1.241158e-17)
(95.004635 -0.029478245 -9.833438e-18)
(95.099714 -0.053632326 2.4343672e-18)
(95.138388 -0.066263255 -4.8213806e-18)
(95.153074 -0.081223979 0)
(95.158508 -0.095829997 9.4527095e-18)
(95.160447 -0.1060719 -1.404307e-17)
(95.159837 -0.12734105 -1.8542873e-17)
(95.157665 -0.13799166 9.1760718e-18)
(95.154749 -0.15432815 -1.3622188e-17)
(95.151148 -0.16775501 -4.4932283e-18)
(95.146784 -0.18200498 0)
(95.141709 -0.19709392 8.7950184e-18)
(95.136075 -0.21152983 -1.7395943e-17)
(95.130355 -0.22577796 1.720094e-17)
(95.125126 -0.24128926 2.2311623e-22)
(95.120466 -0.25448692 -2.258286e-22)
(95.116091 -0.26948613 0)
(95.111602 -0.28359795 -4.1022188e-18)
(95.106501 -0.29829758 4.0510245e-18)
(95.100371 -0.31240988 -1.5996192e-17)
(95.093213 -0.32873578 -2.2990501e-22)
(95.085058 -0.34435967 3.8914492e-18)
(95.075808 -0.35958537 1.918331e-17)
(95.065918 -0.37883139 0)
(95.05508 -0.39557903 7.4468361e-18)
(95.042849 -0.41472479 -2.1990228e-17)
(95.029238 -0.43443663 -2.8842953e-17)
(95.014063 -0.45356187 2.8355232e-17)
(94.997312 -0.47689333 1.392866e-17)
(94.978439 -0.49757887 -3.4183058e-17)
(94.958203 -0.51936596 -5.8986909e-22)
(94.938327 -0.54012019 -6.5739346e-18)
(94.917434 -0.55760078 6.436835e-17)
(94.893789 -0.57099312 -5.0372336e-17)
(94.871944 -0.59700906 1.8464306e-17)
(94.851267 -0.61221043 0)
(94.83002 -0.63623399 -5.8734545e-18)
(94.80645 -0.64625407 -5.7296208e-18)
(94.78161 -0.66613552 0)
(94.759794 -0.67129021 0)
(94.744198 -0.70142191 1.0566234e-17)
(94.729383 -0.65124277 1.0258705e-17)
(94.719835 -0.78082478 0)
(94.700752 -0.49512178 4.8065855e-18)
(94.736389 -0.97836478 -4.6544849e-18)
(94.615854 -0.17187107 0)
(94.745583 -1.2686007 8.6638648e-18)
(94.548501 0.021004161 2.5139082e-22)
(94.843795 -0.031184335 -2.4489088e-18)
(95.045107 -0.025086902 -2.4249011e-18)
(95.138023 -0.049722803 0)
(95.175041 -0.062686552 -4.7548536e-18)
(95.18856 -0.079337203 -3.633278e-24)
(95.193108 -0.095796062 9.7925452e-23)
(95.194492 -0.10842571 1.3847191e-17)
(95.193233 -0.13189259 4.5710816e-18)
(95.190842 -0.14510139 -4.5242942e-18)
(95.188154 -0.16209935 1.3434821e-17)
(95.18487 -0.17875148 -8.8634572e-18)
(95.180993 -0.1957364 1.7541346e-17)
(95.176529 -0.21233823 -4.3385041e-18)
(95.171395 -0.22884263 -1.7165247e-17)
(95.165804 -0.2459177 8.4875456e-18)
(95.160263 -0.26148586 2.0980313e-17)
(95.155113 -0.27933675 -4.1480498e-18)
(95.1503 -0.29441935 1.7387723e-22)
(95.145542 -0.31005223 -1.2153067e-17)
(95.140662 -0.32657818 -2.4011069e-17)
(95.135319 -0.3423214 1.1855427e-17)
(95.12922 -0.35846853 -3.9010406e-18)
(95.122255 -0.37539289 1.1548642e-17)
(95.114424 -0.39126318 -2.2782721e-17)
(95.106191 -0.4105121 0)
(95.097324 -0.42762293 1.4759632e-17)
(95.087373 -0.4459982 -1.4538556e-17)
(95.076396 -0.46521013 3.5782414e-18)
(95.064174 -0.48218709 0)
(95.050621 -0.50326247 -6.9246599e-18)
(95.035079 -0.52200944 3.0618017e-17)
(95.017475 -0.54263514 -5.344443e-17)
(94.99922 -0.56170749 1.9664073e-17)
(94.981528 -0.57947914 -3.2135078e-17)
(94.963388 -0.59490486 5.0373279e-17)
(94.941371 -0.61365993 -3.0812616e-17)
(94.914874 -0.62822411 -2.4101957e-17)
(94.88685 -0.65252209 2.9430596e-17)
(94.857665 -0.66392141 5.7446768e-18)
(94.828482 -0.69030083 0)
(94.799189 -0.6956494 5.4536783e-18)
(94.773256 -0.73034713 -2.2564223e-23)
(94.747165 -0.68032899 -2.0624788e-17)
(94.739328 -0.85501869 1.002958e-17)
(94.697591 -0.51141675 0)
(94.755873 -1.1333181 0)
(94.605594 -0.17529623 0)
(94.787376 -1.4772311 -8.8072976e-18)
(94.589199 0.011438816 4.8772674e-18)
(94.885358 -0.040221082 -2.4153523e-18)
(95.085149 -0.034763073 6.4736895e-23)
(95.17674 -0.060018562 0)
(95.212847 -0.072840931 0)
(95.225738 -0.090367945 -2.3211582e-18)
(95.22983 -0.10694743 1.6084129e-17)
(95.230803 -0.12069511 -1.365261e-17)
(95.229394 -0.14378097 2.2532893e-18)
(95.227311 -0.15807383 0)
(95.224971 -0.17652208 0)
(95.222215 -0.19487064 4.3707318e-18)
(95.219098 -0.21227945 0)
(95.215575 -0.23053563 0)
(95.211502 -0.24891741 -1.4820072e-17)
(95.206782 -0.26647107 -8.3764794e-18)
(95.201724 -0.28494473 -1.0653516e-22)
(95.196757 -0.3022722 1.2286032e-17)
(95.191962 -0.32020858 0)
(95.187336 -0.33770741 0)
(95.182831 -0.35458733 -1.1861332e-17)
(95.1781 -0.37173499 1.5622819e-17)
(95.172651 -0.38889765 -7.7140339e-18)
(95.166299 -0.40652493 2.6652173e-17)
(95.159034 -0.42331569 -2.6300502e-17)
(95.151047 -0.44299807 2.9651062e-17)
(95.14223 -0.46113476 -1.4618739e-17)
(95.13225 -0.48006937 2.8817266e-17)
(95.121182 -0.50001569 -3.5486334e-17)
(95.10896 -0.51838906 0)
(95.095557 -0.53952828 0)
(95.080709 -0.5591978 -3.3821604e-18)
(95.064397 -0.58138144 2.6592921e-17)
(95.047498 -0.60187538 -4.2445399e-17)
(95.031309 -0.62228546 2.5642019e-17)
(95.015017 -0.64160879 2.8299465e-17)
(94.99487 -0.65832849 6.1637772e-18)
(94.970871 -0.67187236 -1.8102143e-17)
(94.945778 -0.69108422 0)
(94.92075 -0.70060967 0)
(94.896612 -0.72255381 5.6336539e-18)
(94.870051 -0.7297397 -1.6483323e-17)
(94.83955 -0.75311835 5.3521541e-18)
(94.807479 -0.6951009 0)
(94.78781 -0.91385699 5.0648506e-18)
(94.728353 -0.5165565 0)
(94.792572 -1.2369589 0)
(94.609718 -0.16958358 -9.2342338e-18)
(94.835118 -1.6513226 0)
(94.630878 0.0064911583 0)
(94.927943 -0.043587699 -2.3821669e-18)
(95.126584 -0.038532184 2.358856e-18)
(95.217378 -0.064277155 -4.6707971e-18)
(95.253275 -0.078030251 6.9368723e-18)
(95.26637 -0.096084785 -4.5787035e-18)
(95.27093 -0.1139935 1.3597944e-17)
(95.271879 -0.12536752 -8.9773301e-18)
(95.270832 -0.15330701 -8.8912155e-18)
(95.269402 -0.16374398 1.1002452e-17)
(95.267378 -0.1841017 0)
(95.265132 -0.20239532 2.1560462e-18)
(95.262716 -0.22182209 0)
(95.260132 -0.24054032 2.111931e-18)
(95.257089 -0.25979721 -1.88086e-17)
(95.253442 -0.27916272 1.8607712e-17)
(95.249264 -0.29813726 -2.0449866e-18)
(95.244887 -0.31785783 4.0451412e-18)
(95.240595 -0.33745654 -1.9997797e-18)
(95.236523 -0.35589264 -1.9770425e-18)
(95.232685 -0.37547488 0)
(95.228773 -0.39507049 -1.9311393e-18)
(95.224233 -0.41414277 -3.8157123e-18)
(95.218969 -0.43424332 3.7683131e-18)
(95.212918 -0.45445711 -1.488061e-17)
(95.205782 -0.47591273 1.4685267e-17)
(95.197443 -0.49698812 0)
(95.187795 -0.51880334 -3.214352e-17)
(95.176837 -0.54170301 3.1683275e-17)
(95.164541 -0.56336836 2.774726e-17)
(95.150861 -0.58793403 -2.7323746e-17)
(95.135771 -0.61069511 -2.6893588e-17)
(95.11933 -0.63618062 4.9603829e-17)
(95.101974 -0.661311 -2.9260739e-17)
(95.083939 -0.68664562 0)
(95.064628 -0.71215658 -3.1368897e-18)
(95.04277 -0.73711844 0)
(95.019095 -0.76089718 1.5087297e-17)
(94.995553 -0.78847018 -2.364871e-17)
(94.973497 -0.81274694 0)
(94.952986 -0.84538418 2.8311242e-18)
(94.93051 -0.86889572 1.1064228e-17)
(94.903091 -0.89662505 -1.6197715e-17)
(94.877337 -0.83805994 -1.0532615e-17)
(94.860594 -1.0752232 1.5381134e-17)
(94.792234 -0.60737 4.9863944e-18)
(94.861154 -1.4449416 -9.6924802e-18)
(94.654851 -0.19389728 4.7061038e-18)
(94.898314 -1.891959 0)
(94.67642 0.0077527241 0)
(94.973758 -0.041183193 -2.3507724e-18)
(95.17059 -0.036281667 4.6552001e-18)
(95.259876 -0.061471877 5.7613741e-18)
(95.295162 -0.075804093 -6.8454693e-18)
(95.308416 -0.094244746 2.2593246e-18)
(95.313684 -0.11337592 -3.3549185e-18)
(95.315289 -0.12478019 0)
(95.314622 -0.15069075 -2.1937332e-18)
(95.313256 -0.16300096 -1.0859117e-18)
(95.31159 -0.18498327 -1.0748565e-18)
(95.309807 -0.20422678 -1.0640386e-17)
(95.308041 -0.22442813 6.3196172e-18)
(95.306199 -0.24418342 1.6679734e-17)
(95.304024 -0.26532825 -1.6507272e-17)
(95.301559 -0.28664359 2.0418654e-18)
(95.298546 -0.3062267 2.0200857e-18)
(95.295132 -0.32664786 -1.9981161e-18)
(95.291679 -0.34666422 1.7786717e-17)
(95.288289 -0.36615595 1.954477e-18)
(95.28511 -0.38597915 -3.091759e-17)
(95.28203 -0.40608753 1.9102011e-17)
(95.278608 -0.42598529 -1.8876907e-18)
(95.274741 -0.44701523 -1.4921214e-17)
(95.270447 -0.46937645 -1.6098075e-22)
(95.265221 -0.49118971 4.3657649e-17)
(95.258838 -0.5135678 -5.7456021e-17)
(95.251335 -0.5363359 3.1889139e-17)
(95.242677 -0.56081318 -2.7958396e-17)
(95.232815 -0.58489987 2.7564362e-17)
(95.221569 -0.61063885 -2.8862331e-17)
(95.208825 -0.63701263 5.3514936e-17)
(95.194382 -0.66288015 -2.3050407e-17)
(95.178352 -0.69126257 0)
(95.16041 -0.71784687 0)
(95.140052 -0.7454943 1.5658794e-18)
(95.117841 -0.77382841 -3.0760589e-18)
(95.094535 -0.80031919 6.0393236e-18)
(95.070665 -0.82758385 -2.3697987e-17)
(95.046967 -0.85276554 2.3230785e-17)
(95.023158 -0.8844218 -1.7068244e-17)
(94.997265 -0.91580494 1.3919515e-17)
(94.965046 -0.92997679 -4.8445783e-22)
(94.935304 -0.87773653 2.1263892e-17)
(94.934813 -1.1531269 -1.0376155e-17)
(94.844966 -0.62188678 -5.0609524e-18)
(94.944969 -1.5794214 0)
(94.68792 -0.16582884 2.401836e-18)
(94.99119 -2.0987817 2.3291863e-18)
(94.715018 0.009608751 5.8491568e-19)
(95.010947 -0.038330621 -5.7924785e-19)
(95.206169 -0.034344004 5.7349423e-19)
(95.293819 -0.060282221 3.4066488e-18)
(95.328673 -0.074554519 -4.4971775e-18)
(95.341977 -0.093093967 4.4527764e-18)
(95.347689 -0.11213208 -2.7550917e-18)
(95.350182 -0.12812434 -5.4546133e-19)
(95.350351 -0.14840635 0)
(95.349323 -0.16451613 -9.6311533e-18)
(95.348309 -0.18516695 9.5353734e-18)
(95.347263 -0.20416024 0)
(95.346145 -0.22342938 2.0767559e-18)
(95.34484 -0.24382186 -1.8500898e-17)
(95.343439 -0.26496127 1.5260638e-17)
(95.341814 -0.28593597 0)
(95.339643 -0.30750411 1.5941637e-17)
(95.336993 -0.3287087 -1.2815166e-17)
(95.334202 -0.35071406 0)
(95.33152 -0.37361313 0)
(95.328964 -0.39607362 0)
(95.326537 -0.41959585 -9.4357234e-19)
(95.324159 -0.44178272 1.8656564e-18)
(95.321688 -0.46364887 -9.2202176e-19)
(95.318931 -0.4869729 -9.1115886e-19)
(95.315423 -0.51082071 0)
(95.311152 -0.53535905 8.8901307e-19)
(95.306103 -0.5608922 0)
(95.300225 -0.58758205 -2.6859233e-17)
(95.293453 -0.61548453 2.7356021e-17)
(95.285502 -0.64389867 1.68645e-18)
(95.276515 -0.67352979 0)
(95.265809 -0.70524851 -2.7035149e-17)
(95.252689 -0.73767482 5.0837556e-17)
(95.237514 -0.77361418 -5.0843808e-17)
(95.220345 -0.80946629 -1.5639117e-18)
(95.201528 -0.8475207 4.6122004e-18)
(95.181144 -0.88607979 2.1156423e-17)
(95.158701 -0.92594714 -1.4842802e-18)
(95.134123 -0.96344688 -2.3313609e-17)
(95.107193 -1.0048861 2.0009581e-17)
(95.077907 -1.0618757 -1.4010276e-17)
(95.041844 -1.1130537 1.0971531e-17)
(95.002738 -1.0402018 0)
(95.010808 -1.4286336 0)
(94.895323 -0.77261311 0)
(95.02397 -2.0018553 -3.7584484e-18)
(94.703189 -0.28858367 8.5465405e-18)
(95.117701 -2.7312899 -4.7546899e-18)
(94.784581 0.0092856464 -5.7517406e-19)
(95.081478 -0.036032339 5.6948722e-19)
(95.273563 -0.034771715 -5.63814e-19)
(95.360476 -0.061673435 -4.4653045e-18)
(95.395152 -0.075382515 -4.4374252e-24)
(95.409189 -0.094351311 -1.4663754e-25)
(95.415683 -0.11300251 3.7929852e-18)
(95.419528 -0.1304927 5.3655813e-19)
(95.421632 -0.15033047 0)
(95.422656 -0.16766967 0)
(95.423518 -0.18793691 0)
(95.42423 -0.20673282 0)
(95.424927 -0.22629067 0)
(95.425473 -0.24676031 0)
(95.42602 -0.26742952 1.0010486e-18)
(95.426335 -0.28885053 0)
(95.426278 -0.31064932 0)
(95.425781 -0.33311016 -9.6980984e-19)
(95.425062 -0.35593143 -1.5349194e-17)
(95.424527 -0.37928082 1.5187175e-17)
(95.424369 -0.40168868 1.5041012e-17)
(95.424502 -0.42472218 -1.5823421e-17)
(95.424888 -0.44864484 1.4726534e-17)
(95.425563 -0.47422597 -1.3650647e-17)
(95.426315 -0.49962091 8.9980143e-19)
(95.427006 -0.52563825 0)
(95.427719 -0.55238663 2.7249438e-17)
(95.428597 -0.58035643 -2.7789528e-17)
(95.429497 -0.60939787 -2.8304211e-17)
(95.430274 -0.6398717 2.7103147e-17)
(95.430482 -0.6701476 0)
(95.430063 -0.70668493 2.6369453e-17)
(95.429394 -0.73908438 8.13668e-19)
(95.427822 -0.77561903 -2.4869079e-17)
(95.425114 -0.81580808 0)
(95.421829 -0.85759746 0)
(95.418351 -0.9030953 -1.5340948e-18)
(95.414717 -0.95145312 0)
(95.41082 -1.0027391 1.4855879e-18)
(95.406507 -1.0569803 0)
(95.401184 -1.1148399 0)
(95.395753 -1.1821233 0)
(95.393231 -1.2776151 1.1056919e-17)
(95.399376 -1.1900215 -1.0841726e-17)
(95.38867 -1.6984376 0)
(95.457174 -0.91347319 0)
(95.320085 -2.4862705 -1.2733032e-18)
(95.60708 -0.31888185 -1.2438994e-18)
(95.061003 -3.5753269 2.4314975e-18)
)
;

boundaryField
{
    Side
    {
        type            empty;
    }
    Inlet
    {
        type            freestreamVelocity;
        freestreamValue uniform (94.3 0 0);
        value           nonuniform List<vector> 
21
(
(94.387466 -0.23722932 0)
(94.388447 -0.28192918 -1.428519e-17)
(94.38842 -0.31472017 1.5312836e-17)
(94.390413 -0.3330834 0)
(94.396592 -0.3610731 0)
(94.407015 -0.37958513 -9.7628913e-19)
(94.424749 -0.36444102 -1.575201e-17)
(94.442221 -0.35277389 1.5905319e-17)
(94.450719 -0.3824038 8.0244185e-18)
(94.45689 -0.39962877 -1.618858e-17)
(94.464038 -0.42172633 8.1746291e-18)
(94.473711 -0.47100453 0)
(94.484103 -0.52193511 7.3238221e-18)
(94.499649 -0.53970499 -8.4834017e-18)
(94.521306 -0.63007222 4.3030567e-18)
(94.541799 -0.73288995 -4.3695126e-18)
(94.565243 -0.81851503 0)
(94.596195 -0.93661364 0)
(94.641805 -1.0378835 1.1518225e-18)
(94.703039 -1.3462338 -2.3435536e-18)
(94.673451 -1.7545392 1.1932217e-18)
)
;
    }
    Airfoil
    {
        type            noSlip;
    }
    Outlet
    {
        type            inletOutlet;
        inletValue      uniform (94.3 0 0);
        value           nonuniform List<vector> 
49
(
(94.784581 0.0092856464 -5.7517406e-19)
(95.081478 -0.036032339 5.6948722e-19)
(95.273563 -0.034771715 -5.63814e-19)
(95.360476 -0.061673435 -4.4653045e-18)
(95.395152 -0.075382515 -4.4374252e-24)
(95.409189 -0.094351311 -1.4663754e-25)
(95.415683 -0.11300251 3.7929852e-18)
(95.419528 -0.1304927 5.3655813e-19)
(95.421632 -0.15033047 0)
(95.422656 -0.16766967 0)
(95.423518 -0.18793691 0)
(95.42423 -0.20673282 0)
(95.424927 -0.22629067 0)
(95.425473 -0.24676031 0)
(95.42602 -0.26742952 1.0010486e-18)
(95.426335 -0.28885053 0)
(95.426278 -0.31064932 0)
(95.425781 -0.33311016 -9.6980984e-19)
(95.425062 -0.35593143 -1.5349194e-17)
(95.424527 -0.37928082 1.5187175e-17)
(95.424369 -0.40168868 1.5041012e-17)
(95.424502 -0.42472218 -1.5823421e-17)
(95.424888 -0.44864484 1.4726534e-17)
(95.425563 -0.47422597 -1.3650647e-17)
(95.426315 -0.49962091 8.9980143e-19)
(95.427006 -0.52563825 0)
(95.427719 -0.55238663 2.7249438e-17)
(95.428597 -0.58035643 -2.7789528e-17)
(95.429497 -0.60939787 -2.8304211e-17)
(95.430274 -0.6398717 2.7103147e-17)
(95.430482 -0.6701476 0)
(95.430063 -0.70668493 2.6369453e-17)
(95.429394 -0.73908438 8.13668e-19)
(95.427822 -0.77561903 -2.4869079e-17)
(95.425114 -0.81580808 0)
(95.421829 -0.85759746 0)
(95.418351 -0.9030953 -1.5340948e-18)
(95.414717 -0.95145312 0)
(95.41082 -1.0027391 1.4855879e-18)
(95.406507 -1.0569803 0)
(95.401184 -1.1148399 0)
(95.395753 -1.1821233 0)
(95.393231 -1.2776151 1.1056919e-17)
(95.399376 -1.1900215 -1.0841726e-17)
(95.38867 -1.6984376 0)
(95.457174 -0.91347319 0)
(95.320085 -2.4862705 -1.2733032e-18)
(95.60708 -0.31888185 -1.2438994e-18)
(95.061003 -3.5753269 2.4314975e-18)
)
;
    }
    procBoundary13to6
    {
        type            processor;
        value           nonuniform List<vector> 
34
(
(93.728091 0.013831399 1.4703995e-17)
(93.728091 0.013831399 1.4703995e-17)
(93.76202 -0.0026772687 2.0602376e-22)
(93.783382 0.0017800362 1.424729e-17)
(93.805018 -0.0014557133 -1.4022894e-17)
(93.827378 -0.0024699803 1.380682e-17)
(93.849386 0.0010623582 0)
(93.871964 -0.0071442444 0)
(93.896531 -0.016577563 -1.647807e-18)
(93.921464 -0.012410136 -1.2985994e-17)
(93.945818 -0.012560538 1.2790936e-17)
(93.971719 -0.021202617 0)
(93.999662 -0.017352537 0)
(94.027387 -0.0063090833 -1.5291705e-18)
(94.054854 -0.013003771 0)
(94.084573 -0.017915373 1.187662e-17)
(94.115929 -0.0078799716 -1.170793e-17)
(94.145918 -0.0097931913 1.4425447e-18)
(94.176201 -0.018560842 0)
(94.210508 -0.018663538 -1.4012372e-18)
(94.247148 -0.012624805 -1.3818465e-18)
(94.281708 -0.0095477028 1.3625488e-18)
(94.316093 -0.011852737 0)
(94.354342 -0.0094986663 -5.2970915e-18)
(94.394405 0.00011903647 2.158398e-22)
(94.431511 0.00089158476 1.0307334e-17)
(94.468028 -0.007578181 -3.8110646e-18)
(94.508648 -0.0070636256 5.0112047e-18)
(94.550976 -0.0035344761 -2.5493933e-22)
(94.590975 -0.010529757 -4.8775271e-18)
(94.631301 -0.013030972 0)
(94.676075 -0.011343927 0)
(94.714859 -0.0059933732 0)
(94.785323 -0.00062083414 0)
)
;
    }
    procBoundary13to12
    {
        type            processor;
        value           nonuniform List<vector> 
60
(
(94.006036 -0.015010252 -2.2730992e-22)
(94.261707 -0.0075760165 -2.2617923e-22)
(94.405455 -0.012558677 0)
(94.475114 -0.014432953 -7.1644589e-18)
(94.519228 -0.021609384 6.9723887e-18)
(94.519228 -0.021609384 6.9723887e-18)
(94.533028 -0.025118653 -1.9025571e-22)
(94.539774 -0.028623871 6.8073725e-18)
(94.543324 -0.032114859 6.720998e-18)
(94.544929 -0.035687668 -2.6525163e-17)
(94.545206 -0.037858186 -2.6176771e-17)
(94.557333 -0.047040431 0)
(94.557333 -0.047040431 0)
(94.555697 -0.050350056 -3.1701851e-23)
(94.553532 -0.054469065 -3.7029712e-17)
(94.551162 -0.058625429 1.2145669e-17)
(94.548705 -0.062680282 -2.3885019e-17)
(94.558103 -0.061166124 0)
(94.558103 -0.061166124 0)
(94.555281 -0.065879872 3.4120509e-17)
(94.552473 -0.070459177 1.3270025e-22)
(94.549635 -0.075686893 2.1877871e-17)
(94.558836 -0.076732547 0)
(94.558836 -0.076732547 0)
(94.556011 -0.080959972 -2.0736923e-17)
(94.552972 -0.083539713 2.027544e-17)
(94.549438 -0.08613666 -1.9802317e-17)
(94.545516 -0.093066374 1.931954e-17)
(94.555012 -0.097798945 -1.8669951e-17)
(94.555012 -0.097798945 -1.8669951e-17)
(94.550742 -0.095573499 1.8179835e-17)
(94.545431 -0.099727006 0)
(94.539251 -0.1042907 -1.7165173e-17)
(94.547469 -0.11601601 -1.655764e-17)
(94.547469 -0.11601601 -1.655764e-17)
(94.541647 -0.11268306 0)
(94.536701 -0.11303669 0)
(94.531914 -0.11508023 1.5045413e-17)
(94.537612 -0.13921927 -1.4470336e-17)
(94.537612 -0.13921927 -1.4470336e-17)
(94.531608 -0.13284094 -2.7930918e-17)
(94.5241 -0.1320994 2.6916719e-17)
(94.531385 -0.16842788 -2.5861088e-17)
(94.531385 -0.16842788 -2.5861088e-17)
(94.521778 -0.1579761 0)
(94.509698 -0.15435896 0)
(94.512997 -0.19570243 -2.2897249e-17)
(94.512997 -0.19570243 -2.2897249e-17)
(94.499889 -0.18810223 -1.0975037e-17)
(94.485604 -0.18659399 -3.1524843e-17)
(94.483144 -0.21524401 -2.0119307e-17)
(94.483144 -0.21524401 -2.0119307e-17)
(94.467178 -0.21656551 -3.845319e-17)
(94.450588 -0.21936169 3.6692405e-17)
(94.443626 -0.1878601 0)
(94.443626 -0.1878601 0)
(94.434831 -0.30171142 -3.3398707e-17)
(94.408642 -0.10845533 0)
(94.408642 -0.10845533 0)
(94.476311 -0.41265422 3.0361175e-17)
)
;
    }
}


// ************************************************************************* //
