/*--------------------------------*- C++ -*----------------------------------*\
| =========                 |                                                 |
| \\      /  F ield         | OpenFOAM: The Open Source CFD Toolbox           |
|  \\    /   O peration     | Version:  2506                                  |
|   \\  /    A nd           | Website:  www.openfoam.com                      |
|    \\/     M anipulation  |                                                 |
\*---------------------------------------------------------------------------*/
FoamFile
{
    version     2.0;
    format      ascii;
    arch        "LSB;label=32;scalar=64";
    class       volScalarField;
    location    "0.00031";
    object      alphat;
}
// * * * * * * * * * * * * * * * * * * * * * * * * * * * * * * * * * * * * * //

dimensions      [1 -1 -1 0 0 0 0];

internalField   nonuniform List<scalar> 
3416
(
1.5107491e-09
1.4950001e-09
1.5005792e-09
1.4975455e-09
1.4883499e-09
1.4857922e-09
1.5040715e-09
1.5132002e-09
1.501843e-09
1.5142263e-09
1.5402094e-09
1.5468933e-09
1.5432548e-09
1.6272373e-09
1.57779e-09
1.6213886e-09
1.5389361e-09
1.5049491e-09
1.4998975e-09
1.5035398e-09
1.5291025e-09
1.5460677e-09
1.5410361e-09
1.5577934e-09
1.5839386e-09
1.5874508e-09
1.5743683e-09
1.5602668e-09
1.5534409e-09
1.5607644e-09
1.5874981e-09
1.6051276e-09
1.5900815e-09
1.554832e-09
1.581361e-09
1.7933911e-09
1.8711173e-09
1.8429873e-09
1.7541583e-09
1.651227e-09
1.5702743e-09
1.5384628e-09
1.5361033e-09
1.5408353e-09
1.5661964e-09
1.5823811e-09
1.572293e-09
1.5806026e-09
1.5990723e-09
1.5969957e-09
1.5764944e-09
1.5522499e-09
1.5262539e-09
1.5252626e-09
1.553584e-09
1.5826668e-09
1.5748148e-09
1.6114583e-09
1.8275818e-09
1.9081981e-09
1.8792789e-09
1.7879729e-09
1.6825014e-09
1.5982932e-09
1.5635088e-09
1.5571712e-09
1.5572376e-09
1.5783039e-09
1.5910974e-09
1.5762936e-09
1.5786785e-09
1.5859283e-09
1.5683208e-09
1.541509e-09
1.5185141e-09
1.5022688e-09
1.5074951e-09
1.5402631e-09
1.573056e-09
1.5682881e-09
1.5544175e-09
1.5330726e-09
1.6261019e-09
1.8429542e-09
1.9230187e-09
1.8920355e-09
1.7984351e-09
1.6908037e-09
1.6042743e-09
1.5668589e-09
1.5573671e-09
1.5529703e-09
1.5659327e-09
1.566163e-09
1.5451165e-09
1.5447739e-09
1.5544362e-09
1.5450828e-09
1.5238834e-09
1.5050935e-09
1.4922425e-09
1.4999976e-09
1.534585e-09
1.5688775e-09
1.5652759e-09
1.6869237e-09
1.681119e-09
1.5958398e-09
1.5462918e-09
1.6167108e-09
1.6424901e-09
1.5572043e-09
1.5335214e-09
1.6234519e-09
1.838686e-09
1.9175585e-09
1.8837178e-09
1.7853496e-09
1.6714902e-09
1.5813752e-09
1.541096e-09
1.5292134e-09
1.5240359e-09
1.5384125e-09
1.5441844e-09
1.5270988e-09
1.5295629e-09
1.5418849e-09
1.5350978e-09
1.5164012e-09
1.4994998e-09
1.4881571e-09
1.4968906e-09
1.531972e-09
1.5667519e-09
1.5636326e-09
1.6753803e-09
1.6702514e-09
1.586517e-09
1.5296135e-09
1.59657e-09
1.6245331e-09
1.5400795e-09
1.5131138e-09
1.5983191e-09
1.8089004e-09
1.8862295e-09
1.8529807e-09
1.7577319e-09
1.6488889e-09
1.5626997e-09
1.5248025e-09
1.5148043e-09
1.5113657e-09
1.5269972e-09
1.5344536e-09
1.5191966e-09
1.5228827e-09
1.5363772e-09
1.5308496e-09
1.5132767e-09
1.4971488e-09
1.4864291e-09
1.4954775e-09
1.5305226e-09
1.5653974e-09
1.5625789e-09
1.6605323e-09
1.6553178e-09
1.5731442e-09
1.5144077e-09
1.5795389e-09
1.6091537e-09
1.5270483e-09
1.4998353e-09
1.5837487e-09
1.7924215e-09
1.86988e-09
1.837862e-09
1.744673e-09
1.6379579e-09
1.5537922e-09
1.517165e-09
1.5081807e-09
1.5056259e-09
1.5217448e-09
1.5301115e-09
1.5157799e-09
1.5198813e-09
1.5337959e-09
1.5288944e-09
1.5118946e-09
1.4960791e-09
1.4856085e-09
1.494685e-09
1.5295065e-09
1.5643823e-09
1.5617939e-09
1.6516851e-09
1.6463342e-09
1.5634161e-09
1.5059054e-09
1.5714928e-09
1.6007664e-09
1.519411e-09
1.4928647e-09
1.576714e-09
1.7840166e-09
1.860785e-09
1.8295408e-09
1.7378038e-09
1.632444e-09
1.5495139e-09
1.5135736e-09
1.5050894e-09
1.5029243e-09
1.5191359e-09
1.5279991e-09
1.5141805e-09
1.5183701e-09
1.5324003e-09
1.5278305e-09
1.5111791e-09
1.4954872e-09
1.4851063e-09
1.4941226e-09
1.5286628e-09
1.563542e-09
1.5611094e-09
1.5366283e-09
1.6458072e-09
1.6400029e-09
1.5557917e-09
1.5014695e-09
1.568634e-09
1.5965584e-09
1.5147133e-09
1.4891883e-09
1.573432e-09
1.7796325e-09
1.8553898e-09
1.8246244e-09
1.7338123e-09
1.6292223e-09
1.547108e-09
1.5116312e-09
1.5034455e-09
1.5014834e-09
1.5176481e-09
1.5268156e-09
1.5133033e-09
1.5174012e-09
1.5314108e-09
1.5270499e-09
1.510657e-09
1.4950607e-09
1.4847379e-09
1.4936777e-09
1.5279042e-09
1.5627241e-09
1.5603392e-09
1.5360498e-09
1.6462459e-09
1.6403625e-09
1.6349038e-09
1.5506974e-09
1.4989028e-09
1.5670522e-09
1.5938076e-09
1.5115281e-09
1.4866698e-09
1.5710826e-09
1.7764773e-09
1.8516911e-09
1.8212901e-09
1.7310779e-09
1.627014e-09
1.5454914e-09
1.5103854e-09
1.5024071e-09
1.500564e-09
1.5166002e-09
1.525949e-09
1.5126328e-09
1.5165312e-09
1.5304604e-09
1.5263386e-09
1.5102039e-09
1.494713e-09
1.4844485e-09
1.4932433e-09
1.527067e-09
1.5617267e-09
1.5593969e-09
1.6448969e-09
1.6351567e-09
1.631168e-09
1.5479624e-09
1.4963833e-09
1.5645759e-09
1.5914424e-09
1.5094713e-09
1.4846409e-09
1.5686292e-09
1.7734118e-09
1.8487001e-09
1.8186269e-09
1.7288549e-09
1.6252661e-09
1.5441996e-09
1.5093909e-09
1.5015662e-09
1.4998026e-09
1.515652e-09
1.5250859e-09
1.5119398e-09
1.5156517e-09
1.5294949e-09
1.5256643e-09
1.5098144e-09
1.4943491e-09
1.4840972e-09
1.4926823e-09
1.5260285e-09
1.560532e-09
1.5583035e-09
1.6446031e-09
1.6315459e-09
1.6286281e-09
1.5466924e-09
1.4937691e-09
1.5613889e-09
1.5894086e-09
1.5085157e-09
1.4831021e-09
1.5662231e-09
1.7703508e-09
1.8459584e-09
1.8161423e-09
1.7268519e-09
1.6237798e-09
1.5430473e-09
1.5084423e-09
1.5007535e-09
1.4990698e-09
1.5147086e-09
1.5241727e-09
1.5112191e-09
1.5148058e-09
1.5285507e-09
1.5249388e-09
1.5093872e-09
1.4938906e-09
1.4835506e-09
1.4919538e-09
1.524853e-09
1.5592539e-09
1.557089e-09
1.6438007e-09
1.6288347e-09
1.6267422e-09
1.5460373e-09
1.4920075e-09
1.5589282e-09
1.5879876e-09
1.508082e-09
1.4820193e-09
1.5642581e-09
1.7675579e-09
1.8432968e-09
1.8137547e-09
1.7250336e-09
1.6224146e-09
1.5419595e-09
1.5075417e-09
1.4999904e-09
1.498389e-09
1.5138098e-09
1.5232683e-09
1.5104889e-09
1.5139674e-09
1.5276338e-09
1.5241269e-09
1.5087543e-09
1.4932773e-09
1.4828778e-09
1.4911354e-09
1.5236406e-09
1.8085962e-09
1.641176e-09
1.6276479e-09
1.625496e-09
1.5455158e-09
1.491012e-09
1.5572528e-09
1.5868597e-09
1.5077513e-09
1.4811123e-09
1.5625916e-09
1.7649627e-09
1.8408169e-09
1.8116217e-09
1.7233662e-09
1.6211507e-09
1.5409715e-09
1.5067183e-09
1.4992712e-09
1.4977332e-09
1.5129689e-09
1.5224389e-09
1.5098054e-09
1.5130805e-09
1.5266426e-09
1.5232817e-09
1.5079998e-09
1.4925269e-09
1.4821151e-09
1.4901252e-09
1.5221683e-09
1.8035952e-09
1.6389988e-09
1.6270631e-09
1.6245171e-09
1.5448438e-09
1.4903276e-09
1.5561351e-09
1.5858266e-09
1.5072816e-09
1.4802442e-09
1.5610571e-09
1.7625329e-09
1.8384959e-09
1.8095363e-09
1.7217032e-09
1.6199475e-09
1.5400704e-09
1.5059482e-09
1.4985588e-09
1.4970773e-09
1.5121283e-09
1.5216691e-09
1.5091743e-09
1.5121532e-09
1.5254608e-09
1.5222764e-09
1.5071426e-09
1.4915109e-09
1.4810257e-09
1.4887963e-09
1.5201717e-09
1.8126369e-09
1.6418436e-09
1.6257625e-09
1.6228342e-09
1.5437618e-09
1.4894788e-09
1.5549579e-09
1.5846875e-09
1.5067167e-09
1.4793541e-09
1.5594375e-09
1.760036e-09
1.8360547e-09
1.8073611e-09
1.7201086e-09
1.6187437e-09
1.5392154e-09
1.505204e-09
1.4978793e-09
1.4964252e-09
1.5112055e-09
1.5207674e-09
1.5084062e-09
1.5111298e-09
1.5240717e-09
1.5208882e-09
1.5059383e-09
1.490169e-09
1.4794053e-09
1.8224679e-09
1.6419809e-09
1.6237288e-09
1.6208685e-09
1.5425908e-09
1.4885332e-09
1.5534928e-09
1.5836384e-09
1.5064442e-09
1.4784579e-09
1.5575061e-09
1.7571179e-09
1.8334926e-09
1.8052029e-09
1.7184655e-09
1.6174373e-09
1.5382556e-09
1.5043536e-09
1.4971112e-09
1.4956823e-09
1.5101393e-09
1.5195451e-09
1.5072007e-09
1.5096949e-09
1.5223721e-09
1.5191096e-09
1.5041641e-09
1.4885528e-09
1.4780167e-09
1.8375777e-09
1.6405413e-09
1.6218329e-09
1.619057e-09
1.54219e-09
1.4875581e-09
1.5514554e-09
1.5824661e-09
1.5063221e-09
1.4774558e-09
1.5551502e-09
1.7537157e-09
1.8307423e-09
1.8028952e-09
1.7165994e-09
1.6159145e-09
1.5370156e-09
1.5031971e-09
1.4960022e-09
1.4945915e-09
1.508737e-09
1.5180259e-09
1.5056296e-09
1.5077701e-09
1.5203718e-09
1.5175086e-09
1.5028963e-09
1.4876673e-09
1.4776566e-09
1.8440901e-09
1.6399025e-09
1.6200401e-09
1.6177012e-09
1.5422198e-09
1.4863804e-09
1.5490725e-09
1.5812052e-09
1.5062596e-09
1.476357e-09
1.5525193e-09
1.7498723e-09
1.8275689e-09
1.8001363e-09
1.7144263e-09
1.6140228e-09
1.5354649e-09
1.5017249e-09
1.4945e-09
1.4930649e-09
1.5069857e-09
1.5164684e-09
1.5044396e-09
1.5065143e-09
1.5192423e-09
1.5169411e-09
1.5029354e-09
1.4886831e-09
1.4807411e-09
1.8283065e-09
1.6350429e-09
1.6174886e-09
1.6161283e-09
1.5420363e-09
1.4851167e-09
1.5466053e-09
1.579765e-09
1.5060637e-09
1.4750013e-09
1.5495658e-09
1.7456808e-09
1.82401e-09
1.7969982e-09
1.7118448e-09
1.611909e-09
1.5339497e-09
1.5005358e-09
1.4934392e-09
1.492127e-09
1.5059862e-09
1.5157927e-09
1.5042273e-09
1.5066139e-09
1.5199684e-09
1.519065e-09
1.5081133e-09
1.4958738e-09
1.488307e-09
2.3742422e-09
1.7986435e-09
1.6280325e-09
1.6152213e-09
1.6145376e-09
1.5418677e-09
1.4840096e-09
1.5442132e-09
1.5782714e-09
1.5055702e-09
1.4737595e-09
1.5472722e-09
1.7424868e-09
1.8212675e-09
1.7946098e-09
1.7100882e-09
1.6108051e-09
1.5333792e-09
1.5002542e-09
1.493387e-09
1.4923908e-09
1.5065233e-09
1.5171867e-09
1.5072604e-09
1.5114307e-09
1.5261426e-09
1.5259576e-09
1.5140675e-09
1.4999224e-09
1.4908116e-09
2.2978702e-09
1.7752234e-09
1.6221793e-09
1.6134933e-09
1.6136847e-09
1.542012e-09
1.483477e-09
1.5430211e-09
1.5776631e-09
1.5054692e-09
1.4734075e-09
1.5464605e-09
1.7412841e-09
1.8204176e-09
1.7941063e-09
1.7100928e-09
1.611343e-09
1.5346598e-09
1.5022682e-09
1.4965361e-09
1.4966383e-09
1.5113522e-09
1.5228728e-09
1.5129446e-09
1.515909e-09
1.5293418e-09
1.5284126e-09
1.5148119e-09
1.4982723e-09
2.2028503e-09
1.7511222e-09
1.6191557e-09
1.6129183e-09
1.6137553e-09
1.543099e-09
1.4838628e-09
1.5431918e-09
1.5785471e-09
1.5076926e-09
1.474976e-09
1.5470241e-09
1.7414649e-09
1.8214556e-09
1.7960194e-09
1.7131066e-09
1.6150172e-09
1.5388696e-09
1.506369e-09
1.500226e-09
1.4997359e-09
1.5138131e-09
1.5250396e-09
1.514423e-09
1.5160567e-09
1.527181e-09
1.5232717e-09
1.5085428e-09
1.492352e-09
3.3616154e-09
2.1595075e-09
1.7372545e-09
1.6160482e-09
1.6134234e-09
1.615255e-09
1.5450173e-09
1.4861668e-09
1.5454813e-09
1.5810725e-09
1.5102563e-09
1.4772699e-09
1.5489684e-09
1.7428876e-09
1.8229736e-09
1.7975575e-09
1.7146404e-09
1.6165028e-09
1.5403014e-09
1.5074218e-09
1.5007572e-09
1.4995208e-09
1.512136e-09
1.5212152e-09
1.5093003e-09
1.5100295e-09
1.5211201e-09
1.518738e-09
1.5052826e-09
1.4899294e-09
3.3617991e-09
2.1692717e-09
1.7363539e-09
1.6151879e-09
1.6135568e-09
1.6157408e-09
1.5457813e-09
1.4867848e-09
1.5460161e-09
1.5816724e-09
1.511012e-09
1.4776345e-09
1.5488516e-09
1.7420799e-09
1.8216428e-09
1.7957242e-09
1.7121227e-09
1.6132993e-09
1.5368412e-09
1.5031901e-09
1.4959092e-09
1.4943093e-09
1.5066035e-09
1.5166391e-09
1.5057474e-09
1.5069323e-09
1.5183899e-09
1.5165533e-09
1.5037076e-09
1.4886857e-09
3.4343452e-09
2.1985937e-09
1.7406131e-09
1.6133276e-09
1.6110989e-09
1.6135536e-09
1.544019e-09
1.484758e-09
1.5432374e-09
1.5785648e-09
1.5083992e-09
1.4743455e-09
1.5445015e-09
1.7360317e-09
1.8148236e-09
1.7889087e-09
1.7059919e-09
1.6082913e-09
1.5328882e-09
1.4997129e-09
1.4927471e-09
1.4915433e-09
1.5038887e-09
1.5143769e-09
1.5040016e-09
1.5053091e-09
1.5168188e-09
1.5152721e-09
1.5027599e-09
1.4878906e-09
4.9257352e-09
3.5014798e-09
2.2076576e-09
1.7385706e-09
1.6096446e-09
1.6069358e-09
1.6091528e-09
1.5407998e-09
1.4817114e-09
1.5394099e-09
1.5751038e-09
1.5058684e-09
1.4713885e-09
1.5408048e-09
1.7312673e-09
1.8099645e-09
1.7844138e-09
1.7021934e-09
1.6052058e-09
1.5305772e-09
1.4977322e-09
1.4910057e-09
1.4900737e-09
1.5023149e-09
1.5130375e-09
1.5029825e-09
1.5042645e-09
1.5157035e-09
1.5143497e-09
1.5020685e-09
1.4873093e-09
5.0004682e-09
3.4638963e-09
2.1706992e-09
1.7231971e-09
1.6048464e-09
1.6038126e-09
1.6062594e-09
1.5390819e-09
1.4796392e-09
1.536633e-09
1.572833e-09
1.504294e-09
1.4692699e-09
1.5380235e-09
1.7276131e-09
1.8062977e-09
1.7810419e-09
1.699325e-09
1.602975e-09
1.5290381e-09
1.4965031e-09
1.4899559e-09
1.4891743e-09
1.5012302e-09
1.5120588e-09
1.5022566e-09
1.5034614e-09
1.5147652e-09
1.5135543e-09
1.5014929e-09
1.4868422e-09
5.5512125e-09
4.9673422e-09
3.2990679e-09
2.0908789e-09
1.699629e-09
1.5993836e-09
1.6013357e-09
1.604369e-09
1.5379196e-09
1.477892e-09
1.5345986e-09
1.5712556e-09
1.5031166e-09
1.4676283e-09
1.5358943e-09
1.7247542e-09
1.8032325e-09
1.7781389e-09
1.6968416e-09
1.601148e-09
1.5278363e-09
1.4956002e-09
1.489176e-09
1.4884769e-09
1.500335e-09
1.5112107e-09
1.5016357e-09
1.5027406e-09
1.5138628e-09
1.5127783e-09
1.5009722e-09
1.48641e-09
5.6875455e-09
4.8358989e-09
3.1054448e-09
2.0140019e-09
1.6775725e-09
1.5938367e-09
1.5989438e-09
1.6029255e-09
1.536892e-09
1.4763793e-09
1.5331198e-09
1.5700689e-09
1.5021825e-09
1.466311e-09
1.5341558e-09
1.7223028e-09
1.800425e-09
1.7754663e-09
1.6946167e-09
1.599466e-09
1.5267602e-09
1.4947966e-09
1.4884427e-09
1.4878132e-09
1.4994831e-09
1.5103779e-09
1.5010116e-09
1.5019999e-09
1.5129325e-09
1.5119922e-09
1.5004738e-09
1.4859878e-09
5.7211766e-09
4.7081919e-09
2.9932234e-09
1.9700009e-09
1.6646007e-09
1.5891698e-09
1.5964762e-09
1.6015456e-09
1.5359954e-09
1.4752147e-09
1.5319857e-09
1.5690523e-09
1.5013746e-09
1.465163e-09
1.5325516e-09
1.7199332e-09
1.797803e-09
1.7729843e-09
1.6924555e-09
1.597781e-09
1.5257143e-09
1.4939589e-09
1.4876422e-09
1.4871106e-09
1.4985918e-09
1.5095019e-09
1.5003388e-09
1.5012108e-09
1.5119712e-09
1.5111698e-09
1.4999355e-09
1.4855503e-09
5.6258078e-09
4.6541916e-09
2.9745555e-09
1.9612962e-09
1.658575e-09
1.5856511e-09
1.594313e-09
1.600281e-09
1.5352485e-09
1.4741327e-09
1.5308411e-09
1.5679712e-09
1.5005166e-09
1.464046e-09
1.5308668e-09
1.7174487e-09
1.795147e-09
1.7703617e-09
1.6901705e-09
1.5960126e-09
1.5246045e-09
1.4930026e-09
1.486754e-09
1.4863591e-09
1.4976548e-09
1.5085788e-09
1.4996082e-09
1.5003763e-09
1.5109422e-09
1.5102609e-09
1.4993301e-09
1.4850622e-09
5.5454282e-09
4.6876258e-09
3.0156024e-09
1.9750691e-09
1.6595043e-09
1.5833944e-09
1.5921046e-09
1.5987475e-09
1.5342227e-09
1.4728697e-09
1.529428e-09
1.5668081e-09
1.4998049e-09
1.4629739e-09
1.5290816e-09
1.7146992e-09
1.7922168e-09
1.7674536e-09
1.687746e-09
1.5941618e-09
1.5233571e-09
1.4919558e-09
1.4858477e-09
1.4855862e-09
1.4966781e-09
1.5075889e-09
1.4988151e-09
1.4994918e-09
1.5098367e-09
1.5092685e-09
1.4986613e-09
1.4844982e-09
1.4750378e-09
7.5045809e-09
5.8172973e-09
5.5593674e-09
4.7583663e-09
3.0568661e-09
1.9850636e-09
1.661667e-09
1.5821702e-09
1.5900591e-09
1.5971735e-09
1.53347e-09
1.471962e-09
1.5280069e-09
1.5655824e-09
1.4991119e-09
1.4618367e-09
1.527243e-09
1.7118712e-09
1.7890738e-09
1.7644046e-09
1.6852633e-09
1.5922897e-09
1.5219941e-09
1.4909291e-09
1.4849589e-09
1.4847803e-09
1.4956538e-09
1.5065529e-09
1.4979806e-09
1.4985645e-09
1.5087009e-09
1.5082444e-09
1.4979442e-09
1.4838759e-09
1.4744764e-09
7.6189876e-08
1.604955e-08
7.57829e-09
5.9223087e-09
5.6823385e-09
4.8132847e-09
3.0570543e-09
1.9778777e-09
1.657042e-09
1.5802677e-09
1.588953e-09
1.596208e-09
1.5331284e-09
1.4713577e-09
1.5266427e-09
1.5641276e-09
1.4982316e-09
1.4606403e-09
1.5255345e-09
1.7092008e-09
1.7858584e-09
1.7614028e-09
1.6828499e-09
1.5903919e-09
1.5206423e-09
1.4899662e-09
1.4840419e-09
1.4839224e-09
1.4945917e-09
1.5054979e-09
1.4971216e-09
1.4976154e-09
1.5075662e-09
1.5072216e-09
1.4971742e-09
1.4832124e-09
1.4738535e-09
7.6744946e-08
1.6328977e-08
7.7713238e-09
6.1227897e-09
5.8255914e-09
4.8219826e-09
2.9959209e-09
1.943951e-09
1.6481593e-09
1.5786423e-09
1.5887625e-09
1.5958982e-09
1.5327417e-09
1.4706218e-09
1.525321e-09
1.5626318e-09
1.4970669e-09
1.4593976e-09
1.5239604e-09
1.7066473e-09
1.7827106e-09
1.7586081e-09
1.6805452e-09
1.5884698e-09
1.5193979e-09
1.4889792e-09
1.4830647e-09
1.483005e-09
1.4935035e-09
1.504424e-09
1.4962614e-09
1.4966664e-09
1.5064201e-09
6.0142061e-07
7.7229357e-08
1.6743519e-08
8.0656267e-09
6.3445857e-09
5.9390456e-09
4.7883933e-09
2.9302557e-09
1.9125703e-09
1.6388101e-09
1.5771615e-09
1.5887205e-09
1.5957147e-09
1.531721e-09
1.4693439e-09
1.5239888e-09
1.5612496e-09
1.4957174e-09
1.458085e-09
1.5223204e-09
1.7040328e-09
1.7798183e-09
1.7559796e-09
1.6781437e-09
1.5865274e-09
1.5181903e-09
1.4879116e-09
1.4820441e-09
1.4820518e-09
1.4923983e-09
1.5033113e-09
1.4953684e-09
1.4956993e-09
1.5052075e-09
0.00021232108
0.0001297234
5.9208524e-05
1.0625894e-05
6.3612928e-07
8.0998754e-08
1.7675383e-08
8.3845187e-09
6.4670596e-09
5.9704677e-09
4.7653961e-09
2.9195736e-09
1.9011676e-09
1.6307588e-09
1.5748675e-09
1.5881021e-09
1.5942492e-09
1.5295693e-09
1.4676744e-09
1.5225203e-09
1.5597068e-09
1.494264e-09
1.4566387e-09
1.5204156e-09
1.7012768e-09
1.7770741e-09
1.7531561e-09
1.6755275e-09
1.5846929e-09
1.5169411e-09
1.4867977e-09
1.4810084e-09
1.4810827e-09
1.4912746e-09
1.502147e-09
1.4944033e-09
1.4946586e-09
1.5039234e-09
0.00021697594
0.00013346998
6.1839021e-05
1.179255e-05
7.0800328e-07
8.8333753e-08
1.9201445e-08
8.7125503e-09
6.480597e-09
5.9650931e-09
4.7945139e-09
2.927067e-09
1.900358e-09
1.6293743e-09
1.5729275e-09
1.5858993e-09
1.5913805e-09
1.5273269e-09
1.466101e-09
1.5206925e-09
1.5576938e-09
1.4928059e-09
1.4551679e-09
1.5183776e-09
1.6984182e-09
1.7740148e-09
1.7498993e-09
1.6730246e-09
1.5830153e-09
1.5155948e-09
1.4856469e-09
1.4799537e-09
1.4800805e-09
1.4901188e-09
1.50094e-09
1.4933651e-09
1.4935349e-09
1.5026094e-09
0.00022141032
0.00013682117
6.4054674e-05
1.2702761e-05
7.6613641e-07
9.4966711e-08
2.1093617e-08
9.2423337e-09
6.698096e-09
6.0931713e-09
4.7871773e-09
2.881562e-09
1.8850233e-09
1.6258853e-09
1.5707672e-09
1.5833037e-09
1.5885516e-09
1.5251688e-09
1.4641611e-09
1.5181997e-09
1.5555108e-09
1.4915585e-09
1.4538083e-09
1.5163256e-09
1.6952705e-09
1.770439e-09
1.7466911e-09
1.6709382e-09
1.5813301e-09
1.514096e-09
1.4844542e-09
1.4788603e-09
1.4790251e-09
1.4889189e-09
1.4997222e-09
1.4923861e-09
1.4925265e-09
0.00022405857
0.00013870037
6.5222905e-05
1.310903e-05
7.8185708e-07
9.9334985e-08
2.2818896e-08
9.6340434e-09
6.8857574e-09
6.1922791e-09
4.7285467e-09
2.8044445e-09
1.85375e-09
1.616886e-09
1.5683298e-09
1.5807601e-09
1.5855336e-09
1.5222748e-09
1.4615553e-09
1.515831e-09
1.553837e-09
1.4906264e-09
1.4525169e-09
1.5141463e-09
1.6917157e-09
1.7670423e-09
1.7441252e-09
1.6690513e-09
1.5794297e-09
1.51245e-09
1.4832486e-09
1.477798e-09
1.4780361e-09
1.4878366e-09
1.4986916e-09
1.491759e-09
0.00022554073
0.00013974368
6.5887031e-05
1.3383358e-05
7.7692645e-07
1.0311109e-07
2.3810107e-08
9.7450281e-09
6.9294138e-09
6.2057945e-09
4.6477276e-09
2.7455149e-09
1.8309112e-09
1.6088857e-09
1.5647996e-09
1.5772949e-09
1.5819839e-09
1.5190723e-09
1.459387e-09
1.5141034e-09
1.5525119e-09
1.4898883e-09
1.4511351e-09
1.5117687e-09
1.6882974e-09
1.7645051e-09
1.742105e-09
1.666938e-09
1.5772639e-09
1.5108342e-09
1.4821761e-09
1.4769647e-09
1.4773811e-09
1.4871877e-09
1.4981169e-09
1.4915322e-09
0.00022825357
0.00014204655
6.7755415e-05
1.4384983e-05
8.385412e-07
1.0988615e-07
2.4594925e-08
9.7665191e-09
6.8932632e-09
6.1775694e-09
4.635172e-09
2.7406121e-09
1.8220867e-09
1.6020551e-09
1.5599e-09
1.5728612e-09
1.5784484e-09
1.5171395e-09
1.4580369e-09
1.5121985e-09
1.5509636e-09
1.4894023e-09
1.4498581e-09
1.5096003e-09
1.6855439e-09
1.7624933e-09
1.7400789e-09
1.6644985e-09
1.5751204e-09
1.5095025e-09
1.4813877e-09
1.4764292e-09
1.477045e-09
1.4868815e-09
1.4978321e-09
0.00023332218
0.00014621386
7.0841963e-05
1.5999877e-05
9.5939936e-07
1.1780001e-07
2.542905e-08
9.7624616e-09
6.8229322e-09
6.1716833e-09
4.6839792e-09
2.7573714e-09
1.8206669e-09
1.5970834e-09
1.555797e-09
1.5693142e-09
1.5759882e-09
1.5165544e-09
1.4569831e-09
1.5096406e-09
1.5494164e-09
1.4894353e-09
1.4492701e-09
1.5080758e-09
1.6831111e-09
1.7601925e-09
1.7375101e-09
1.661977e-09
1.5731267e-09
1.5083983e-09
1.4807493e-09
1.4759388e-09
1.4766309e-09
1.4863253e-09
1.4971197e-09
0.00023821206
0.0001499861
7.3428714e-05
1.7207081e-05
1.0437897e-06
1.2191859e-07
2.5897354e-08
9.8265693e-09
6.9291964e-09
6.2788512e-09
4.6965719e-09
2.7237057e-09
1.8057866e-09
1.5927573e-09
1.5534312e-09
1.5669202e-09
1.5741781e-09
1.5164405e-09
1.4560963e-09
1.5072348e-09
1.548552e-09
1.4900744e-09
1.4491737e-09
1.5068136e-09
1.6801761e-09
1.7569057e-09
1.7342431e-09
1.6592727e-09
1.5709051e-09
1.5070198e-09
1.4797611e-09
1.4749409e-09
1.4753662e-09
1.4845525e-09
1.4950676e-09
0.00024114258
0.00015217863
7.4908794e-05
1.7850335e-05
1.0735121e-06
1.2249919e-07
2.5699308e-08
9.7213455e-09
7.0253444e-09
6.3245109e-09
4.6101539e-09
2.6553782e-09
1.7801181e-09
1.5861289e-09
1.5511177e-09
1.5646543e-09
1.5723133e-09
1.516222e-09
1.4555955e-09
1.5055549e-09
1.5481025e-09
1.4904892e-09
1.4491037e-09
1.5050643e-09
1.676412e-09
1.7528954e-09
1.7305594e-09
1.6560566e-09
1.5681246e-09
1.5050285e-09
1.4780894e-09
1.4732899e-09
1.4737284e-09
1.4828514e-09
1.4934211e-09
0.00070488804
0.00061933397
0.00052893431
0.00043414292
0.00033806806
0.00024339868
0.00015400541
7.6312934e-05
1.8621879e-05
1.1017226e-06
1.212756e-07
2.4128748e-08
9.4151891e-09
6.9749575e-09
6.2724837e-09
4.5253151e-09
2.6049855e-09
1.761842e-09
1.5797549e-09
1.5483728e-09
1.5623708e-09
1.5706816e-09
1.51608e-09
1.4552886e-09
1.5038349e-09
1.5471296e-09
1.4904389e-09
1.4477093e-09
1.5024962e-09
1.6726259e-09
1.749001e-09
1.7268346e-09
1.652584e-09
1.5652935e-09
1.5031434e-09
0.00078998913
0.0007098479
0.00062406902
0.00053335938
0.00043831485
0.00034190273
0.00024686712
0.00015699776
7.8704558e-05
1.997569e-05
1.1783265e-06
1.187026e-07
2.2656558e-08
9.2833233e-09
6.9845663e-09
6.302598e-09
4.5036165e-09
2.5641605e-09
1.7445234e-09
1.5745064e-09
1.5463297e-09
1.5607138e-09
1.5694766e-09
1.5160314e-09
1.4544061e-09
1.5011539e-09
1.544617e-09
1.4885513e-09
1.4452376e-09
1.4999883e-09
1.6695568e-09
1.7454524e-09
1.7231502e-09
1.649178e-09
1.5626535e-09
1.5014208e-09
0.00087040703
0.00079718331
0.00071675722
0.00063063818
0.00053952494
0.00044398355
0.00034705304
0.00025134058
0.0001606947
8.1477569e-05
2.1497576e-05
1.271443e-06
1.1523514e-07
2.1774013e-08
9.3909653e-09
7.2590256e-09
6.4820548e-09
4.4771649e-09
2.5071773e-09
1.7229133e-09
1.569866e-09
1.5452014e-09
1.5594152e-09
1.5681551e-09
1.5152638e-09
1.4522028e-09
1.4981897e-09
1.5418556e-09
1.4861505e-09
1.4431095e-09
1.4980057e-09
1.6669718e-09
1.7419384e-09
1.719432e-09
1.6459063e-09
1.5601639e-09
1.4997348e-09
0.00094454718
0.0008782308
0.00080452094
0.00072353555
0.00063683809
0.00054516555
0.00044897934
0.00035136781
0.00025492638
0.0001635383
8.3499467e-05
2.25022e-05
1.3295271e-06
1.105321e-07
2.1367615e-08
9.9057354e-09
7.6828447e-09
6.5785727e-09
4.365843e-09
2.4426262e-09
1.7025092e-09
1.564253e-09
1.5434e-09
1.5569889e-09
1.5654054e-09
1.512575e-09
1.4497175e-09
1.4959109e-09
1.5396717e-09
1.484185e-09
1.4413314e-09
1.4963459e-09
1.6645787e-09
1.7384267e-09
1.7158181e-09
1.6427485e-09
0.0010108212
0.00095122088
0.00088435805
0.00081005999
0.00072848942
0.00064125021
0.00054905643
0.00045238679
0.00035428222
0.00025737526
0.00016549987
8.497244e-05
2.3243892e-05
1.3596347e-06
1.0570194e-07
2.1354277e-08
1.0605993e-08
8.0298862e-09
6.5149601e-09
4.2345447e-09
2.3854029e-09
1.6853359e-09
1.5583243e-09
1.5396943e-09
1.5533663e-09
1.5620605e-09
1.5095848e-09
1.447787e-09
1.4942427e-09
1.5376641e-09
1.4821493e-09
1.439607e-09
1.4948241e-09
1.6623231e-09
1.7350294e-09
1.7123449e-09
1.6397694e-09
0.0010679502
0.0010168308
0.0009568523
0.00088956131
0.00081488973
0.00073299095
0.00064539627
0.00055284942
0.00045584922
0.00035736751
0.00026009828
0.00016779025
8.6711736e-05
2.4189659e-05
1.3954475e-06
1.0278157e-07
2.1899384e-08
1.1491769e-08
8.3252647e-09
6.49539e-09
4.1687192e-09
2.3411868e-09
1.6681342e-09
1.5519493e-09
1.5357577e-09
1.5501695e-09
1.5593042e-09
1.507031e-09
1.4460898e-09
1.4926219e-09
1.5354547e-09
1.4800108e-09
1.4379567e-09
1.4933413e-09
1.6599495e-09
1.731665e-09
1.7090511e-09
1.6369671e-09
0.001115059
0.0010741671
0.0010228911
0.00096275375
0.00089529589
0.00082046584
0.00073841139
0.00065063172
0.00055780956
0.00046047386
0.0003615591
0.00026371246
0.00017069432
8.8767922e-05
2.5303834e-05
1.4693673e-06
1.0147949e-07
2.2974244e-08
1.2583624e-08
8.6914338e-09
6.5681699e-09
4.1180684e-09
2.2968522e-09
1.6516816e-09
1.5462194e-09
1.5327362e-09
1.5475447e-09
1.5567059e-09
1.5043017e-09
1.4444275e-09
1.4910677e-09
1.533329e-09
1.4781602e-09
1.4365533e-09
1.4917327e-09
1.657101e-09
1.7282381e-09
1.7058201e-09
1.6341117e-09
0.0011539488
0.0011223297
0.0010813099
0.0010299339
0.00096965143
0.00090199016
0.00082691977
0.00074459343
0.00065646282
0.00056320691
0.00046533422
0.00036579299
0.00026722311
0.00017338225
9.058714e-05
2.6212582e-05
1.5410583e-06
1.0153949e-07
2.4433959e-08
1.3626904e-08
8.9743596e-09
6.5848109e-09
4.0201762e-09
2.2489049e-09
1.63758e-09
1.5409072e-09
1.5296734e-09
1.5447592e-09
1.5537316e-09
1.5012429e-09
1.442913e-09
1.4896465e-09
1.5314756e-09
1.4767728e-09
1.4352863e-09
1.4896952e-09
1.6534947e-09
1.7235912e-09
1.7008712e-09
0.0011875492
0.0011625977
0.0011304599
0.0010890487
0.0010374176
0.00097677786
0.00090856817
0.00083297397
0.0007502327
0.00066161437
0.0005677549
0.00046930752
0.00036919661
0.00027006406
0.00017557516
9.2049439e-05
2.6869569e-05
1.5934273e-06
1.018848e-07
2.5747778e-08
1.4387965e-08
9.0716073e-09
6.462957e-09
3.9210404e-09
2.2074017e-09
1.6232319e-09
1.5333914e-09
1.5245642e-09
1.5404629e-09
1.5492909e-09
1.497289e-09
1.4402956e-09
1.4865567e-09
1.5283611e-09
1.4749293e-09
1.4329497e-09
1.4856501e-09
1.6475832e-09
1.719413e-09
1.6973307e-09
0.0012141465
0.0011954711
0.0011701418
0.0011375933
0.0010957571
0.0010437121
0.00098268099
0.00091407947
0.00083806697
0.00075489591
0.00066582993
0.00057150449
0.00047257993
0.00037194532
0.00027223542
0.00017713902
9.2960397e-05
2.7133011e-05
1.5970299e-06
9.919895e-08
2.6755573e-08
1.4906976e-08
9.1458206e-09
6.4163594e-09
3.855189e-09
2.1698255e-09
1.6101232e-09
1.5275311e-09
1.5212756e-09
1.5380453e-09
1.5470773e-09
1.4952387e-09
1.4390065e-09
1.4846898e-09
1.5267919e-09
1.4743563e-09
1.4317031e-09
1.4828674e-09
1.6424548e-09
1.7166357e-09
0.0012327506
0.0012218412
0.001202795
0.0011771009
0.0011441833
0.0011019892
0.0010495543
0.00098809453
0.00091904893
0.00084258075
0.00075892551
0.00066936848
0.00057456707
0.00047516629
0.0003740015
0.00027380323
0.00017820765
9.3478726e-05
2.7121825e-05
1.5637442e-06
9.6141107e-08
2.7697684e-08
1.538084e-08
9.218464e-09
6.4100892e-09
3.75585e-09
2.120481e-09
1.5959279e-09
1.523456e-09
1.5202626e-09
1.5373131e-09
1.5463637e-09
1.4948184e-09
1.4385492e-09
1.483673e-09
1.5263619e-09
1.4745238e-09
1.4313869e-09
1.4811585e-09
1.6387602e-09
1.7124862e-09
0.0012422508
0.0012388757
0.001227737
0.0012085358
0.0011827289
0.0011497241
0.0011074227
0.0010548417
0.00099318879
0.00092392303
0.0008472064
0.00076326309
0.00067337474
0.00057820507
0.00047836026
0.00037669082
0.00027590074
0.00017969292
9.4318605e-05
2.7380065e-05
1.5823612e-06
9.6655389e-08
2.9390973e-08
1.6468333e-08
9.5673142e-09
6.4018959e-09
3.6769743e-09
2.0808411e-09
1.5832416e-09
1.5190958e-09
1.5178355e-09
1.5348737e-09
1.544217e-09
1.4940458e-09
1.436888e-09
1.4803275e-09
1.5240748e-09
1.4739302e-09
1.4296974e-09
1.4778162e-09
1.6335496e-09
1.708574e-09
0.0012441954
0.0012483549
0.0012447086
0.0012332928
0.001213945
0.0011880654
0.0011550403
0.0011127467
0.0010601891
0.00099854405
0.00092924264
0.00085243449
0.00076834208
0.00067822278
0.00058272691
0.0004824761
0.00038027978
0.0002787892
0.0001817478
9.5573942e-05
2.7897104e-05
1.6350158e-06
9.8908039e-08
3.2061082e-08
1.8206053e-08
1.024717e-08
6.427944e-09
3.612113e-09
2.0493504e-09
1.5725564e-09
1.5159273e-09
1.5158178e-09
1.5323082e-09
1.5420171e-09
1.493708e-09
1.4352302e-09
1.4765627e-09
1.5215536e-09
1.4733473e-09
1.4281868e-09
1.4747997e-09
1.6286732e-09
0.0012414388
0.0012535224
0.0012572901
0.0012532971
0.0012414627
0.0012218176
0.0011956884
0.0011624569
0.0011199865
0.0010672999
0.0010055598
0.00093615492
0.00085920182
0.00077491402
0.00068451457
0.00058861946
0.00048785136
0.00038498988
0.00028264791
0.00018453171
9.7286163e-05
2.874437e-05
1.7480715e-06
1.0360194e-07
3.4735228e-08
1.986186e-08
1.1019781e-08
6.5800822e-09
3.559387e-09
2.0144919e-09
1.5616818e-09
1.5130213e-09
1.5139362e-09
1.5294987e-09
1.539455e-09
1.4932976e-09
1.4335482e-09
1.4727657e-09
1.5190269e-09
1.4727392e-09
1.4268103e-09
1.4719088e-09
1.623752e-09
0.0012325256
0.0012528209
0.0012648011
0.0012684608
0.0012643752
0.0012524224
0.0012326745
0.0012063976
0.0011729782
0.0011303118
0.0010774387
0.0010154915
0.00094582035
0.000868528
0.00078385189
0.00069298974
0.00059651106
0.00049505228
0.00039132497
0.00028794855
0.00018863058
0.00010013603
3.0538087e-05
2.0209795e-06
1.1194182e-07
3.6582938e-08
2.1019416e-08
1.1759317e-08
6.7410819e-09
3.4994682e-09
1.9753367e-09
1.5501309e-09
1.5099412e-09
1.5119839e-09
1.5265157e-09
1.5366979e-09
1.4925021e-09
1.4319796e-09
1.4693537e-09
1.5166648e-09
1.472115e-09
1.4255427e-09
1.4690491e-09
0.0012178891
0.0012471684
0.0012677192
0.0012799032
0.001283745
0.0012797975
0.0012679442
0.0012481736
0.0012217542
0.0011881062
0.0011451906
0.0010920235
0.001029635
0.00095936929
0.00088141053
0.00079601724
0.0007043245
0.00060689746
0.00050438264
0.00039944013
0.00029469729
0.00019385333
0.00010377985
3.2796895e-05
2.3532091e-06
1.2154729e-07
3.7835139e-08
2.1605358e-08
1.2139003e-08
6.7728215e-09
3.4214978e-09
1.939708e-09
1.5389267e-09
1.5064877e-09
1.5098618e-09
1.5236131e-09
1.5340873e-09
1.4917146e-09
1.4305134e-09
1.4662934e-09
1.5143362e-09
1.4714293e-09
1.4243194e-09
1.4660946e-09
0.0012375696
0.0012672019
0.0012880371
0.0013004246
0.0013044023
0.0013005146
0.0012886061
0.0012686101
0.0012418045
0.0012076294
0.0011641225
0.0011102915
0.0010470743
0.00097579765
0.00089672342
0.00081015226
0.00071717071
0.00061834488
0.00051434707
0.0004077777
0.00030131518
0.00019872174
0.00010700756
3.4619907e-05
2.6021024e-06
1.2984928e-07
3.8656112e-08
2.1773022e-08
1.2225381e-08
6.7456755e-09
3.3413531e-09
1.9037953e-09
1.5282876e-09
1.5029176e-09
1.5075143e-09
1.5207788e-09
1.5314774e-09
1.4903159e-09
1.4290383e-09
1.4634489e-09
1.5119618e-09
1.4707585e-09
1.4230258e-09
1.4629529e-09
0.00126046
0.0012902401
0.0013111198
0.0013234692
0.0013273133
0.0013232144
0.0013109086
0.0012903795
0.0012628785
0.001227877
0.0011834724
0.0011286678
0.0010643216
0.00099175211
0.000911307
0.00082334005
0.00072889072
0.00062852977
0.00052297586
0.00041481425
0.00030677456
0.00020268066
0.00010962722
3.6070573e-05
2.7711893e-06
1.3431631e-07
3.8826029e-08
2.1279838e-08
1.2258865e-08
6.7289068e-09
3.2551414e-09
1.8655514e-09
1.5179966e-09
1.4992203e-09
1.504877e-09
1.5180052e-09
1.5289139e-09
1.4886491e-09
1.4276143e-09
1.4607102e-09
1.5094743e-09
1.46994e-09
1.4216158e-09
0.0012824397
0.0013121761
0.0013329155
0.0013450519
0.0013486082
0.0013441784
0.0013313398
0.001310192
0.001281948
0.0012460948
0.0012007806
0.001145023
0.0010796225
0.001005893
0.00092423446
0.00083504013
0.00073932458
0.00063767016
0.00053082576
0.00042136133
0.0003120503
0.00020673328
0.00011251721
3.7799833e-05
2.9839209e-06
1.3855285e-07
3.7279045e-08
2.0634561e-08
1.2318814e-08
6.6856208e-09
3.1729577e-09
1.8335891e-09
1.5087369e-09
1.4954739e-09
1.5023705e-09
1.5155019e-09
1.5265293e-09
1.4873146e-09
1.4264414e-09
1.4580244e-09
1.5070118e-09
1.4691648e-09
1.4204059e-09
0.0013030187
0.0013327781
0.0013534427
0.00136543
0.0013687578
0.0013640481
0.0013507857
0.0013291664
0.0013003769
0.0012639115
0.0012179123
0.0011613973
0.0010951512
0.0010204965
0.00093784957
0.00084763459
0.00075085636
0.00064809512
0.00054010597
0.00042944139
0.00031887128
0.00021220801
0.00011655182
4.0276873e-05
3.3682338e-06
1.4632836e-07
3.6236897e-08
2.0649971e-08
1.2584835e-08
6.6341666e-09
3.1101965e-09
1.8102065e-09
1.5018272e-09
1.4927206e-09
1.5006415e-09
1.5134491e-09
1.5244233e-09
1.4865675e-09
1.4258259e-09
1.4556642e-09
1.5049764e-09
1.4688725e-09
0.0013249078
0.0013547609
0.0013754485
0.0013874161
0.0013906498
0.0013857765
0.0013722346
0.0013502582
0.0013210286
0.0012840485
0.0012374561
0.0011802636
0.0011132218
0.0010376541
0.00095400472
0.00086273208
0.00076481649
0.00066082678
0.00055152009
0.00043942694
0.00032729881
0.00021888976
0.00012132773
4.3065212e-05
3.8738831e-06
1.5721326e-07
3.6286625e-08
2.1096088e-08
1.2861239e-08
6.6258131e-09
3.0408956e-09
1.7833265e-09
1.4956596e-09
1.4907702e-09
1.4995885e-09
1.5118697e-09
1.5227908e-09
1.4863267e-09
1.4256715e-09
1.4540135e-09
1.5036888e-09
1.4691146e-09
0.0013491993
0.0013792183
0.0013999827
0.0014119572
0.0014151214
0.0014100962
0.0013962776
0.0013739361
0.0013442379
0.0013066946
0.0012594273
0.0012014518
0.0011334858
0.0010568533
0.0009720265
0.00087950361
0.00078024472
0.00067480214
0.0005639434
0.00045018811
0.00033627514
0.00022589564
0.00012624737
4.5922481e-05
4.444802e-06
1.7158753e-07
3.6844889e-08
2.1446819e-08
1.3040067e-08
6.5277842e-09
2.9528309e-09
1.7570884e-09
1.4896204e-09
1.4889118e-09
1.4987743e-09
1.510502e-09
1.521421e-09
1.4862246e-09
1.4256677e-09
1.4527602e-09
1.5027737e-09
1.4695643e-09
0.0013746468
0.0014048919
0.0014257934
0.0014378289
0.0014409771
0.0014358472
0.0014217968
0.0013991069
0.0013689297
0.0013307775
0.0012827678
0.0012239266
0.0011549388
0.0010771266
0.00099099056
0.00089708032
0.00079634063
0.00068930379
0.00057676077
0.00046121399
0.00034540937
0.00023301232
0.00013127696
4.8960706e-05
5.0524528e-06
1.8827e-07
3.744786e-08
2.1553632e-08
1.2959707e-08
6.3754997e-09
2.8942854e-09
1.7408472e-09
1.4844896e-09
1.4867347e-09
1.497624e-09
1.5086854e-09
1.5196197e-09
1.4859311e-09
1.425515e-09
1.4508616e-09
1.5010418e-09
0.0014009406
0.0014315051
0.0014526175
0.0014647627
0.0014679135
0.0014626621
0.0014483355
0.0014252287
0.0013944855
0.0013556311
0.0013067656
0.0012469193
0.0011767615
0.0010976153
0.0010100192
0.00091457502
0.00081220998
0.00070343989
0.00058909457
0.0004716633
0.00035391465
0.00023952001
0.00013581862
5.1747234e-05
5.5783113e-06
2.0362018e-07
3.7931925e-08
2.1406679e-08
1.2726822e-08
6.2584468e-09
2.8324363e-09
1.7175811e-09
1.4776349e-09
1.483365e-09
1.4951489e-09
1.5056241e-09
1.5164721e-09
1.4838243e-09
1.4235369e-09
1.4473489e-09
1.4973577e-09
0.0014279466
0.0014587305
0.001479918
0.001491993
0.0014949393
0.0014893669
0.00147452
0.0014507934
0.001419292
0.0013795495
0.001329638
0.0012686041
0.0011971309
0.0011165585
0.0010274413
0.00093041738
0.00082641815
0.000715959
0.00059989527
0.00048072271
0.00036123253
0.00024512293
0.00013976408
5.4186563e-05
6.0573207e-06
2.1571887e-07
3.8198373e-08
2.1323243e-08
1.2667341e-08
6.1061826e-09
2.7471996e-09
1.6912605e-09
1.4703449e-09
1.4796062e-09
1.4922404e-09
1.5021026e-09
1.5127935e-09
1.4810998e-09
1.4211477e-09
1.4434369e-09
1.4934215e-09
0.0014532119
0.0014840881
0.0015052435
0.0015171667
0.0015198429
0.001513903
0.0014985075
0.0014741673
0.0014419375
0.0014013624
0.0013505068
0.0012884231
0.0012157832
0.0011339434
0.0010434939
0.0009451062
0.00083970385
0.00072780694
0.00061028481
0.00048962769
0.00036862456
0.00025095306
0.00014399235
5.6830301e-05
6.6912889e-06
2.3156196e-07
3.8592376e-08
2.1445812e-08
1.2637077e-08
5.9367438e-09
2.6645461e-09
1.6701557e-09
1.4643703e-09
1.4760754e-09
1.4895675e-09
1.4987461e-09
1.509209e-09
1.4785661e-09
1.4190159e-09
1.4397752e-09
1.4896683e-09
0.0014772102
0.0015082642
0.0015295146
0.001541475
0.0015441098
0.0015380313
0.0015223512
0.001497603
0.0014648368
0.0014236193
0.0013720381
0.0013091361
0.0012355143
0.0011525355
0.0010608682
0.00096122147
0.00085448958
0.00074119558
0.00062220884
0.00050000062
0.00037734209
0.00025788603
0.00014900763
5.9899401e-05
7.5352139e-06
2.5605706e-07
3.9237713e-08
2.16414e-08
1.2702559e-08
5.8249441e-09
2.5952214e-09
1.6496516e-09
1.458452e-09
1.4730356e-09
1.4873221e-09
1.4958113e-09
1.5059873e-09
1.4763247e-09
1.4172754e-09
1.4366094e-09
1.4862607e-09
0.0015034289
0.0015348897
0.0015564604
0.0015686668
0.0015714302
0.0015653333
0.0015494956
0.0015243984
0.0014911131
0.0014492323
0.001396847
0.0013329743
0.0012581559
0.0011737826
0.0010806187
0.0009794078
0.00087101152
0.00075596607
0.0006351428
0.00051100281
0.00038632792
0.00026475043
0.00015374757
6.2740047e-05
8.3010706e-06
2.8173859e-07
3.9860889e-08
2.1825801e-08
1.2754738e-08
5.6851776e-09
2.5221898e-09
1.6298761e-09
1.453228e-09
1.4703036e-09
1.4853522e-09
1.4933104e-09
1.5031881e-09
1.4743473e-09
1.4159347e-09
1.4340257e-09
1.4831584e-09
0.0015337703
0.0015655965
0.0015873651
0.0015995975
0.0016022029
0.0015957788
0.0015793893
0.0015535869
0.0015194038
0.0014764479
0.0014227949
0.0013574732
0.0012810437
0.001194932
0.0010999395
0.00099686014
0.000886562
0.00076958812
0.00064682175
0.00052072667
0.00039411351
0.00027065371
0.00015787097
6.5313073e-05
8.9781228e-06
3.04503e-07
4.051596e-08
2.178781e-08
1.2387026e-08
5.457994e-09
2.4529381e-09
1.6126477e-09
1.4486961e-09
1.4676358e-09
1.4834586e-09
1.4911127e-09
1.5006958e-09
1.4725588e-09
1.4148877e-09
1.431845e-09
1.480182e-09
0.0015959141
0.0016175085
0.0016294086
0.0016315214
0.0016244961
0.0016072468
0.001580479
0.0015451967
0.0015010433
0.0014460736
0.0013793209
0.0013013378
0.0012135952
0.0011169588
0.001012254
0.00090032919
0.00078173142
0.00065736628
0.00052968934
0.00040152366
0.00027651929
0.00016221398
6.8202962e-05
9.8083701e-06
3.3177427e-07
4.0920932e-08
2.1384284e-08
1.2046712e-08
5.2585446e-09
2.3850946e-09
1.59571e-09
1.443909e-09
1.4648533e-09
1.4815306e-09
1.489033e-09
1.4982696e-09
1.4708044e-09
1.4140152e-09
1.4298528e-09
1.4771964e-09
0.0016234192
0.0016448879
0.0016565326
0.0016582886
0.0016508264
0.0016329403
0.0016054464
0.0015693253
0.0015242277
0.0014682464
0.0014004095
0.0013212482
0.0012322491
0.0011343315
0.0010283392
0.00091508828
0.00079513051
0.00066937495
0.0005402691
0.00041060691
0.00028397738
0.00016788961
7.2012147e-05
1.1032933e-05
3.7731096e-07
4.1614248e-08
2.1365562e-08
1.1980559e-08
5.1190206e-09
2.3165532e-09
1.5774374e-09
1.4387554e-09
1.4617836e-09
1.4793687e-09
1.4867879e-09
1.4956309e-09
1.4689447e-09
1.4132227e-09
1.4279514e-09
1.4741783e-09
1.4548464e-09
0.0016514578
0.0016731973
0.0016849445
0.0016866711
0.0016790426
0.0016608238
0.0016328616
0.0015961415
0.0015503363
0.0014935256
0.0014247277
0.0013444432
0.0012541818
0.0011549268
0.0010475367
0.00093278938
0.00081123882
0.00068378581
0.00055285649
0.00042123621
0.00029248579
0.00017408897
7.5947752e-05
1.2330259e-05
4.2842048e-07
4.3002208e-08
2.1469899e-08
1.1918751e-08
4.9870439e-09
2.2649916e-09
1.5625896e-09
1.4340106e-09
1.4586059e-09
1.4769543e-09
1.4843238e-09
1.4927563e-09
1.4669217e-09
1.4124371e-09
1.4262072e-09
1.4712939e-09
1.4531426e-09
0.001704967
0.0017167972
0.0017184229
0.0017105065
0.0016917923
0.0016631774
0.0016256164
0.0015787988
0.0015208297
0.00145072
0.0013689446
0.001277038
0.001176046
0.0010668677
0.00095027446
0.00082681376
0.00069738672
0.00056440757
0.00043067745
0.00029977673
0.00017928188
7.9192868e-05
1.3383548e-05
4.7213598e-07
4.4048662e-08
2.1415419e-08
1.1611344e-08
4.7692338e-09
2.1955534e-09
1.5479122e-09
1.4300147e-09
1.4555895e-09
1.4744546e-09
1.4818698e-09
1.4898866e-09
1.4647313e-09
1.4116521e-09
1.4247092e-09
1.4686328e-09
1.4514526e-09
0.0017362646
0.0017479298
0.0017492139
0.0017407885
0.0017213234
0.001691823
0.0016532108
0.0016051888
0.0015459237
0.0014744189
0.0013911124
0.0012975594
0.0011948926
0.0010840472
0.00096576058
0.00084059217
0.00070945689
0.00057474524
0.00043926692
0.00030658458
0.00018431464
8.2512076e-05
1.4558799e-05
5.2454743e-07
4.5077558e-08
2.0966038e-08
1.1145264e-08
4.5379839e-09
2.131552e-09
1.5336016e-09
1.4260344e-09
1.452893e-09
1.472327e-09
1.4797848e-09
1.4874167e-09
1.4628264e-09
1.411128e-09
1.4234168e-09
1.4660642e-09
1.4498204e-09
0.0017781114
0.0017790767
0.0017701989
0.0017500858
0.0017198252
0.0016803035
0.0016312418
0.0015708663
0.0014981726
0.0014135503
0.0013185718
0.0012144472
0.0011021437
0.00098236268
0.00085566612
0.00072296529
0.00058661798
0.00044941732
0.00031487626
0.00019060668
8.6733792e-05
1.615833e-05
5.9959533e-07
4.6542439e-08
2.0650091e-08
1.0804445e-08
4.3978008e-09
2.0924657e-09
1.5231353e-09
1.422629e-09
1.4506212e-09
1.4707884e-09
1.4781992e-09
1.4854168e-09
1.4614228e-09
1.4109056e-09
1.4221155e-09
1.4633147e-09
0.0018103852
0.0018110756
0.0018017967
0.0017811087
0.0017501384
0.0017097783
0.0016597718
0.00159836
0.001524515
0.0014385582
0.001342089
0.0012364264
0.0011225655
0.0010011533
0.000872749
0.00073825548
0.00059998995
0.000460734
0.00032397461
0.00019734885
9.1104884e-05
1.7798975e-05
6.8040613e-07
4.8005648e-08
2.0501341e-08
1.060861e-08
4.2617619e-09
2.0432212e-09
1.5121851e-09
1.4197014e-09
1.4487836e-09
1.4698109e-09
1.4770882e-09
1.4837819e-09
1.4603969e-09
1.4108606e-09
1.4208265e-09
0.0018439924
0.0018343263
0.0018130718
0.0017813958
0.0017401741
0.0016891542
0.0016266271
0.0015515468
0.0014641776
0.0013661304
0.0012588134
0.0011432645
0.0010200905
0.00088983249
0.00075341427
0.00061312914
0.00047174007
0.00033272766
0.0002037961
9.5292188e-05
1.9440594e-05
7.6860976e-07
4.961875e-08
2.0246856e-08
1.0304119e-08
4.0893844e-09
1.9886171e-09
1.4998754e-09
1.4168671e-09
1.4471441e-09
1.4691199e-09
1.4762276e-09
1.4823044e-09
1.459533e-09
1.4109074e-09
1.4198324e-09
0.0018671392
0.0018453642
0.001813012
0.0017709583
0.0017189541
0.0016553266
0.0015789966
0.0014902107
0.0013906073
0.0012816715
0.0011644529
0.001039512
0.00090741408
0.00076909113
0.00062680721
0.00048330526
0.00034205181
0.00021080302
9.9969188e-05
2.1404167e-05
8.8541452e-07
5.1790076e-08
1.9772558e-08
9.9427735e-09
3.9422273e-09
1.9493337e-09
1.49131e-09
1.4140269e-09
1.4453505e-09
1.4683333e-09
1.4753167e-09
1.4807535e-09
1.4586667e-09
1.4110261e-09
0.001902008
0.0018796809
0.001846616
0.0018036561
0.0017505703
0.0016857384
0.0016080694
0.0015178076
0.0014166065
0.0013059924
0.0011870242
0.0010602305
0.00092619474
0.00078584995
0.0006414214
0.00049566298
0.0003520226
0.00021827933
0.00010494488
2.3540397e-05
1.0207472e-06
5.4086404e-08
1.9514347e-08
9.66143e-09
3.8079819e-09
1.9119697e-09
1.4832607e-09
1.411734e-09
1.4434534e-09
1.4671928e-09
1.4743223e-09
1.4792451e-09
1.4577802e-09
0.0019144423
0.0018806178
0.0018367048
0.0017825112
0.0017164496
0.0016374124
0.0015456276
0.0014427706
0.0013304141
0.0012096397
0.0010809642
0.00094496663
0.00080257407
0.00065598849
0.00050796431
0.00036195734
0.00022576457
0.00010995511
2.5776965e-05
1.1719313e-06
5.6453017e-08
1.9347295e-08
9.4184194e-09
3.6652607e-09
1.8684995e-09
1.4747951e-09
1.4098676e-09
1.4418392e-09
1.4660906e-09
1.4736326e-09
1.4781832e-09
0.0019491919
0.001914707
0.0018699693
0.0018148002
0.00174761
0.0016672737
0.0015740227
0.0014695557
0.0013554971
0.0012329611
0.0011024533
0.00096454245
0.00082015478
0.00067145552
0.00052119347
0.00037281828
0.00023412657
0.00011569928
2.8518998e-05
1.3775355e-06
5.9875185e-08
1.9159461e-08
9.1737503e-09
3.5457745e-09
1.8364081e-09
1.4690919e-09
1.4086873e-09
1.4409139e-09
1.465556e-09
1.47339e-09
0.0019513664
0.0019057976
0.0018496302
0.0017812708
0.0016995572
0.0016047329
0.0014985502
0.0013826831
0.0012582595
0.0011257831
0.00098581331
0.00083925159
0.00068824783
0.00053554318
0.00038455768
0.00024310653
0.00012181439
3.1453684e-05
1.6108159e-06
6.3752429e-08
1.8966657e-08
8.9360833e-09
3.4463715e-09
1.8116007e-09
1.4649929e-09
1.4083986e-09
1.4407475e-09
1.4655758e-09
1.4734226e-09
0.0019892058
0.0019425942
0.001885228
0.0018155493
0.0017323171
0.0016357882
0.0015277739
0.00141002
0.0012836481
0.0011491242
0.0010070126
0.00085820986
0.00070486754
0.00054970567
0.00039610072
0.00025189909
0.00012777948
3.43593e-05
1.8549937e-06
6.7656857e-08
1.876091e-08
8.6991306e-09
3.3199881e-09
1.7771516e-09
1.4606425e-09
1.4086775e-09
1.4410433e-09
1.4661427e-09
0.0019785904
0.0019201864
0.00184931
0.001764709
0.0016666572
0.0015570043
0.0014375233
0.0013093377
0.0011729047
0.0010287811
0.0008778585
0.00072226377
0.00056469237
0.00040848439
0.00026148209
0.00013438132
3.774155e-05
2.1794469e-06
7.3010666e-08
1.8630003e-08
8.4532064e-09
3.2202967e-09
1.7564793e-09
1.4588037e-09
1.4093753e-09
1.4419228e-09
1.4683834e-09
0.0020170722
0.0019577049
0.001885674
0.0017997071
0.0017001307
0.0015888285
0.0014675757
0.0013374955
0.0011990394
0.0010527571
0.00089953063
0.0007414417
0.00058117148
0.0004220353
0.00027188848
0.00014146334
4.1382304e-05
2.5550462e-06
7.9194888e-08
1.8699424e-08
8.3465841e-09
3.1506503e-09
1.7405981e-09
1.4590268e-09
1.4121358e-09
1.4445744e-09
0.0019972879
0.0019239406
0.0018364774
0.0017352114
0.0016220561
0.0014988257
0.0013666471
0.0012259669
0.0010773363
0.00092162273
0.00076087036
0.00059776075
0.0004355967
0.00028225802
0.00014853111
4.5103037e-05
2.9712046e-06
8.6188481e-08
1.8797194e-08
8.1410636e-09
3.048556e-09
1.7181004e-09
1.4607698e-09
1.4167396e-09
1.4488886e-09
0.002037045
0.0019625537
0.0018736944
0.0017707697
0.0016557766
0.001530615
0.001396408
0.0012535804
0.0011026699
0.00094451066
0.00078112934
0.00061520767
0.00045002596
0.00029347293
0.00015634264
4.9396315e-05
3.5201784e-06
9.5606416e-08
1.859974e-08
7.866828e-09
2.9540832e-09
1.7055911e-09
1.4649883e-09
1.4227141e-09
1.4545206e-09
0.0020031993
0.0019130447
0.0018085511
0.0016917797
0.0015647007
0.0014284443
0.0012834134
0.0011301282
0.00096939521
0.00080321387
0.00063425104
0.00046576156
0.00030566684
0.00016477466
5.4038174e-05
4.1418483e-06
1.0634175e-07
1.8797536e-08
7.7770709e-09
2.8983194e-09
1.697148e-09
1.4708342e-09
1.4299089e-09
1.461065e-09
0.0020449793
0.0019534721
0.0018473718
0.0017287818
0.0015997107
0.0014612946
0.0013139222
0.0011581005
0.00099462609
0.00082549549
0.00065335659
0.00048144688
0.00031773743
0.00017307473
5.8648798e-05
4.7997949e-06
1.1808215e-07
1.8976295e-08
7.5819573e-09
2.8062568e-09
1.6833095e-09
1.4772858e-09
1.437977e-09
0.0019931891
0.0018855622
0.0017652652
0.0016342856
0.001493758
0.0013440748
0.0011857447
0.0010195586
0.00084753187
0.00067229496
0.00049704882
0.00032980112
0.00018143183
6.3388938e-05
5.5409452e-06
1.3160853e-07
1.906374e-08
7.2854964e-09
2.7241676e-09
1.6799148e-09
1.4863497e-09
1.4474077e-09
0.0020341654
0.0019250108
0.0018029462
0.0016700117
0.0015273377
0.001375291
0.0012143692
0.001045364
0.00087032458
0.00069186505
0.00051313149
0.00034218782
0.00018996859
6.8244965e-05
6.3535567e-06
1.4651199e-07
1.9020505e-08
7.1351422e-09
2.6699417e-09
1.6786415e-09
1.497802e-09
0.0020771129
0.0019662461
0.0018421793
0.0017070443
0.0015619945
0.0014073823
0.0012436745
0.001071663
0.00089344771
0.00071162015
0.00052929659
0.00035461701
0.00019856386
7.3224964e-05
7.2450526e-06
1.6396438e-07
1.9383477e-08
6.9488384e-09
2.591097e-09
1.6787911e-09
1.5131105e-09
0.0020084403
0.001882302
0.0017448855
0.0015973718
0.0014401167
0.0012735783
0.0010985611
0.00091717416
0.00073198303
0.00054609416
0.0003677032
0.00020778007
7.8708049e-05
8.3245853e-06
1.861981e-07
1.9635139e-08
6.7404565e-09
2.5538437e-09
1.693557e-09
1.5340447e-09
0.0019238312
0.0017841287
0.0016341061
0.0014741702
0.0013047788
0.0011267346
0.00094215067
0.00075354517
0.00056400209
0.00038176264
0.00021777216
8.4740724e-05
9.5780422e-06
2.1222694e-07
1.9987708e-08
6.6234819e-09
0.0019666909
0.0018246548
0.0016720591
0.0015093839
0.0013370743
0.0011559283
0.00096807702
0.00077597826
0.0005826805
0.00039646849
0.000228289
9.1163702e-05
1.0966426e-05
2.4204388e-07
2.0521585e-08
0.0018665442
0.0017113249
0.0015458516
0.0013705596
0.0011862289
0.00099498382
0.00079924237
0.00060202424
0.0019095095
0.0017516265
0.0015833019
0.00140494
0.0012172863
0.0010224461
0.00082281105
0.00062140434
0.0017928576
0.0016215512
)
;

boundaryField
{
    Side
    {
        type            empty;
    }
    Inlet
    {
        type            calculated;
        value           nonuniform List<scalar> 0();
    }
    Airfoil
    {
        type            compressible::alphatWallFunction;
        value           nonuniform List<scalar> 0();
    }
    Outlet
    {
        type            calculated;
        value           nonuniform List<scalar> 0();
    }
    procBoundary8to0
    {
        type            processor;
        value           nonuniform List<scalar> 
69
(
1.4811395e-09
1.5061723e-09
1.4963381e-09
1.4824675e-09
1.4804265e-09
1.4731527e-09
1.5061723e-09
1.5050303e-09
1.5037853e-09
1.5025725e-09
1.5014729e-09
1.5014729e-09
1.4920111e-09
1.4920111e-09
1.4918948e-09
1.4914101e-09
1.4914101e-09
1.4905906e-09
1.4887142e-09
1.4765896e-09
1.4718725e-09
1.4723607e-09
1.4814379e-09
1.4873827e-09
1.4920132e-09
1.4765896e-09
1.475211e-09
1.5577803e-09
1.4739049e-09
1.498076e-09
1.5577803e-09
1.5554669e-09
1.5531764e-09
1.5508375e-09
1.6297149e-09
1.6297149e-09
1.6269544e-09
1.6956192e-09
1.6956192e-09
1.692079e-09
1.6887301e-09
1.704619e-09
1.704619e-09
1.7006616e-09
1.6186337e-09
1.6186337e-09
1.6130905e-09
1.6071597e-09
1.4597604e-09
1.4597604e-09
1.4570065e-09
1.4199397e-09
1.4199397e-09
1.4200288e-09
1.4203954e-09
1.4695023e-09
1.4695023e-09
1.4673658e-09
1.4649044e-09
1.4627407e-09
1.460934e-09
1.4593951e-09
1.4579596e-09
1.4564803e-09
1.4564803e-09
1.4071894e-09
1.4067325e-09
1.4063489e-09
1.4059858e-09
)
;
    }
    procBoundary8to2
    {
        type            processor;
        value           nonuniform List<scalar> 
41
(
1.5151511e-09
1.4981377e-09
1.5027345e-09
1.4996341e-09
1.4898111e-09
1.4865171e-09
1.5038713e-09
1.5038713e-09
1.5154618e-09
1.5154618e-09
1.5111447e-09
1.4990684e-09
1.6347402e-09
1.6103382e-09
1.6184728e-09
1.5340199e-09
1.5340199e-09
1.5414195e-09
1.5414195e-09
1.5424583e-09
1.5590753e-09
1.6012246e-09
1.6407593e-09
1.6407593e-09
1.5698613e-09
1.7798178e-09
1.8521245e-09
1.819119e-09
1.7261411e-09
1.7261411e-09
1.4880166e-09
1.5351964e-09
1.5165253e-09
1.5165253e-09
1.6826482e-09
1.6755734e-09
1.5896651e-09
1.5443135e-09
1.615388e-09
1.639079e-09
1.639079e-09
)
;
    }
    procBoundary8to16
    {
        type            processor;
        value           nonuniform List<scalar> 
49
(
1.4481747e-09
1.4481747e-09
1.4604302e-09
1.4604302e-09
1.4577162e-09
1.4192521e-09
1.4192521e-09
1.4111849e-09
1.4111849e-09
1.4570875e-09
1.4570875e-09
1.4776524e-09
1.4776524e-09
1.4774637e-09
1.4746413e-09
1.4746413e-09
1.4784609e-09
1.4722586e-09
1.4722586e-09
1.477266e-09
1.4833998e-09
1.4904607e-09
1.4683432e-09
1.4683432e-09
1.4769149e-09
1.4590798e-09
1.4590798e-09
1.4740113e-09
2.5212113e-09
1.7120082e-09
1.4931977e-09
1.5611793e-09
2.5212113e-09
6.5143081e-09
0.00041164677
0.00023907636
9.7686381e-05
1.2449708e-05
2.7503355e-07
6.5143081e-09
2.1119368e-08
0.00041164677
0.0014399247
0.0012487025
0.0010499773
0.0008461533
0.00042658933
0.00064030259
0.0014399247
)
;
    }
    procBoundary8to24
    {
        type            processor;
        value           nonuniform List<scalar> 
59
(
0.0011985954
0.0012211868
0.0012430651
0.001263481
0.0012851289
0.0013091261
0.0013342316
0.001360078
0.0013867301
0.0014117617
0.0014354488
0.0014611071
0.0014909065
0.0015640933
0.0015640933
0.001591579
0.001619191
0.0016829615
0.0016829615
0.0017142802
0.0017666217
0.0017666217
0.0017990268
0.001843578
0.001843578
0.0018771494
0.0018771494
0.0019123722
0.0019374153
0.0019374153
0.0019727051
0.0019865085
0.0019865085
0.0020252684
0.0020261831
0.0020261831
0.0020654737
0.0020578207
0.0020578207
0.0020985768
0.0020787086
0.0020787086
0.0021215747
0.0020860583
0.0020860583
0.0021282757
0.0021725665
0.0021211011
0.0021211011
0.0020519789
0.0020519789
0.0020968632
0.0020109382
0.0020109382
0.0020563151
0.0019534491
0.0019534491
0.0018347576
0.0016602026
)
;
    }
    procBoundary8to32
    {
        type            processor;
        value           nonuniform List<scalar> 
43
(
1.5166749e-09
1.5029089e-09
1.545169e-09
1.545169e-09
1.5410708e-09
1.539155e-09
1.5381608e-09
1.5375647e-09
1.5371004e-09
1.5371004e-09
1.4927655e-09
1.4924635e-09
1.5353425e-09
1.5353425e-09
1.5345412e-09
1.5577928e-09
1.5334698e-09
1.5555688e-09
1.5577928e-09
1.5559555e-09
1.4869779e-09
1.5535801e-09
1.5181558e-09
1.4869779e-09
1.4856987e-09
1.4858852e-09
1.4921438e-09
1.4978726e-09
1.4979019e-09
1.4855175e-09
1.4855175e-09
1.4814396e-09
1.4796242e-09
1.4786391e-09
1.4779884e-09
1.4774863e-09
1.4770476e-09
1.4766557e-09
1.4762949e-09
1.4759342e-09
1.4755267e-09
1.4755267e-09
1.4817539e-09
)
;
    }
    procBoundary8to40
    {
        type            processor;
        value           nonuniform List<scalar> 
93
(
1.7219599e-09
1.7330344e-09
1.7116543e-09
1.671285e-09
1.6514686e-09
1.6514686e-09
1.7527333e-09
1.7815379e-09
1.8073127e-09
1.8163416e-09
1.8163416e-09
2.3452751e-09
2.3383484e-09
2.3381406e-09
2.3690521e-09
2.4434846e-09
2.4677047e-09
2.4398892e-09
2.4398892e-09
3.7784273e-09
3.6518972e-09
3.4730416e-09
3.4730416e-09
4.8776477e-09
4.8258602e-09
4.8312384e-09
4.8312384e-09
5.1506313e-09
5.3250748e-09
5.3250748e-09
5.5755607e-09
5.9368861e-09
6.0582937e-09
6.0071985e-09
7.4993061e-09
5.8508193e-09
5.8508193e-09
7.3712264e-08
1.5753192e-08
1.5753192e-08
5.8271635e-07
5.9716699e-07
5.9716699e-07
0.00020933751
0.00012722141
5.7298397e-05
9.8549972e-06
9.8549972e-06
0.00030080906
0.00030614858
0.00031152242
0.00031493508
0.00031691616
0.00032001372
0.0003257899
0.00033170599
0.00070046895
0.00061537347
0.00052540785
0.00043102008
0.00033539372
0.00033539372
0.00078483017
0.00078483017
0.00086294626
0.00086294626
0.00093629162
0.00093629162
0.0010036078
0.0010036078
0.0010616161
0.0010616161
0.0011086609
0.0011086609
0.001146506
0.001146506
0.0011783938
0.0011783938
0.001205873
0.001205873
0.0012246489
0.0012246489
0.0012358898
0.0012358898
0.0012376907
0.0012376907
0.001231721
0.001231721
0.001221058
0.001221058
0.0012035331
0.0012035331
0.0011793141
)
;
    }
}


// ************************************************************************* //
