/*--------------------------------*- C++ -*----------------------------------*\
| =========                 |                                                 |
| \\      /  F ield         | OpenFOAM: The Open Source CFD Toolbox           |
|  \\    /   O peration     | Version:  2506                                  |
|   \\  /    A nd           | Website:  www.openfoam.com                      |
|    \\/     M anipulation  |                                                 |
\*---------------------------------------------------------------------------*/
FoamFile
{
    version     2.0;
    format      ascii;
    arch        "LSB;label=32;scalar=64";
    class       volVectorField;
    location    "2";
    object      U;
}
// * * * * * * * * * * * * * * * * * * * * * * * * * * * * * * * * * * * * * //

dimensions      [0 1 -1 0 0 0 0];

internalField   nonuniform List<vector> 
1375
(
(91.132485 0.01402935 0)
(90.994815 0.0081018077 0)
(90.832407 -0.0016837054 0)
(90.669231 -0.0051293798 0)
(90.505743 -8.2138362e-05 0)
(90.355002 0.0075910079 0)
(90.214656 0.016286592 1.0324539e-18)
(90.071949 0.016427689 -1.0844994e-18)
(89.907841 0.014179273 0)
(91.522654 0.020571337 0)
(91.44238 0.016221562 0)
(91.312578 0.0066896513 0)
(91.19862 0.0033196507 0)
(91.098774 0.0078280143 0)
(91.023655 0.01478483 0)
(90.963584 0.022414412 0)
(90.898813 0.024401806 0)
(90.810163 0.025167565 0)
(90.698857 0.023567599 0)
(92.166777 0.024537348 0)
(92.174867 0.020428732 0)
(92.105215 0.012959883 7.2815684e-19)
(92.067596 0.0083021725 -7.6270273e-19)
(92.049571 0.011546953 0)
(92.049347 0.015654982 -8.4118683e-19)
(92.07155 0.025153597 -9.5561959e-24)
(92.089022 0.027369325 1.8486138e-18)
(92.091164 0.02860162 -9.7122743e-19)
(92.084963 0.027603564 0)
(92.864015 0.026833383 -3.0574928e-19)
(92.915141 0.021784497 3.2204218e-19)
(92.91543 0.012963641 6.7921477e-19)
(92.92985 0.0070582704 -1.4234178e-18)
(92.955077 0.0093451511 1.493811e-18)
(93.001257 0.013422429 -7.8325883e-19)
(93.058417 0.019897272 0)
(93.111639 0.023304468 0)
(93.153199 0.026240043 0)
(93.187989 0.025118563 0)
(93.431523 0.026450715 -5.6758321e-19)
(93.502804 0.018062024 -2.9821263e-19)
(93.52519 0.012099025 6.2742189e-19)
(93.553891 0.0049882196 6.5883883e-19)
(93.586529 0.0062546762 -1.3834955e-18)
(93.631194 0.0079471193 7.2569358e-19)
(93.682164 0.014973688 0)
(93.728914 0.018785235 1.5973445e-18)
(93.764955 0.021875568 -1.6769489e-18)
(93.790856 0.021156724 0)
(93.815142 0.025109728 -5.2619301e-19)
(93.874744 0.015153882 -4.7424277e-24)
(93.895537 0.009683836 5.8119243e-19)
(93.916725 0.0025841919 0)
(93.93766 0.0032720911 -1.2822508e-18)
(93.965939 0.0042987536 -1.4012988e-23)
(93.999732 0.010911241 1.410378e-18)
(94.030986 0.015180975 0)
(94.052024 0.019153034 0)
(94.061 0.018870716 1.6196277e-18)
(94.041936 0.023647332 0)
(94.080943 0.012877109 0)
(94.093233 0.0084146483 0)
(94.103007 0.00066609506 0)
(94.111381 0.0018246925 -1.1893538e-18)
(94.125083 0.0018271714 1.2473519e-18)
(94.144629 0.008083352 -1.3069644e-18)
(94.163605 0.012949204 1.3678974e-18)
(94.174575 0.018068837 0)
(94.176835 0.019784469 -1.5084618e-18)
(94.164462 0.022486266 0)
(94.185547 0.011216147 0)
(94.190183 0.0066460861 0)
(94.191612 0.001131943 0)
(94.191581 0.0011826444 -1.0986393e-18)
(94.195491 0.00040829584 1.1579791e-18)
(94.205546 0.0063064979 0)
(94.216512 0.011430957 1.2660163e-18)
(94.222415 0.017469895 -1.3361158e-18)
(94.222311 0.020307748 -2.8217905e-18)
(94.224954 0.021607351 8.3836731e-19)
(94.233089 0.011095358 4.3864277e-19)
(94.233347 0.0079622505 -9.2429726e-19)
(94.229953 0.00022931601 0)
(94.224655 0.001179843 1.0139204e-18)
(94.224298 -0.00017403238 -1.0685078e-18)
(94.227463 0.0050286908 2.2498773e-18)
(94.23242 0.010987239 2.426107e-23)
(94.235383 0.016498801 -2.4762273e-18)
(94.233348 0.021039668 0)
(94.250895 0.021752714 3.8880295e-19)
(94.251947 0.010915636 -8.1730283e-19)
(94.248503 0.0074758238 -6.3818251e-24)
(94.242139 0.0013575052 9.0124319e-19)
(94.234877 0.0020360737 0)
(94.232335 -0.00016136821 0)
(94.231524 0.0049241806 0)
(94.231338 0.0095895252 0)
(94.231683 0.015369436 2.2946436e-18)
(94.227344 0.025468806 -2.4231274e-18)
(94.258958 0.021904751 3.6222491e-19)
(94.254203 0.01150226 7.6088365e-19)
(94.249069 0.0080284189 -7.9844911e-19)
(94.241753 0.001978004 0)
(94.234928 0.0026159495 -1.7564627e-18)
(94.231491 -8.0767997e-05 1.8465461e-18)
(94.227584 0.0049513989 0)
(94.222841 0.010263841 0)
(94.219337 0.017196138 0)
(94.214854 0.023578088 0)
(94.257346 0.021937059 0)
(94.249407 0.012876307 0)
(94.243091 0.0087267655 0)
(94.235709 0.0026751187 0)
(94.229754 0.003590256 1.6318924e-18)
(94.226437 0.00053217977 -3.4318196e-18)
(94.22064 0.0057967837 1.7977854e-18)
(94.212125 0.010765731 -1.8841917e-18)
(94.20588 0.017323716 3.9624393e-18)
(94.200811 0.025938563 3.1694052e-23)
(94.191277 0.033204192 -2.1854705e-18)
(94.251897 0.022676252 0)
(94.242235 0.014317015 -6.5519644e-19)
(94.235148 0.0095422648 6.8755179e-19)
(94.227793 0.0037175851 1.4413881e-18)
(94.222567 0.0042648194 -1.5156741e-18)
(94.219731 0.0012571607 1.5941817e-18)
(94.213225 0.0069491563 -1.6694963e-18)
(94.202122 0.012048006 -3.4969866e-18)
(94.193643 0.018397336 3.6734328e-18)
(94.18782 0.026640297 0)
(94.180317 0.036030415 0)
(94.245827 0.023444842 0)
(94.235525 0.016032108 -1.2170036e-18)
(94.227925 0.010385745 1.276846e-18)
(94.220517 0.0046515273 0)
(94.215614 0.0049679706 0)
(94.213009 0.0020256283 0)
(94.206462 0.0083604091 0)
(94.194137 0.013776145 0)
(94.184053 0.019867544 0)
(94.177277 0.027684956 0)
(94.170558 0.03799041 -3.7656603e-18)
(94.241084 0.024452359 -5.3897199e-19)
(94.231008 0.017902364 0)
(94.223169 0.011369071 0)
(94.215665 0.0056786341 0)
(94.210618 0.0056803939 0)
(94.207705 0.0028801917 0)
(94.201264 0.0099113685 0)
(94.189107 0.015814828 0)
(94.178142 0.021679796 0)
(94.170037 0.028984173 0)
(94.162726 0.03970779 0)
(94.23886 0.025447154 -5.0093432e-19)
(94.229643 0.019881591 -1.0508907e-18)
(94.221905 0.01243787 1.1023661e-18)
(94.214429 0.0068630325 -2.3116076e-18)
(94.208893 0.0064794181 -1.0338859e-23)
(94.205189 0.0038875997 -2.0847738e-23)
(94.198857 0.0114915 2.675992e-18)
(94.188015 0.018005735 0)
(94.176875 0.023926779 0)
(94.166962 0.030810716 -3.0862244e-18)
(94.15785 0.041756666 -5.5013805e-23)
(94.239966 0.026851608 -4.6571879e-19)
(94.231702 0.021595518 -9.7691854e-19)
(94.224413 0.013718927 3.0745403e-18)
(94.217268 0.0081563431 -2.1493438e-18)
(94.211187 0.007451912 0)
(94.206523 0.0050859613 -2.3703002e-18)
(94.200382 0.013006014 2.486128e-18)
(94.191488 0.020126897 0)
(94.180947 0.026529625 0)
(94.169254 0.033275652 5.7309041e-18)
(94.157974 0.044126192 -6.0119382e-18)
(94.244341 0.027084636 0)
(94.23688 0.023794685 0)
(94.230153 0.014777763 0)
(94.223683 0.0097671172 0)
(94.217392 0.0084960674 0)
(94.211962 0.0065105095 0)
(94.206007 0.014375018 0)
(94.198938 0.022071015 0)
(94.189748 0.029417325 5.0812534e-18)
(94.177399 0.036714934 -5.3231618e-18)
(94.164941 0.047329749 0)
(94.251563 0.02871255 3.1803007e-24)
(94.244326 0.025276032 8.4460119e-19)
(94.237918 0.016233713 -1.7723474e-18)
(94.232274 0.011173859 1.8594252e-18)
(94.226319 0.0097618606 -3.9003887e-18)
(94.220419 0.0079413717 6.136036e-18)
(94.214312 0.015781314 -4.2917347e-18)
(94.208358 0.023557854 -4.5054362e-18)
(94.201105 0.032027371 4.7243006e-18)
(94.190165 0.040207407 0)
(94.177971 0.050677186 5.1881538e-18)
(94.260305 0.029558225 0)
(94.252695 0.027180222 1.5710124e-18)
(94.246135 0.017501263 -1.6482244e-18)
(94.241217 0.012742958 3.4601042e-18)
(94.236005 0.010955454 -3.6289407e-18)
(94.229869 0.0097805647 0)
(94.223231 0.017182828 0)
(94.217589 0.024911982 0)
(94.211904 0.034033697 0)
(94.203347 0.043687416 0)
(94.192335 0.055461496 4.8242231e-18)
(94.268516 0.030378222 0)
(94.260406 0.029491607 0)
(94.253407 0.018735469 0)
(94.249005 0.014222167 0)
(94.244631 0.012379248 3.3777129e-18)
(94.238461 0.01172971 -3.5380048e-18)
(94.231294 0.01898121 3.7074706e-18)
(94.225389 0.02610782 -7.7812891e-18)
(94.220182 0.035323953 4.0828277e-18)
(94.213663 0.046577218 0)
(94.205172 0.059849218 -8.978304e-18)
(94.274693 0.031244868 -1.3003101e-18)
(94.266514 0.03219991 0)
(94.259187 0.019823803 0)
(94.255203 0.016191314 0)
(94.25133 0.013085304 0)
(94.245017 0.014379351 3.2921535e-18)
(94.237741 0.020644553 -3.4494564e-18)
(94.231721 0.027559138 0)
(94.226322 0.036672831 7.5909834e-18)
(94.219959 0.048878127 -7.9609754e-18)
(94.212894 0.063945903 0)
(94.278777 0.032819846 0)
(94.271357 0.033510944 0)
(94.263811 0.022107496 0)
(94.259771 0.017023261 -2.7919331e-18)
(94.255402 0.014517965 5.8523179e-18)
(94.248433 0.016758533 -3.0627584e-18)
(94.241834 0.023149524 -6.4215603e-18)
(94.236827 0.029664298 6.7415256e-18)
(94.23171 0.037943946 0)
(94.223616 0.051794324 -7.394008e-18)
(94.215369 0.067422399 7.758179e-18)
(94.281166 0.034743141 0)
(94.275703 0.033922602 -2.3644593e-18)
(94.268005 0.025008798 2.4776836e-18)
(94.263041 0.019005123 0)
(94.257108 0.016397111 -5.4455397e-18)
(94.249156 0.019642754 5.6966254e-18)
(94.243843 0.024874319 -5.9755801e-18)
(94.24094 0.03090296 -4.9733402e-23)
(94.23781 0.039185771 -8.134927e-23)
(94.228059 0.054659947 -9.1814578e-23)
(94.215852 0.07230986 7.1784798e-18)
(94.282379 0.036269404 1.0547598e-18)
(94.279915 0.035117317 0)
(94.272027 0.026992829 0)
(94.265521 0.022685334 -4.8445843e-18)
(94.258629 0.01706768 -1.87421e-23)
(94.251346 0.022760231 1.0619181e-17)
(94.246852 0.026682587 4.060016e-23)
(94.243594 0.031616317 4.0323556e-23)
(94.239667 0.04184238 -6.1324084e-18)
(94.230705 0.056994723 0)
(94.219286 0.077396304 0)
(94.283552 0.037393949 0)
(94.282966 0.034242537 0)
(94.274853 0.029100264 -4.3078066e-18)
(94.267777 0.026980694 4.5153123e-18)
(94.262284 0.020647836 0)
(94.25636 0.023434164 4.9579093e-18)
(94.251007 0.028882318 -5.1944006e-18)
(94.24503 0.034896817 0)
(94.239383 0.045744333 0)
(94.235131 0.062334862 0)
(94.22805 0.076011139 0)
(94.224717 0.081644238 1.2944939e-17)
(94.28452 0.038775001 0)
(94.284314 0.03510342 -3.8532991e-18)
(94.27785 0.033299218 4.0208409e-18)
(94.271279 0.030613581 4.2141985e-18)
(94.266745 0.021624347 -8.8385704e-18)
(94.260631 0.025360035 4.6249996e-18)
(94.253281 0.033321751 0)
(94.246711 0.035420793 0)
(94.242907 0.046538947 -1.0590479e-17)
(94.242148 0.054539013 1.1168583e-17)
(94.241278 0.085360678 0)
(94.235342 0.084353453 -1.2160769e-17)
(94.286055 0.040905437 -1.7130834e-18)
(94.284453 0.033325384 1.797502e-18)
(94.279116 0.034804282 0)
(94.273577 0.033942821 -3.9338376e-18)
(94.270487 0.027507735 4.1275005e-18)
(94.266092 0.026336197 8.6376942e-18)
(94.259772 0.036685741 -9.033903e-18)
(94.253706 0.040159179 9.4520144e-18)
(94.248548 0.048710261 -9.8530786e-18)
(94.24484 0.061333516 1.0352659e-17)
(94.244697 0.071042783 -1.0941141e-17)
(94.24402 0.086097226 -1.137541e-17)
(94.286629 0.044307293 0)
(94.28361 0.036851268 0)
(94.279903 0.037301792 0)
(94.275801 0.038209112 0)
(94.273378 0.026001732 0)
(94.270122 0.030924574 0)
(94.265363 0.039080266 0)
(94.260985 0.041522666 0)
(94.258602 0.048764066 0)
(94.255109 0.065989968 0)
(94.249923 0.076347724 -1.0036259e-17)
(94.248731 0.081970923 2.1185335e-17)
(94.289026 0.047862242 -2.9958093e-18)
(94.285535 0.037239961 3.1397846e-18)
(94.282638 0.035689806 -6.569544e-18)
(94.278573 0.039221546 6.8660361e-18)
(94.276117 0.03144306 7.2023334e-18)
(94.274482 0.032365849 -7.5477671e-18)
(94.271485 0.038909209 0)
(94.267846 0.043964932 8.2194697e-18)
(94.265809 0.04606424 -8.6395217e-18)
(94.265142 0.056710426 0)
(94.261473 0.086291378 1.8880749e-17)
(94.255273 0.083969927 -1.9690523e-17)
(94.290207 0.046761648 0)
(94.286273 0.040478271 0)
(94.28509 0.042006679 6.1599782e-18)
(94.283452 0.039068266 -6.4367054e-18)
(94.281355 0.034211126 0)
(94.279912 0.029670337 0)
(94.278496 0.045148776 0)
(94.27478 0.046419024 0)
(94.270453 0.053739434 0)
(94.268247 0.05782978 0)
(94.267447 0.071644739 0)
(94.263524 0.099043249 0)
(94.292298 0.053424357 2.6210778e-18)
(94.289683 0.039542672 0)
(94.288675 0.040356022 0)
(94.289005 0.040764891 0)
(94.287075 0.036754222 0)
(94.284359 0.037115548 1.3190812e-17)
(94.2823 0.041373427 -2.7587812e-17)
(94.280254 0.046417661 1.4437162e-17)
(94.278645 0.051922881 1.509571e-17)
(94.276205 0.064328081 -1.5678374e-17)
(94.274308 0.072007824 0)
(94.274809 0.089143174 0)
(94.275341 0.091239275 0)
(94.295455 0.041496752 4.9465339e-18)
(94.295308 0.041230331 9.2106628e-24)
(94.292311 0.04222099 -5.4017657e-18)
(94.291757 0.041180647 0)
(94.290904 0.039063727 1.1847956e-17)
(94.28918 0.039511468 -1.2362234e-17)
(94.287594 0.046131767 1.2899533e-17)
(94.28633 0.050055944 8.6327798e-23)
(94.285787 0.051516025 5.0842096e-23)
(94.286673 0.058270307 -1.4729385e-17)
(94.287361 0.072756209 1.5341226e-17)
(94.287734 0.087520906 -1.5953015e-17)
(94.287805 0.089320228 0)
(94.295507 0.045786897 4.6339137e-18)
(94.296411 0.041635134 -4.8513472e-18)
(94.295928 0.041805978 0)
(94.295069 0.043354804 -1.0635637e-17)
(94.293904 0.042156021 1.1078764e-17)
(94.292788 0.04266287 0)
(94.292481 0.045101791 0)
(94.29185 0.050453326 1.265878e-17)
(94.291024 0.050695901 -1.314289e-17)
(94.290584 0.051658868 1.3773137e-17)
(94.29338 0.067323542 -1.4412425e-17)
(94.299185 0.083882904 1.4925115e-17)
(94.300473 0.090061891 -1.5656113e-17)
(94.296881 0.040297717 0)
(94.298539 0.041420597 -4.5701499e-18)
(94.298306 0.042268736 4.7881688e-18)
(94.29767 0.043179523 9.9395543e-18)
(94.297381 0.043989 -1.0414818e-17)
(94.297805 0.046289493 1.0928179e-17)
(94.298816 0.049864483 -1.1362601e-17)
(94.299808 0.054025467 0)
(94.300148 0.054375891 0)
(94.298898 0.052689235 2.5700156e-17)
(94.298526 0.05496263 -2.6844175e-17)
(94.303353 0.07097126 0)
(94.305745 0.082160374 0)
(94.305284 0.10140058 0)
(94.299954 0.039449389 -1.9151135e-23)
(94.300309 0.041142255 4.3104113e-18)
(94.30162 0.042377205 0)
(94.301461 0.042707996 9.3740667e-18)
(94.301341 0.042224403 -9.8006754e-18)
(94.302251 0.043012637 -1.0291756e-17)
(94.3042 0.045003359 1.0706727e-17)
(94.307508 0.050822639 -2.2198537e-17)
(94.309208 0.052701465 4.6458125e-17)
(94.308375 0.055418399 -4.8459385e-17)
(94.306959 0.058064476 2.5226885e-17)
(94.307637 0.065843602 2.643365e-17)
(94.30825 0.069059802 -2.7703523e-17)
(94.308643 0.091189807 0)
(94.305617 0.048916389 -3.8881525e-18)
(94.305317 0.042798022 1.2154311e-17)
(94.306618 0.043039256 -8.4541316e-18)
(94.306897 0.043683535 0)
(94.305908 0.042685477 0)
(94.305297 0.043439555 -1.9325193e-17)
(94.305483 0.044675807 4.0549163e-17)
(94.308647 0.050622411 -2.1021809e-17)
(94.312735 0.053857842 0)
(94.315125 0.055640743 2.2658939e-17)
(94.315733 0.057912703 -2.3786774e-17)
(94.315187 0.063284846 0)
(94.312619 0.070611969 0)
(94.312511 0.077481652 -2.66901e-17)
(94.308373 0.041845031 0)
(94.308675 0.042900201 0)
(94.309404 0.043449011 0)
(94.312713 0.042438823 1.6761348e-17)
(94.315902 0.043642667 6.5465478e-23)
(94.317183 0.038816449 -1.4164306e-23)
(94.317239 0.035564677 -3.8239974e-17)
(94.318162 0.040233797 1.976538e-17)
(94.319348 0.043121295 0)
(94.319536 0.047675877 0)
(94.318416 0.056446417 0)
(94.317833 0.061991523 2.3429323e-17)
(94.317068 0.071193606 -4.8594321e-17)
(94.315276 0.075138012 2.5050405e-17)
(94.314699 0.080567018 0)
(94.313915 0.046140518 7.0067686e-18)
(94.314851 0.044670056 1.7301766e-23)
(94.315583 0.042457035 7.6547637e-18)
(94.317829 0.040067933 -1.590269e-17)
(94.320659 0.039401882 0)
(94.322531 0.040962021 1.7135889e-17)
(94.323167 0.042905536 -1.7943687e-17)
(94.322979 0.043773548 0)
(94.322267 0.046818493 0)
(94.321163 0.050243048 0)
(94.321172 0.053502812 0)
(94.323469 0.061454451 0)
(94.323932 0.064681081 0)
(94.323232 0.080541123 4.7261723e-17)
(94.322416 0.084773938 -9.8179554e-17)
(94.318381 0.040396224 -6.680661e-18)
(94.319259 0.040856714 6.9617469e-18)
(94.319926 0.039135821 0)
(94.320557 0.038384434 0)
(94.321252 0.034968497 -1.5786277e-17)
(94.324048 0.031450545 3.272736e-17)
(94.328107 0.031552801 -1.694757e-17)
(94.330712 0.034749284 0)
(94.331181 0.036870478 0)
(94.329343 0.039679675 0)
(94.327862 0.041295057 0)
(94.327447 0.045733886 -4.1451161e-17)
(94.326685 0.053385932 2.2168753e-22)
(94.32624 0.059325931 4.4520688e-17)
(94.327082 0.077959197 0)
(94.328517 0.084866334 0)
(94.324163 0.050384013 0)
(94.326582 0.049131018 1.330047e-17)
(94.328916 0.04487072 -2.765288e-17)
(94.331943 0.037382541 -9.7502156e-24)
(94.334046 0.036507806 1.3613174e-23)
(94.334494 0.032661138 4.6558387e-17)
(94.334538 0.032329093 -3.2227488e-17)
(94.33466 0.034968783 0)
(94.33426 0.043432633 -3.4687023e-17)
(94.33394 0.048585965 3.5828376e-17)
(94.334111 0.056617363 3.7609949e-17)
(94.333909 0.049109582 -3.9348032e-17)
(94.332576 0.058156761 -4.0433509e-17)
(94.330967 0.060474989 4.1633017e-17)
(94.330808 0.065407568 0)
(94.3322 0.078960005 0)
(94.332595 0.077419321 -4.7529405e-17)
(94.329364 0.037427534 -6.1209638e-18)
(94.330491 0.03410169 0)
(94.331393 0.032198914 1.3219567e-17)
(94.332322 0.029836761 -1.3670767e-17)
(94.333084 0.028728977 -2.8258411e-17)
(94.333115 0.027371959 2.9425955e-17)
(94.332546 0.025309751 0)
(94.332278 0.024379743 3.1827326e-17)
(94.333759 0.021778867 -3.3157397e-17)
(94.336767 0.03029215 0)
(94.338118 0.035453561 0)
(94.338406 0.038595255 0)
(94.337595 0.046223876 0)
(94.335461 0.056363723 3.9782496e-17)
(94.333148 0.063744498 -4.1003012e-17)
(94.331567 0.06085398 -4.2210782e-17)
(94.331294 0.061271622 8.790439e-17)
(94.3325 0.051682265 0)
(94.335332 0.049893627 0)
(94.337244 0.046452061 0)
(94.338306 0.042135685 0)
(94.339055 0.035391797 2.7169928e-17)
(94.339431 0.033526146 -6.5663993e-23)
(94.339487 0.033169447 -2.9319218e-17)
(94.338919 0.029887285 3.0554405e-17)
(94.336618 0.032628333 -3.1443033e-17)
(94.334932 0.036493995 0)
(94.334464 0.041033512 0)
(94.334235 0.044941329 3.5025434e-17)
(94.334397 0.060142869 -3.6349048e-17)
(94.335101 0.062892169 -7.5447297e-17)
(94.33523 0.071994608 7.8585125e-17)
(94.338141 0.089412972 -8.0414878e-17)
(94.341415 0.078776987 -1.7123283e-22)
(94.342415 0.056940988 8.6963989e-17)
(94.338705 0.028144392 1.1380778e-17)
(94.341026 0.020848077 -1.1747515e-17)
(94.34209 0.021910108 0)
(94.342294 0.021987498 0)
(94.342055 0.022356143 0)
(94.341603 0.024270615 0)
(94.341052 0.023749713 0)
(94.339865 0.023640109 0)
(94.337576 0.027172782 0)
(94.335287 0.026223201 0)
(94.334159 0.026311511 0)
(94.333941 0.026483568 6.6645813e-17)
(94.334152 0.027719942 -6.9753501e-17)
(94.335233 0.031610474 -7.1771974e-17)
(94.339743 0.038041007 7.3664895e-17)
(94.344281 0.040244115 0)
(94.346767 0.044070009 7.8757583e-17)
(94.348739 0.048521545 -8.1023375e-17)
(94.350709 0.046815977 -8.2905154e-17)
(94.344098 0.046525501 0)
(94.344651 0.044447163 0)
(94.34464 0.042007036 0)
(94.344651 0.039510367 0)
(94.345265 0.034556601 0)
(94.346338 0.03512906 0)
(94.347256 0.038891236 -5.3902498e-17)
(94.347898 0.040465922 5.5387476e-17)
(94.348002 0.042207778 0)
(94.34755 0.048803179 0)
(94.347085 0.048163444 0)
(94.346427 0.047449216 -6.376953e-17)
(94.345274 0.047876653 6.5335497e-17)
(94.344488 0.047138297 0)
(94.344358 0.047440414 0)
(94.345343 0.050553439 7.212532e-17)
(94.346882 0.052245035 -7.4407303e-17)
(94.347433 0.054101227 0)
(94.34841 0.065636771 0)
(94.351726 0.062123916 8.1379772e-17)
(94.343891 0.012954838 1.2884834e-23)
(94.345591 0.013941617 3.3483739e-17)
(94.346771 0.015341604 -2.2928647e-17)
(94.347196 0.015484379 -2.3758251e-17)
(94.346743 0.013986411 4.9093837e-17)
(94.346008 0.01289135 -2.5140512e-17)
(94.345915 0.012619599 0)
(94.345907 0.013576013 0)
(94.345344 0.018608743 0)
(94.344796 0.022366814 5.6878787e-17)
(94.344628 0.025163515 -1.1678141e-16)
(94.344616 0.026502449 1.2162665e-16)
(94.344742 0.031378789 -6.3343963e-17)
(94.345297 0.030393086 -6.5113553e-17)
(94.34657 0.027984631 2.1102589e-23)
(94.349266 0.023780726 1.3693004e-16)
(94.351581 0.022176605 -7.0620254e-17)
(94.353167 0.018329049 0)
(94.355375 0.023340597 7.4788916e-17)
(94.358112 0.026243298 -1.5343922e-16)
(94.360146 0.02450822 -8.5625229e-23)
(94.361508 0.028584996 1.6246249e-16)
(94.341331 0.037511951 1.0751675e-17)
(94.341847 0.035383196 0)
(94.342692 0.03613215 2.2668298e-17)
(94.343407 0.037763051 2.3381242e-17)
(94.343839 0.039553767 -4.826404e-17)
(94.344551 0.040326947 -4.9444582e-17)
(94.345565 0.039540593 5.0454221e-17)
(94.345959 0.039125184 0)
(94.345925 0.040575377 0)
(94.346969 0.048137597 5.5419787e-17)
(94.349075 0.044852738 -2.3289635e-23)
(94.349977 0.043253063 -5.8620653e-17)
(94.350359 0.041931187 0)
(94.351397 0.040125366 0)
(94.352028 0.041308621 0)
(94.351681 0.040045502 0)
(94.350773 0.038703015 0)
(94.350614 0.038377259 0)
(94.350886 0.038108717 0)
(94.352126 0.037856573 0)
(94.352956 0.038537034 0)
(94.353108 0.040315147 1.5468149e-16)
(94.353376 0.0486495 -3.1565508e-16)
(94.347411 0.0047972792 0)
(94.348631 0.0038751066 0)
(94.348634 0.0032964894 0)
(94.347965 0.0017341039 -4.6052653e-17)
(94.347436 0.0011794465 4.739006e-17)
(94.347159 0.00082190704 0)
(94.346622 0.00055728589 4.9773054e-17)
(94.34572 0.0012226888 -5.0569017e-17)
(94.34547 0.00208296 0)
(94.347295 0.006432922 5.3550693e-17)
(94.34862 0.0079384396 -1.6592004e-16)
(94.349109 0.018163512 1.1385817e-16)
(94.353014 0.030261921 0)
(94.356921 0.02321453 0)
(94.35793 0.022014974 0)
(94.35874 0.03295999 1.2538432e-16)
(94.362775 0.030046595 -1.2750047e-16)
(94.36574 0.013380172 0)
(94.367932 0.017078486 0)
(94.370848 0.00854825 0)
(94.37362 0.0059997137 1.3966917e-16)
(94.375421 0.0048591587 1.340071e-22)
(94.375949 0.0056006333 -1.4679743e-16)
(94.375322 0.0070031656 1.5197378e-16)
(94.373343 0.0080044711 -1.5446427e-16)
(94.397911 0.026076137 -2.1736362e-17)
(94.397302 0.034382949 0)
(94.396002 0.044981912 -4.5066673e-17)
(94.394781 0.047858629 4.6075877e-17)
(94.393739 0.050926947 0)
(94.392724 0.050717213 -4.804564e-17)
(94.391704 0.04890201 9.7432726e-17)
(94.391238 0.048642344 -5.0181374e-17)
(94.39171 0.042456422 0)
(94.393925 0.027836006 1.051249e-16)
(94.396061 0.016988951 -1.0744738e-16)
(94.398338 0.01019415 -1.0937045e-16)
(94.40064 0.011719686 1.1110852e-16)
(94.401586 0.013742452 -1.1461577e-16)
(94.401811 0.018800473 2.3561628e-16)
(94.40301 0.028543576 -1.5073566e-22)
(94.404216 0.029404865 -1.2216831e-16)
(94.40462 0.029745436 0)
(94.405878 0.030892429 1.2701501e-16)
(94.407752 0.026563242 -2.5624734e-16)
(94.408248 0.025366036 2.8384765e-23)
(94.406411 0.030788849 1.3658997e-16)
(94.400864 0.05314086 1.383167e-16)
(94.395725 0.072006629 1.018885e-22)
(94.392824 0.08289372 -1.4253672e-16)
(94.391908 0.086933135 0)
(94.391845 0.087772196 1.4998361e-16)
(91.273819 0.012842932 0)
(91.662677 0.019017176 -1.1293649e-17)
(92.294057 0.022808014 -3.2962198e-19)
(92.960446 0.023224892 9.8528419e-18)
(93.493071 0.021550579 6.5572624e-25)
(93.849864 0.019137788 -1.7172904e-17)
(94.060895 0.016985656 1.6282276e-17)
(94.175649 0.015540049 0)
(94.233167 0.014884484 -4.3686733e-19)
(94.258229 0.01531021 -4.0777603e-19)
(94.265942 0.015581667 -1.9090262e-19)
(94.26519 0.016868676 1.7861769e-19)
(94.25986 0.017975611 0)
(94.253884 0.01937652 1.9946197e-17)
(94.2493 0.020474706 -1.8045352e-17)
(94.24734 0.021432686 5.619325e-19)
(94.248351 0.022489389 3.3129577e-17)
(94.253145 0.02471165 -3.0509948e-17)
(94.260496 0.025282369 1.0030007e-18)
(94.268618 0.026541274 2.6896984e-17)
(94.275577 0.027928168 -2.5166248e-17)
(94.280301 0.029324884 1.8253788e-18)
(94.282861 0.030961964 2.1863301e-17)
(94.283808 0.032395954 -2.0482474e-17)
(94.284084 0.034670566 -1.198419e-18)
(94.285193 0.036095255 0)
(94.287298 0.038177653 -5.2426066e-19)
(94.291135 0.038393328 1.4779578e-17)
(94.293289 0.036041315 -1.4813816e-17)
(94.29447 0.040829329 0)
(94.294587 0.037035768 0)
(94.291733 0.035640655 -3.0470806e-18)
(94.292741 0.038891353 1.4345135e-18)
(94.294351 0.036494358 1.0849715e-17)
(94.296784 0.038144849 -1.028004e-17)
(94.302329 0.045756785 -4.8256159e-18)
(94.306902 0.037699486 -9.1123989e-18)
(94.307546 0.041077905 2.1567914e-18)
(94.311937 0.043585447 8.2036801e-18)
(94.317542 0.038925357 0)
(94.323223 0.048436284 0)
(94.328483 0.039979209 7.0697232e-18)
(94.332437 0.049261186 0)
(94.336905 0.033285329 -6.4990665e-18)
(94.342151 0.046435282 -1.5489038e-18)
(94.341821 0.013239461 -1.0508741e-17)
(94.341099 0.039291715 -2.340411e-17)
(94.345261 0.0075527233 -3.5332277e-19)
(94.397998 0.02663452 3.3850836e-17)
(91.397593 0.0070759352 0)
(91.788271 0.012585474 0)
(92.413897 0.015661702 3.1125061e-19)
(93.054438 0.015624648 0)
(93.557227 0.013822083 2.7365539e-19)
(93.889268 0.011445329 1.0256364e-18)
(94.084598 0.0094617095 3.146421e-17)
(94.190712 0.0082205614 -2.7895554e-17)
(94.243857 0.007660772 0)
(94.266817 0.0079038827 7.8964478e-19)
(94.273317 0.0079062662 2.3531523e-17)
(94.27233 0.0087534628 -2.2418601e-17)
(94.266794 0.0097636823 2.0806437e-17)
(94.260739 0.011229341 -1.9463696e-17)
(94.256141 0.012965717 -1.876968e-17)
(94.254281 0.014031846 5.1183936e-17)
(94.255023 0.015938302 -3.1969596e-17)
(94.259992 0.017419215 0)
(94.267054 0.018938933 2.8373227e-17)
(94.274507 0.020837509 -2.6055094e-17)
(94.2808 0.022090305 5.7628563e-19)
(94.285099 0.023950427 2.2302898e-17)
(94.287434 0.02537827 -4.3117036e-17)
(94.288307 0.02668218 2.0529005e-17)
(94.288585 0.028373196 2.9618162e-19)
(94.289698 0.029693355 0)
(94.292004 0.028221881 1.7492846e-17)
(94.295347 0.025194076 -3.009302e-17)
(94.29634 0.026283681 1.478555e-17)
(94.295976 0.025294175 0)
(94.295415 0.025573127 0)
(94.29213 0.030139843 1.2316821e-17)
(94.292887 0.033426096 -1.2489022e-17)
(94.295834 0.03347277 1.0770782e-17)
(94.300182 0.039228967 -1.0172364e-17)
(94.305016 0.032423877 0)
(94.306513 0.034927376 -1.13238e-18)
(94.306466 0.03522604 -2.1452575e-18)
(94.310622 0.038153035 0)
(94.31762 0.039654223 -3.8454711e-18)
(94.323288 0.04673666 3.6549491e-18)
(94.327373 0.037678137 0)
(94.33265 0.049069404 -3.3254376e-18)
(94.336389 0.029760898 3.2245954e-18)
(94.33921 0.045788599 -1.5461884e-18)
(94.339819 0.014950971 2.9897634e-18)
(94.341003 0.039380364 1.0110884e-17)
(94.342934 0.010559434 5.6228085e-18)
(94.397642 0.025227859 -1.1012162e-17)
(91.50714 0.0046180244 0)
(91.901123 0.0098954507 1.2506937e-18)
(92.521514 0.012655832 -1.0606134e-17)
(93.139862 0.012443361 8.8758821e-18)
(93.616169 0.01052724 0)
(93.926306 0.008207221 1.4722021e-17)
(94.107181 0.0062379101 -1.5682828e-17)
(94.20457 0.0046166175 -8.6707101e-19)
(94.25232 0.0038835182 0)
(94.271231 0.0027682048 -7.6145597e-19)
(94.276099 0.0029656306 -2.1485497e-17)
(94.274784 0.0030105124 2.0190529e-17)
(94.270034 0.0032203209 -2.0186704e-17)
(94.26553 0.0033944117 -1.7449596e-23)
(94.262728 0.0040041683 1.8399574e-17)
(94.26176 0.0045645842 3.3484459e-17)
(94.263037 0.0063673964 -3.1413807e-17)
(94.267739 0.0065035777 0)
(94.274536 0.0075978801 -4.3135919e-19)
(94.281723 0.0082174734 -4.044495e-19)
(94.287808 0.0091237008 -3.7923606e-19)
(94.291859 0.0088952851 -2.2398377e-17)
(94.29384 0.010736538 2.1323434e-17)
(94.294307 0.012462985 -3.1264523e-19)
(94.293786 0.012978175 -2.9332402e-19)
(94.293314 0.014764744 -1.7644372e-17)
(94.293402 0.01456259 3.2921172e-17)
(94.294762 0.015645137 -1.2051485e-19)
(94.296388 0.015704609 -1.5518094e-17)
(94.297422 0.02148678 -1.2834995e-17)
(94.298349 0.021548816 1.2845209e-17)
(94.296584 0.025492985 -1.8901417e-19)
(94.2968 0.028931472 -3.5612235e-19)
(94.30064 0.032583873 1.0762616e-17)
(94.304135 0.026278257 -9.5715116e-18)
(94.304588 0.026705758 9.5190794e-18)
(94.3058 0.030872044 -7.3336101e-18)
(94.306932 0.032240948 0)
(94.312023 0.039559116 0)
(94.319539 0.041440926 3.8543948e-18)
(94.322303 0.047492883 -3.8791313e-18)
(94.326454 0.033674097 1.1000939e-19)
(94.332338 0.048280727 3.3185213e-18)
(94.335514 0.027456756 3.1906745e-18)
(94.336873 0.043304052 0)
(94.338716 0.017377118 0)
(94.340735 0.040065321 0)
(94.3406 0.012266576 -5.2281212e-18)
(94.396891 0.017725637 -1.7058253e-18)
(91.607465 0.0037374435 0)
(92.005196 0.0090447636 -3.5478609e-18)
(92.618633 0.01172127 -1.1182868e-18)
(93.215217 0.011427718 -2.1129048e-18)
(93.666286 0.0093244095 1.5955525e-17)
(93.956197 0.0067602951 -1.3170132e-17)
(94.123588 0.0046974876 2.8388993e-17)
(94.212148 0.003801108 -2.6781783e-17)
(94.253782 0.0008508951 -2.5109298e-17)
(94.270834 0.0011969673 -1.4363568e-23)
(94.275389 0.00069230736 2.0775798e-17)
(94.273908 0.0002184024 1.3042932e-18)
(94.269302 -1.2894752e-06 -1.9605353e-17)
(94.265241 0.00010292006 1.6102283e-17)
(94.263368 -0.00029026445 -1.9590799e-17)
(94.263664 -0.0010149214 4.7064416e-17)
(94.266881 -0.0018592359 -6.1413945e-17)
(94.271892 -0.00094605162 5.6210824e-17)
(94.278461 -0.0014826614 1.327922e-23)
(94.28526 -0.0017115132 -5.1174496e-17)
(94.290846 -0.0027171832 -2.2609833e-23)
(94.294742 -0.0019286486 4.3406326e-17)
(94.297274 -0.0015838351 -2.6452016e-18)
(94.298455 -0.0010525153 -3.9714896e-17)
(94.298232 0.0014440792 1.8625672e-17)
(94.296606 0.0030943408 -2.1798839e-18)
(94.29555 0.0055824653 0)
(94.296019 0.009253294 1.9178095e-18)
(94.29861 0.010478315 9.0266256e-19)
(94.302323 0.010960202 -1.4479704e-17)
(94.305114 0.010137748 1.2831006e-17)
(94.303628 0.0093374684 0)
(94.302179 0.015862302 0)
(94.303931 0.014484427 0)
(94.304216 0.017775852 -1.0758586e-17)
(94.305051 0.021152788 7.1129313e-18)
(94.307195 0.027000028 -2.8038533e-18)
(94.309786 0.029270048 -2.1279327e-18)
(94.315956 0.038079812 -2.024228e-18)
(94.320311 0.028625438 0)
(94.320495 0.039769577 -1.5898881e-18)
(94.326425 0.032333951 -1.0882405e-19)
(94.33159 0.044669467 -3.3160541e-18)
(94.333449 0.024540599 3.1777362e-18)
(94.33574 0.040747164 -4.6024066e-18)
(94.338111 0.018337009 4.428053e-18)
(94.339878 0.039413745 0)
(94.337809 0.012962143 0)
(94.395615 0.020641424 1.3526576e-18)
(91.702506 -0.00050106653 2.3615669e-18)
(92.102363 0.0046156888 1.4796371e-24)
(92.705749 0.0070304335 1.063692e-17)
(93.279417 0.0064727373 -6.0478427e-18)
(93.705885 0.0041310715 0)
(93.977007 0.001180105 1.2640258e-17)
(94.132304 -0.0014034619 -1.1956601e-17)
(94.213965 -0.0034074722 -2.8931045e-17)
(94.25286 -0.0036275878 2.4164633e-17)
(94.268778 -0.0049871744 -2.2821756e-17)
(94.272681 -0.0054473225 4.3135902e-17)
(94.27072 -0.0059628882 -1.7815132e-17)
(94.266304 -0.0061441094 0)
(94.262791 -0.0065853211 7.5721323e-25)
(94.261555 -0.0053990579 9.935193e-25)
(94.262657 -0.0055600021 1.9934234e-18)
(94.266705 -0.0056362362 2.9989524e-17)
(94.272478 -0.0058398692 -2.3092015e-17)
(94.279105 -0.0049741489 -2.6715695e-17)
(94.285551 -0.0048318328 2.5107526e-17)
(94.290807 -0.0046096226 2.927663e-18)
(94.294649 -0.0046755956 1.3758346e-18)
(94.297493 -0.0050959869 5.2161935e-18)
(94.299789 -0.005482511 -1.9653552e-17)
(94.301654 -0.0052807486 1.6155534e-17)
(94.302237 -0.0038453778 4.0374241e-24)
(94.301304 -0.003237652 -2.0316093e-17)
(94.300037 -0.00060638647 1.3353089e-17)
(94.301092 -0.00068893588 1.7989963e-17)
(94.303637 -0.0018574445 -1.0192852e-17)
(94.307028 0.00081873506 3.178528e-18)
(94.30884 -0.00063720857 0)
(94.306467 0.0038360562 -1.4145084e-17)
(94.306005 0.0070839589 1.0662387e-17)
(94.305764 0.01183518 1.0004355e-17)
(94.308133 0.014343195 -7.0993515e-18)
(94.311675 0.019678752 -2.2410884e-18)
(94.314523 0.022605879 1.0629748e-17)
(94.3176 0.031015157 2.0225364e-18)
(94.319064 0.026676191 0)
(94.32066 0.037830132 1.8037909e-18)
(94.326995 0.027788595 3.4302959e-18)
(94.330512 0.040240148 -3.304546e-18)
(94.331366 0.021619048 -6.357053e-18)
(94.335072 0.039551711 3.0463981e-18)
(94.337584 0.018143276 2.9305909e-18)
(94.338481 0.03941247 0)
(94.335572 0.013028327 0)
(94.393897 0.030911165 0)
(91.793775 0.0011515536 -2.2380259e-18)
(92.193675 0.0061239735 -2.131567e-18)
(92.784372 0.0084639096 0)
(93.334405 0.007648892 -3.8535392e-18)
(93.737405 0.0050930654 -1.4631087e-17)
(93.991649 0.0020495028 1.387574e-17)
(94.136832 -0.00091777559 -2.465819e-17)
(94.213276 -0.0025002292 2.7820131e-17)
(94.249821 -0.004342078 0)
(94.264139 -0.0058084319 0)
(94.267648 -0.0064808537 -2.6268997e-18)
(94.266237 -0.0073837006 -4.9685384e-18)
(94.263394 -0.0075422054 2.3440999e-18)
(94.261733 -0.0075337377 -1.5482819e-17)
(94.261489 -0.0078181372 1.4621355e-17)
(94.26321 -0.0092738418 -3.9181881e-18)
(94.267874 -0.0086999063 -2.5833177e-17)
(94.274433 -0.0092314334 2.4374848e-17)
(94.281403 -0.009352892 2.6222326e-17)
(94.287701 -0.0096980034 -2.1569868e-17)
(94.292519 -0.0097450163 -2.3159299e-17)
(94.295887 -0.009488575 -9.2506583e-24)
(94.298328 -0.0088020181 1.5381429e-17)
(94.300294 -0.0081763073 -1.9362011e-17)
(94.301857 -0.0075206213 4.3329607e-17)
(94.303206 -0.0072502028 -1.9258875e-17)
(94.304424 -0.0059694589 4.0169702e-18)
(94.304583 -0.0094210371 0)
(94.30389 -0.005715028 -3.5686569e-18)
(94.304286 -0.0041393841 -6.2553661e-24)
(94.306834 -0.00095273209 9.4175074e-18)
(94.309819 -0.00042876728 -2.990677e-17)
(94.31003 -0.00044032317 2.8132444e-18)
(94.308894 8.0202272e-05 5.2979218e-18)
(94.309482 0.005838835 4.9974191e-18)
(94.313467 0.0069967692 0)
(94.316869 0.012195684 -1.7916531e-17)
(94.317994 0.014286224 2.1202864e-17)
(94.318475 0.021111184 -8.0202716e-18)
(94.319446 0.023910087 0)
(94.321947 0.034421717 -3.6052138e-18)
(94.326548 0.024755929 1.1657696e-23)
(94.329216 0.03448241 3.3013813e-18)
(94.330926 0.021002018 9.4311083e-18)
(94.334584 0.039084402 -4.544672e-18)
(94.337191 0.017922314 -4.3413594e-18)
(94.337148 0.041107471 0)
(94.334794 0.012782987 0)
(94.392113 0.040014679 -1.0654051e-17)
(91.88064 0.0075317706 4.2527809e-18)
(92.279819 0.012496144 4.0611223e-18)
(92.85727 0.01456609 -3.873124e-18)
(93.384615 0.013605436 3.6891415e-18)
(93.766061 0.011062411 3.509737e-18)
(94.005348 0.0082302709 0)
(94.141888 0.0057348723 -3.1659591e-18)
(94.213776 0.0029851011 2.3945882e-17)
(94.247929 0.0026454359 -1.9874815e-17)
(94.260993 0.0016470199 -2.1509908e-17)
(94.264264 0.0010133583 2.2936818e-17)
(94.263534 0.00031743776 -2.4130037e-18)
(94.261704 -0.00025368809 -2.2786137e-18)
(94.260924 -0.00080892492 1.2931027e-17)
(94.261309 -0.0019714993 2.4416575e-17)
(94.264016 -0.0020268657 3.8504759e-18)
(94.26948 -0.0028199846 -3.2711698e-17)
(94.276515 -0.0033297124 -2.4012762e-17)
(94.283812 -0.0038866563 -2.6898364e-23)
(94.290546 -0.0048724497 2.4417956e-17)
(94.295951 -0.0052312623 -2.8554049e-18)
(94.299489 -0.0051925431 1.6124462e-17)
(94.301628 -0.0055751303 -1.769365e-17)
(94.30282 -0.0079843767 1.9146392e-17)
(94.302825 -0.0067976123 -2.6949644e-17)
(94.303083 -0.0048896937 4.2189527e-18)
(94.303798 -0.0041419543 -3.9695083e-18)
(94.305677 -0.00068235141 0)
(94.307357 -0.0028012104 0)
(94.307393 -0.0040501449 -1.0001456e-17)
(94.308198 -0.0025888576 1.251168e-17)
(94.310462 -0.00047748007 5.9163014e-18)
(94.312055 0.0007328714 0)
(94.312478 0.0018210521 5.2746399e-18)
(94.314161 0.0062485423 -9.9643191e-18)
(94.317204 0.0083218577 1.4177842e-17)
(94.31868 0.0071293865 1.3417006e-17)
(94.320319 0.0093669605 -1.2661452e-17)
(94.321155 0.013093559 7.9651854e-18)
(94.321996 0.016201774 -3.7743359e-18)
(94.323642 0.019704831 -1.0808584e-17)
(94.325798 0.017968125 0)
(94.328935 0.031028049 9.8053436e-18)
(94.331181 0.019097805 -1.5535455e-17)
(94.334352 0.039506937 1.3467398e-17)
(94.337208 0.018341197 -1.4292707e-18)
(94.336105 0.043610435 0)
(94.334837 0.013216768 -3.3459125e-19)
(94.390449 0.052473851 1.0889668e-17)
(91.961004 0.010497492 -4.0496485e-18)
(92.360467 0.015670298 0)
(92.926212 0.017751802 3.705519e-18)
(93.433097 0.016912001 3.5373824e-18)
(93.795039 0.014675729 -3.3725933e-18)
(94.02068 0.01217526 0)
(94.149225 0.0099931123 3.0547182e-18)
(94.216878 0.0079774539 0)
(94.24898 0.0063992005 -5.4944787e-18)
(94.26149 0.00566245 -5.2102239e-18)
(94.264557 0.0051654058 1.9778648e-17)
(94.263755 0.0048163651 4.6875825e-18)
(94.261918 0.0046201687 -1.7732078e-17)
(94.261117 0.004483176 4.2003285e-18)
(94.261739 0.004205266 -3.5807326e-17)
(94.265369 0.004702837 3.3938475e-17)
(94.27134 0.0045857363 0)
(94.278337 0.0045676812 -7.961628e-24)
(94.285138 0.0044774654 2.5441766e-17)
(94.291054 0.0048234622 -5.1040685e-17)
(94.295783 0.0043168999 2.2483649e-17)
(94.299061 0.003306213 5.2995081e-18)
(94.301188 0.0019877078 5.0230924e-18)
(94.303188 0.0048978813 0)
(94.305308 -0.0016286284 4.4372806e-18)
(94.305759 -0.0041077629 1.6754575e-17)
(94.305564 -0.001815683 -2.758954e-17)
(94.306497 0.00049094369 7.4565997e-18)
(94.30841 0.0027293259 0)
(94.310429 0.001793311 -6.6297404e-18)
(94.311999 0.0037127887 1.2476709e-17)
(94.313467 0.0050176776 -1.7627022e-17)
(94.315076 0.0066241155 1.1112079e-17)
(94.316528 0.0080246474 0)
(94.317482 0.0091197893 4.9783699e-18)
(94.317615 0.0066787379 -2.3546175e-17)
(94.31909 0.0086400688 3.9641934e-23)
(94.321893 0.0072061185 0)
(94.324596 0.01099433 -2.1045827e-23)
(94.325858 0.012331431 -7.5492392e-18)
(94.325053 0.026214714 7.165151e-18)
(94.326229 0.017284183 1.3557484e-17)
(94.329452 0.029700077 3.2379849e-18)
(94.33197 0.017528342 3.1022417e-18)
(94.334718 0.040317032 -1.0359639e-17)
(94.337453 0.018879036 -1.4201618e-18)
(94.335175 0.045580977 -6.9304889e-19)
(94.335942 0.014143031 2.200768e-17)
(94.388601 0.063624057 0)
(92.03589 0.01267537 0)
(92.437667 0.018141156 3.7067261e-18)
(92.994057 0.020507455 0)
(93.482822 0.020288493 2.2352142e-24)
(93.826787 0.018643173 -1.2980853e-17)
(94.039253 0.016731091 2.7868795e-17)
(94.159595 0.015092446 8.8537674e-18)
(94.222648 0.013792365 -2.8094513e-17)
(94.252369 0.012818502 8.0125296e-18)
(94.263909 0.012114633 1.0147112e-17)
(94.266667 0.011680806 0)
(94.265865 0.011608886 -1.8314286e-17)
(94.26433 0.011575472 1.734996e-17)
(94.26386 0.011533764 0)
(94.265414 0.011378559 0)
(94.270027 0.012112723 -3.6985211e-18)
(94.276302 0.01192517 0)
(94.282976 0.012075981 -2.9777015e-17)
(94.288941 0.012409425 5.0002562e-17)
(94.293525 0.012445809 -2.9483629e-17)
(94.296851 0.012476527 0)
(94.299352 0.012427805 5.2365204e-18)
(94.301029 0.012783282 -4.9658787e-18)
(94.302404 0.013216721 0)
(94.3048 0.016770133 -1.756048e-17)
(94.307683 0.014738476 1.6703894e-17)
(94.309857 0.010548883 1.5727428e-17)
(94.3106 0.012673391 -7.3996226e-18)
(94.311658 0.013191761 -1.3947318e-17)
(94.313928 0.016142201 1.3180015e-17)
(94.316143 0.017202783 -1.8681356e-17)
(94.317321 0.016765317 3.248235e-23)
(94.317681 0.016388469 -5.5017432e-18)
(94.317778 0.015686282 1.0405511e-17)
(94.317633 0.013137728 0)
(94.317796 0.011638357 9.3122337e-18)
(94.320122 0.010847911 8.8008192e-18)
(94.323265 0.0095154649 -5.3921309e-23)
(94.325455 0.0098006905 7.8940839e-18)
(94.327271 0.008225284 -1.1232112e-17)
(94.327343 0.0028745937 -7.1389659e-18)
(94.327487 0.011449779 -1.0151998e-17)
(94.33016 0.028383494 3.2332625e-18)
(94.333297 0.017777094 1.2361694e-17)
(94.336138 0.041404927 -1.626146e-17)
(94.337243 0.018747117 1.4153353e-18)
(94.334318 0.047317474 0)
(94.338491 0.014322053 -2.1261263e-17)
(94.386464 0.068781598 0)
(92.108437 0.011780436 -3.6933984e-18)
(92.514088 0.018159617 -3.5507141e-18)
(93.063221 0.020952606 0)
(93.536109 0.021610396 -3.2669915e-18)
(93.863604 0.021109171 0)
(94.063347 0.020195955 -2.9894909e-18)
(94.175179 0.019686551 -2.2836515e-17)
(94.233014 0.019676525 2.7227466e-17)
(94.259809 0.019640386 -2.0754234e-17)
(94.269918 0.019666018 3.4571213e-17)
(94.272209 0.019954555 -2.351589e-17)
(94.271441 0.020596076 -2.2360027e-17)
(94.270455 0.020814328 1.701457e-17)
(94.270479 0.021279656 0)
(94.273057 0.022248032 0)
(94.278064 0.02271737 3.6344318e-17)
(94.284067 0.02302135 -2.7542488e-17)
(94.289977 0.023588891 -6.517477e-18)
(94.294978 0.023852325 3.0821886e-17)
(94.298672 0.024021057 -1.7476723e-17)
(94.30118 0.024123714 0)
(94.303114 0.02443757 -5.1896428e-18)
(94.30472 0.025609869 -4.8977615e-18)
(94.305774 0.024473186 0)
(94.30676 0.024415046 0)
(94.308587 0.026639889 -1.6530012e-17)
(94.311097 0.027789244 1.5645919e-17)
(94.313484 0.026587202 7.325958e-18)
(94.314927 0.025725867 -1.7686587e-23)
(94.31594 0.024642292 -1.3040723e-17)
(94.31652 0.022260307 1.2328692e-17)
(94.317039 0.020252697 5.776982e-18)
(94.317239 0.017801282 5.4591287e-18)
(94.316996 0.018502225 -1.0292821e-17)
(94.317219 0.016092709 1.9459155e-17)
(94.318613 0.01597936 -9.2617051e-18)
(94.321041 0.014415084 0)
(94.323218 0.010603863 8.2357026e-18)
(94.325065 0.0074583573 -7.8025104e-18)
(94.326861 0.0091957643 1.4806204e-17)
(94.328743 0.012145033 1.4151051e-17)
(94.330071 0.0081176009 0)
(94.331378 0.024527893 -2.2274546e-23)
(94.33512 0.015917508 0)
(94.337899 0.039673791 1.1800363e-17)
(94.33676 0.017426273 -1.4067968e-18)
(94.333597 0.04775852 1.3671504e-18)
(94.341631 0.013332085 0)
(94.385361 0.076531059 0)
(92.179096 0.0082489138 3.5371113e-18)
(92.588527 0.015642905 -6.8143162e-18)
(93.131478 0.018279438 6.5538851e-18)
(93.590591 0.018836709 6.2939807e-18)
(93.903717 0.018934083 -6.0360578e-18)
(94.092225 0.018972621 0)
(94.196312 0.019155665 2.2123898e-17)
(94.248985 0.01967731 -3.6998381e-17)
(94.272373 0.020567328 1.5136257e-17)
(94.280462 0.021851641 0)
(94.281922 0.023122101 4.5882131e-18)
(94.280723 0.02503137 7.6258909e-24)
(94.279834 0.026462495 4.1630142e-18)
(94.279962 0.027447724 -2.3776446e-17)
(94.282585 0.029166237 -7.5245743e-18)
(94.287095 0.030101743 2.142443e-17)
(94.292246 0.031093963 0)
(94.297107 0.031996628 1.2836121e-17)
(94.301047 0.032991321 1.8233954e-17)
(94.303909 0.033918654 -2.3013652e-17)
(94.305853 0.034352094 0)
(94.307284 0.034427753 0)
(94.308594 0.033510061 4.8401197e-18)
(94.309327 0.031500094 -1.8296643e-17)
(94.309722 0.031489724 1.7274837e-17)
(94.310357 0.031239916 8.1489852e-18)
(94.311543 0.03083242 0)
(94.312933 0.029026455 7.2508573e-18)
(94.31393 0.028460347 0)
(94.314529 0.028046804 0)
(94.31465 0.027645434 -6.0861926e-18)
(94.315036 0.027728787 1.1496284e-17)
(94.316223 0.02624298 -2.1730356e-17)
(94.317098 0.023472578 0)
(94.317604 0.021930815 -9.7470596e-18)
(94.319013 0.021015236 1.8399471e-17)
(94.32052 0.016612012 -8.6759335e-18)
(94.322103 0.013057908 8.2521928e-18)
(94.325234 0.01602413 0)
(94.326879 0.0092822463 3.6857984e-18)
(94.328274 0.016837801 -1.4001914e-17)
(94.33174 0.01221908 1.0050332e-17)
(94.333693 0.022126147 -9.6235592e-18)
(94.337003 0.015259104 -3.0717337e-18)
(94.339402 0.038013475 2.642293e-17)
(94.336844 0.01696924 2.0928351e-17)
(94.332958 0.047562365 -1.3583058e-18)
(94.343923 0.010826521 0)
(94.385227 0.068764227 0)
(92.24485 0.0015413333 3.3930489e-18)
(92.655862 0.0090729474 -3.2743409e-18)
(93.192076 0.010982825 0)
(93.638679 0.010846918 -6.0710401e-18)
(93.939422 0.010203497 -1.1666855e-17)
(94.118519 0.010125106 1.1197044e-17)
(94.21629 0.010227729 0)
(94.264869 0.010687628 2.0557416e-17)
(94.285506 0.011603261 -2.4568461e-17)
(94.291958 0.013063703 -1.8767189e-17)
(94.292677 0.014297871 2.8522975e-23)
(94.290892 0.01625523 2.1365354e-17)
(94.2896 0.01773889 1.2204372e-17)
(94.289389 0.01921198 -5.7537774e-24)
(94.291217 0.021610247 -3.6906121e-17)
(94.294705 0.022970199 4.3301034e-23)
(94.29884 0.024485224 5.3254819e-17)
(94.302721 0.025436686 -6.3148019e-17)
(94.305696 0.02632087 2.9930346e-17)
(94.307525 0.027221741 0)
(94.308396 0.027385901 0)
(94.308599 0.027735218 0)
(94.308452 0.028586077 0)
(94.308479 0.02986402 0)
(94.308838 0.030158766 0)
(94.309687 0.030370755 -6.2865162e-24)
(94.310636 0.030172802 -1.5210807e-17)
(94.311481 0.029770563 1.4393784e-17)
(94.312918 0.030463675 -2.0409454e-17)
(94.314389 0.032342257 1.2884944e-17)
(94.315003 0.029967933 -1.2130246e-17)
(94.315308 0.030377638 1.1451284e-17)
(94.316227 0.02989883 1.0776065e-17)
(94.317165 0.028191631 0)
(94.317669 0.027307026 -1.9389425e-17)
(94.318347 0.025440592 1.7904236e-23)
(94.319193 0.023542393 0)
(94.321763 0.021548191 -2.4781085e-17)
(94.325262 0.020187794 7.7884482e-18)
(94.327291 0.012039657 7.3919073e-18)
(94.328624 0.019150988 -6.9818507e-18)
(94.331612 0.016079798 -1.325652e-17)
(94.334671 0.025792708 0)
(94.337473 0.016842548 3.0397774e-18)
(94.340625 0.034628333 -2.9023977e-17)
(94.337412 0.015766891 -2.0931905e-17)
(94.332501 0.047010221 1.3411831e-18)
(94.345529 0.009448323 6.5123654e-19)
(94.385313 0.077211238 -6.2420021e-19)
(94.271985 0.0017343919 1.5011083e-17)
(94.291749 0.0017226143 -1.4378738e-17)
(94.298662 0.0022935482 0)
(94.299885 0.0030156809 -2.6284557e-17)
(94.298794 0.0046162547 3.345399e-17)
(94.297671 0.0060156125 -3.1870765e-17)
(94.297416 0.0074119553 1.5193763e-17)
(94.298892 0.0097199159 2.8951928e-17)
(94.301693 0.011681155 -6.8815502e-18)
(94.304931 0.013011328 -2.6152403e-17)
(94.307795 0.015143078 6.2065038e-18)
(94.309756 0.017395168 -5.8849507e-18)
(94.310589 0.018829608 0)
(94.310615 0.021089531 0)
(94.310081 0.023333787 0)
(94.309364 0.025356002 9.4323509e-18)
(94.309129 0.026709118 -1.7862536e-17)
(94.309288 0.0275214 0)
(94.310158 0.030240116 7.9854447e-18)
(94.311384 0.030807364 7.5511432e-18)
(94.312393 0.032214911 0)
(94.313942 0.036681557 6.726209e-18)
(94.31493 0.029745112 -8.1526387e-23)
(94.315446 0.031188598 0)
(94.315748 0.030744014 0)
(94.315904 0.030809999 0)
(94.316451 0.029649236 0)
(94.316989 0.029305938 9.6334989e-18)
(94.317394 0.028591322 -9.0896866e-18)
(94.31923 0.029061168 5.9119675e-23)
(94.321636 0.025585602 2.4598414e-17)
(94.324496 0.024062593 0)
(94.32737 0.021536353 7.3843454e-18)
(94.329903 0.022630714 -6.9982742e-18)
(94.331931 0.017895221 -3.3266973e-18)
(94.334162 0.026500303 6.3086889e-18)
(94.337158 0.017150203 -6.0256772e-18)
(94.340538 0.033802018 -2.0117307e-17)
(94.337811 0.014325928 0)
(94.332594 0.045797216 2.1259814e-17)
(94.347809 0.0091269814 6.4515916e-19)
(94.385401 0.075703219 -6.2370839e-19)
(94.316228 0.0090282985 -2.2005425e-17)
(94.315682 0.011973999 1.0438427e-17)
(94.314717 0.01504659 0)
(94.313905 0.019212523 9.3591953e-18)
(94.313515 0.022426667 1.7712474e-17)
(94.313306 0.02263458 -8.3860134e-18)
(94.313735 0.026112572 -1.5881198e-17)
(94.314432 0.026963776 -4.332211e-23)
(94.314414 0.026416818 0)
(94.313801 0.024382644 0)
(94.313569 0.02744316 -1.268069e-17)
(94.314101 0.028973558 -8.3359357e-24)
(94.314866 0.027845959 1.1272086e-17)
(94.315076 0.028419345 -1.0682971e-17)
(94.315636 0.029089478 2.0220933e-17)
(94.316739 0.02966493 -3.8326226e-17)
(94.317542 0.029457739 9.0227761e-18)
(94.319554 0.030925443 -8.549683e-18)
(94.321481 0.027912322 -2.4330242e-17)
(94.323925 0.030735731 7.7502548e-18)
(94.327461 0.02453841 -7.293432e-18)
(94.330223 0.029578381 1.3899418e-17)
(94.331951 0.02189562 0)
(94.333364 0.029439791 0)
(94.336781 0.018154196 2.4104576e-17)
(94.339936 0.033245964 4.5924027e-17)
(94.337565 0.013602468 0)
(94.332887 0.044758749 -1.9798056e-17)
(94.350916 0.0077218512 -1.2832827e-18)
(94.385226 0.07372361 3.9821789e-17)
(94.314028 0.013745591 1.4013649e-17)
(94.313062 0.015310228 0)
(94.312839 0.018951843 0)
(94.313738 0.02083352 -1.1923218e-17)
(94.314988 0.024141533 1.1204339e-17)
(94.3158 0.025425139 -1.0606574e-17)
(94.316367 0.028654276 -1.00326e-17)
(94.317274 0.030758294 3.7968735e-17)
(94.318293 0.031050624 -3.8475653e-23)
(94.320659 0.032267113 1.7001943e-17)
(94.321769 0.030005427 -8.0394825e-18)
(94.323803 0.0337909 -1.5374595e-17)
(94.327344 0.026739638 -1.4528512e-17)
(94.330196 0.031327606 -1.3732307e-17)
(94.331439 0.023630697 0)
(94.332875 0.031240347 -3.1585252e-18)
(94.336479 0.019775467 -2.1006753e-17)
(94.339147 0.033669203 -2.0046855e-17)
(94.33687 0.013154258 -4.11212e-18)
(94.33285 0.044624268 4.3106188e-17)
(94.353057 0.0056001256 0)
(94.384657 0.066589026 -3.9414731e-17)
(94.319214 0.02965911 2.8430345e-17)
(94.319682 0.033357982 -1.7998401e-17)
(94.32053 0.031834941 0)
(94.321285 0.031283176 1.6078795e-17)
(94.323302 0.03323282 3.7981611e-17)
(94.32725 0.029736246 4.3374082e-17)
(94.330194 0.031645974 -6.83641e-18)
(94.330946 0.02413466 0)
(94.332861 0.032270577 0)
(94.336283 0.021181304 0)
(94.338361 0.034451966 0)
(94.336233 0.013656638 -1.3695161e-18)
(94.332343 0.04462549 -4.0393351e-17)
(94.353555 0.0039319962 0)
(94.383487 0.054955478 -3.9163722e-17)
(94.32341 0.031856711 -2.265707e-17)
(94.327491 0.031631829 -2.8772635e-17)
(94.330128 0.032828452 6.8173953e-18)
(94.330897 0.027114771 3.2766413e-18)
(94.333163 0.033315481 -2.7858028e-17)
(94.33623 0.022228153 0)
(94.337456 0.035111371 2.5475745e-17)
(94.336059 0.015140958 -2.7076468e-18)
(94.331624 0.045537735 0)
(94.352513 0.0036311655 3.9240097e-17)
(94.382611 0.047205313 6.1064195e-19)
(94.330871 0.025617965 3.2343835e-18)
(94.333389 0.033647792 2.1554272e-17)
(94.336235 0.022036828 0)
(94.336396 0.035517712 -2.2550315e-17)
(94.33632 0.016754745 0)
(94.331433 0.046378151 -4.0030883e-17)
(94.350349 0.0073613905 -1.8657084e-18)
(94.382566 0.047046237 6.0145692e-19)
(94.335727 0.03309478 4.7421296e-17)
(94.337137 0.017416347 0)
(94.332071 0.04570498 4.0853497e-17)
(94.348426 0.010247427 -7.9423449e-17)
(94.382631 0.049321845 1.3709689e-23)
(94.33362 0.044339825 1.2746485e-18)
(94.347899 0.013349923 -1.0369321e-22)
(94.382696 0.053805607 3.7497779e-17)
(94.382791 0.057776875 5.8146098e-19)
)
;

boundaryField
{
    Side
    {
        type            empty;
    }
    Inlet
    {
        type            freestreamVelocity;
        freestreamValue uniform (94.3 0 0);
        value           nonuniform List<vector> 
48
(
(94.348949 0.013036267 -1.0866679e-17)
(94.348642 0.017188343 0)
(94.34799 0.022485596 -2.2527966e-17)
(94.347379 0.023923247 2.3032097e-17)
(94.346857 0.025456603 0)
(94.34635 0.025351792 -2.4016365e-17)
(94.34584 0.02444467 4.8703741e-17)
(94.345607 0.024314904 -2.5084221e-17)
(94.345845 0.021223436 0)
(94.346955 0.01391595 5.2554697e-17)
(94.348026 0.0084937109 -5.3718853e-17)
(94.349166 0.0050967999 -5.4682269e-17)
(94.350317 0.0058594791 5.5550808e-17)
(94.350789 0.0068707259 -5.7303711e-17)
(94.350901 0.0093993002 1.177964e-16)
(94.351497 0.014269629 -7.5356433e-23)
(94.3521 0.014700142 -6.1074638e-17)
(94.352302 0.014870374 0)
(94.35293 0.015443686 6.3497109e-17)
(94.353869 0.013279752 -1.2810564e-16)
(94.354117 0.012681314 1.4190475e-23)
(94.353197 0.015391913 6.8283842e-17)
(94.350418 0.02656295 6.913888e-17)
(94.347844 0.035989581 5.0924818e-23)
(94.346391 0.04142866 -7.1237066e-17)
(94.345933 0.043446551 0)
(94.345901 0.043865694 7.4956939e-17)
(94.348992 0.013315381 1.6923029e-17)
(94.348814 0.012612243 -5.5053448e-18)
(94.348441 0.0088619862 -8.5283256e-19)
(94.347802 0.010319583 6.7625482e-19)
(94.346941 0.015453051 0)
(94.346047 0.020003098 -5.325896e-18)
(94.345212 0.026229631 5.44332e-18)
(94.344285 0.031801306 0)
(94.343216 0.034378267 0)
(94.342663 0.038250015 0)
(94.342598 0.034369588 0)
(94.342639 0.038589828 -3.1197245e-19)
(94.342684 0.037836429 -3.1172912e-19)
(94.342597 0.036847408 1.9903118e-17)
(94.342314 0.033282767 -1.9700413e-17)
(94.341731 0.027469738 -1.9576159e-17)
(94.341295 0.023596753 3.0524461e-19)
(94.341273 0.023517255 3.006535e-19)
(94.341305 0.024654478 6.8530529e-24)
(94.341336 0.026895134 1.8743545e-17)
(94.341383 0.028879594 2.9064149e-19)
)
;
    }
    Airfoil
    {
        type            noSlip;
    }
    Outlet
    {
        type            inletOutlet;
        inletValue      nonuniform List<vector> 0();
        value           nonuniform List<vector> 0();
    }
    procBoundary3to2
    {
        type            processor;
        value           nonuniform List<vector> 
65
(
(90.592684 0.019325403 0)
(92.083139 0.02454533 2.1481511e-18)
(93.225787 0.017692743 0)
(93.811661 0.014758982 0)
(94.062559 0.014910284 -3.3224145e-23)
(94.165294 0.014709151 -1.5907408e-18)
(94.202686 0.017930453 5.7268812e-23)
(94.212273 0.023355902 0)
(94.209788 0.025172904 0)
(94.201923 0.031009363 0)
(94.201923 0.031009363 0)
(94.168473 0.038741637 0)
(94.163045 0.042614869 -4.2474672e-18)
(94.157486 0.045960123 0)
(94.151842 0.048635914 0)
(94.147599 0.051050715 -3.3983131e-18)
(94.147633 0.0530286 -6.3061487e-18)
(94.154595 0.055317816 -5.8554098e-18)
(94.167293 0.056805322 5.4415233e-18)
(94.181007 0.060255965 0)
(94.193815 0.063712093 0)
(94.202795 0.070134837 8.7441403e-18)
(94.208648 0.075322139 0)
(94.211057 0.077525277 7.5633037e-18)
(94.215995 0.082586995 -6.9530743e-18)
(94.215995 0.082586995 -6.9530743e-18)
(94.226617 0.092315452 -1.7882968e-22)
(94.232261 0.082512778 -2.5574847e-17)
(94.235919 0.10051319 0)
(94.248685 0.09330308 0)
(94.252584 0.089514356 -2.064937e-17)
(94.260378 0.095670809 0)
(94.260378 0.095670809 0)
(94.272735 0.10547067 -1.876458e-17)
(94.283926 0.10661353 -1.7470752e-17)
(94.297266 0.10567687 0)
(94.297266 0.10567687 0)
(94.303284 0.11761058 3.1992701e-17)
(94.312449 0.11365523 -2.9670639e-17)
(94.317645 0.097620663 -5.5911059e-17)
(94.317645 0.097620663 -5.5911059e-17)
(94.317047 0.094624263 5.4573597e-17)
(94.32298 0.086406336 -5.1685732e-17)
(94.32298 0.086406336 -5.1685732e-17)
(94.329115 0.081577299 0)
(94.329115 0.081577299 0)
(94.333332 0.088748026 4.9135042e-17)
(94.335887 0.063882758 4.5812108e-17)
(94.335887 0.063882758 4.5812108e-17)
(94.345087 0.067964551 0)
(94.345087 0.067964551 0)
(94.351241 0.047810437 -8.5222524e-17)
(94.351241 0.047810437 -8.5222524e-17)
(94.353786 0.057943273 8.428668e-17)
(94.353786 0.057943273 8.428668e-17)
(94.355236 0.059539378 0)
(94.362338 0.028151274 1.6772191e-16)
(94.362338 0.028151274 1.6772191e-16)
(94.355144 0.04966307 -1.5938347e-16)
(94.355144 0.04966307 -1.5938347e-16)
(94.356059 0.049466183 0)
(94.371382 0.0082091907 0)
(94.371382 0.0082091907 0)
(94.369799 0.0086134064 0)
(94.392844 0.085845722 -1.5521364e-16)
)
;
    }
    procBoundary3to4
    {
        type            processor;
        value           nonuniform List<vector> 
57
(
(92.712884 0.006792549 6.3010302e-18)
(93.240755 0.0076296001 -6.3851584e-24)
(93.674933 0.0066343525 -1.7584719e-17)
(93.964231 0.0047116515 5.6424845e-18)
(94.134777 0.0032952207 0)
(94.226765 0.0025651319 0)
(94.226765 0.0025651319 0)
(94.273008 -0.0014948859 -2.9043044e-17)
(94.292415 -0.0021860379 -2.3219559e-17)
(94.299743 -0.0025590095 2.6686509e-17)
(94.301662 -0.0026819673 -1.1272752e-23)
(94.30183 -0.0026221443 -1.6299966e-17)
(94.301921 -0.0027121787 7.7866806e-18)
(94.303206 -0.0019363584 3.7342465e-17)
(94.305703 0.00010131306 -5.6875674e-17)
(94.308939 0.00076998993 -6.7640674e-18)
(94.312131 0.0024513647 5.144386e-17)
(94.31462 0.0047490722 -2.4427497e-17)
(94.315959 0.0066007657 -2.3176009e-17)
(94.315959 0.0066007657 -2.3176009e-17)
(94.323782 -0.0062126694 1.0880759e-17)
(94.323913 -0.0047227557 1.0334715e-17)
(94.322685 -0.0026391871 -1.9610305e-17)
(94.32101 -0.00053075801 0)
(94.319579 0.0037070115 -3.521645e-17)
(94.317972 0.0050154141 -8.3357539e-18)
(94.31636 0.0071410717 -8.209874e-25)
(94.315018 0.0090794437 2.9893701e-17)
(94.315018 0.0090794437 2.9893701e-17)
(94.315434 0.004522588 2.7834855e-17)
(94.314894 0.0072455574 0)
(94.315309 0.012223223 0)
(94.316557 0.0156001 -1.1799508e-17)
(94.318112 0.021105087 0)
(94.31939 0.024833761 1.0569121e-17)
(94.319485 0.028580282 -2.0006361e-17)
(94.319485 0.028580282 -2.0006361e-17)
(94.320945 0.021969131 9.4429506e-18)
(94.320164 0.02500379 0)
(94.319928 0.028119838 2.5237775e-17)
(94.320891 0.029243282 -8.0001872e-18)
(94.320891 0.029243282 -8.0001872e-18)
(94.324665 0.031163929 0)
(94.327694 0.028199263 0)
(94.329902 0.033069365 0)
(94.329902 0.033069365 0)
(94.330045 0.02313247 1.9321305e-17)
(94.333323 0.031352426 0)
(94.335798 0.021463225 2.926569e-18)
(94.335798 0.021463225 2.926569e-18)
(94.335873 0.032781674 -5.5249318e-18)
(94.338216 0.018369598 3.9928124e-18)
(94.338216 0.018369598 3.9928124e-18)
(94.335343 0.045753498 1.2690986e-18)
(94.348197 0.013438031 -3.9347613e-17)
(94.348197 0.013438031 -3.9347613e-17)
(94.383023 0.064058144 7.3290063e-17)
)
;
    }
    procBoundary3to10
    {
        type            processor;
        value           nonuniform List<vector> 
23
(
(91.116509 0.006788347 0)
(90.986647 -0.00075620917 0)
(90.83952 -0.011472005 0)
(90.686677 -0.015989693 0)
(90.519658 -0.011925262 0)
(90.351737 -0.0044612807 0)
(90.192064 0.0033471943 1.0321227e-18)
(90.040723 0.0017892476 -1.0842479e-18)
(89.711022 0.011424056 0)
(89.882354 -0.0032545015 0)
(89.711022 0.011424056 0)
(91.257321 0.0057731087 0)
(91.385446 0.00079552354 0)
(91.499086 -0.001216812 0)
(91.601359 -0.0019995492 0)
(91.697525 -0.0064309008 -2.3616009e-18)
(91.790066 -0.0047647942 2.2380525e-18)
(91.877862 0.0024223934 -4.2529695e-18)
(91.957655 0.0061275189 4.0499828e-18)
(92.029721 0.0089315771 0)
(92.097819 0.0088614341 3.6934583e-18)
(92.164105 0.006799484 -3.5368325e-18)
(92.227731 0.0013113111 -3.3925303e-18)
)
;
    }
    procBoundary3to11
    {
        type            processor;
        value           uniform (92.303235 -2.777769e-05 0);
    }
}


// ************************************************************************* //
