/*--------------------------------*- C++ -*----------------------------------*\
| =========                 |                                                 |
| \\      /  F ield         | OpenFOAM: The Open Source CFD Toolbox           |
|  \\    /   O peration     | Version:  2506                                  |
|   \\  /    A nd           | Website:  www.openfoam.com                      |
|    \\/     M anipulation  |                                                 |
\*---------------------------------------------------------------------------*/
FoamFile
{
    version     2.0;
    format      ascii;
    arch        "LSB;label=32;scalar=64";
    class       volVectorField;
    location    "1.05";
    object      U;
}
// * * * * * * * * * * * * * * * * * * * * * * * * * * * * * * * * * * * * * //

dimensions      [0 1 -1 0 0 0 0];

internalField   nonuniform List<vector> 
1375
(
(91.051415 -0.012157651 0)
(90.928273 -0.010580871 0)
(90.783835 -0.0048889652 0)
(90.639536 0.0068654135 0)
(90.484647 0.013595868 0)
(90.325699 0.013958817 0)
(90.168242 0.012243455 1.0355896e-18)
(90.010251 0.0092298173 -1.087647e-18)
(89.842925 0.0068615325 0)
(91.427541 -0.0067345661 0)
(91.364211 -0.0041831134 0)
(91.268282 0.0016775839 0)
(91.186283 0.013927027 0)
(91.098955 0.02158054 0)
(91.010181 0.022121435 0)
(90.921772 0.020443867 0)
(90.831531 0.017715375 0)
(90.73782 0.016079854 0)
(90.641566 0.022185476 0)
(92.068498 -0.0024798984 0)
(92.08512 -0.00080247017 0)
(92.052247 0.0052930581 7.3039232e-19)
(92.042999 0.016866836 -7.6795956e-19)
(92.03574 0.024326124 0)
(92.03034 0.025295363 -8.4783161e-19)
(92.025628 0.024116242 -6.4992043e-24)
(92.019172 0.021860061 1.8611851e-18)
(92.013586 0.021305636 -9.7277892e-19)
(92.013283 0.025503817 0)
(92.767306 -0.0011221818 -3.070563e-19)
(92.828553 -0.0025774804 3.2299886e-19)
(92.844221 0.0046050599 6.7965593e-19)
(92.884257 0.014858963 -1.4253086e-18)
(92.924471 0.023131579 1.4963851e-18)
(92.967222 0.023436764 -7.8524586e-19)
(93.007905 0.021882815 0)
(93.043097 0.019183369 0)
(93.07597 0.017263001 0)
(93.114024 0.022294985 0)
(93.346348 -0.0012041752 -5.6955909e-19)
(93.420229 -0.0053209581 -2.9937517e-19)
(93.449177 0.0015143169 6.2954995e-19)
(93.495034 0.010767148 6.6047136e-19)
(93.541169 0.018661137 -1.3865768e-18)
(93.588031 0.019060752 7.275147e-19)
(93.630958 0.017941362 0)
(93.665459 0.015446232 1.6036897e-18)
(93.693188 0.013894757 -1.6841514e-18)
(93.719866 0.017829885 0)
(93.741779 -0.002669354 -5.2806809e-19)
(93.800457 -0.0088676606 -5.4673594e-24)
(93.822767 -0.0013119314 5.8345175e-19)
(93.854786 0.0072815413 0)
(93.886936 0.015139447 -1.2850524e-18)
(93.919544 0.015387809 -1.033264e-23)
(93.949458 0.014540327 1.4141289e-18)
(93.971609 0.012600643 0)
(93.985641 0.011830909 0)
(93.994947 0.016058858 1.6272725e-18)
(93.977444 -0.0040173267 0)
(94.01411 -0.011253441 0)
(94.025688 -0.0031968254 0)
(94.042352 0.0048330369 0)
(94.059362 0.012986825 -1.1913946e-18)
(94.07723 0.012951337 1.2496507e-18)
(94.094641 0.012362578 -1.309797e-18)
(94.106904 0.010995519 1.3722717e-18)
(94.112642 0.011193568 0)
(94.114217 0.014498455 -1.5122976e-18)
(94.105688 -0.0051796533 0)
(94.123917 -0.012642984 0)
(94.126988 -0.0039268156 0)
(94.132571 0.0033026608 0)
(94.138684 0.011661989 -1.1054147e-18)
(94.145906 0.011994968 1.1593847e-18)
(94.154847 0.010994679 0)
(94.161734 0.0098514696 1.2693029e-18)
(94.164393 0.0099168209 -1.3393175e-18)
(94.162184 0.016415641 -2.8265967e-18)
(94.169465 -0.0060315557 8.4296177e-19)
(94.175909 -0.012613708 4.4080165e-19)
(94.172567 -0.0042913726 -9.2672109e-19)
(94.171388 0.0033943627 0)
(94.171028 0.011013696 1.0239101e-18)
(94.171253 0.011086598 -1.0793612e-18)
(94.174997 0.010055076 2.2539496e-18)
(94.179266 0.0091457912 1.9271749e-23)
(94.180951 0.0099659211 -2.4822498e-18)
(94.175897 0.017526602 0)
(94.196464 -0.0065435341 3.8911592e-19)
(94.1967 -0.012068835 -8.1846826e-19)
(94.188486 -0.0039265971 -6.0303544e-24)
(94.184014 0.0030904283 9.0489118e-19)
(94.179751 0.01172917 0)
(94.176805 0.011333368 0)
(94.176712 0.0096921737 0)
(94.17933 0.0084120638 0)
(94.180239 0.0097572638 2.3012172e-18)
(94.172892 0.019584408 -2.428009e-18)
(94.204809 -0.0058121715 3.6251808e-19)
(94.19867 -0.012528376 7.6278555e-19)
(94.189592 -0.0029116967 -8.0011048e-19)
(94.184034 0.0036870844 0)
(94.178272 0.012204775 -1.7606609e-18)
(94.172647 0.011726886 1.8402973e-18)
(94.170797 0.0094633402 0)
(94.171383 0.0080584729 0)
(94.170772 0.010058064 0)
(94.161386 0.021391915 0)
(94.203089 -0.006117486 0)
(94.192778 -0.010351032 0)
(94.183837 -0.0019614787 0)
(94.178374 0.0043440631 0)
(94.172943 0.013008238 1.636646e-18)
(94.166179 0.012724385 -3.4281401e-18)
(94.162087 0.009788637 1.8034993e-18)
(94.160349 0.0074529678 -1.8993204e-18)
(94.156123 0.010683611 3.98404e-18)
(94.14614 0.023329059 4.318213e-23)
(94.12908 0.034654936 -2.1882543e-18)
(94.196469 -0.0053294461 0)
(94.184402 -0.0089130178 -6.5670382e-19)
(94.175783 -0.0010350464 6.8931805e-19)
(94.170852 0.0050900699 1.449344e-18)
(94.166741 0.013731535 -1.5214627e-18)
(94.160202 0.014002824 1.594817e-18)
(94.153957 0.010414732 -1.6751578e-18)
(94.148584 0.0078474956 -3.5184337e-18)
(94.140267 0.011764939 3.6899675e-18)
(94.130075 0.025043984 0)
(94.117743 0.037537482 0)
(94.189034 -0.0043431744 0)
(94.176537 -0.0072575621 -1.2195846e-18)
(94.168114 4.6274521e-05 1.2794655e-18)
(94.163789 0.0057089344 0)
(94.1612 0.01428633 0)
(94.155943 0.015535999 0)
(94.148136 0.011781365 0)
(94.138384 0.0089655347 0)
(94.125946 0.013251183 0)
(94.116 0.026296662 0)
(94.108492 0.039689939 -3.7773419e-18)
(94.183021 -0.0029879808 -5.4098036e-19)
(94.170966 -0.005265315 0)
(94.162732 0.0010534863 0)
(94.158862 0.0064475835 0)
(94.157386 0.0144464 0)
(94.153864 0.017180686 0)
(94.145632 0.013862588 0)
(94.131811 0.011143721 0)
(94.115548 0.015132003 0)
(94.105826 0.027123244 0)
(94.10215 0.040511723 0)
(94.179776 -0.0010719314 -5.0264452e-19)
(94.168931 -0.0033792142 -1.0528486e-18)
(94.160997 0.0021947535 1.1029984e-18)
(94.15736 0.0072107578 -2.3203899e-18)
(94.156346 0.014381647 -2.5886157e-23)
(94.154114 0.018606116 -1.7078221e-23)
(94.146711 0.01664894 2.6871285e-18)
(94.1305 0.014473974 0)
(94.111097 0.017361124 0)
(94.10086 0.028272843 -3.0886617e-18)
(94.099041 0.039784143 -8.7070103e-23)
(94.180284 0.00044054665 -4.6736193e-19)
(94.170974 -0.0012922105 -9.7883266e-19)
(94.163565 0.0033262866 3.076068e-18)
(94.159988 0.0080746257 -2.1556199e-18)
(94.15888 0.014344073 0)
(94.157075 0.019656177 -2.3846652e-18)
(94.151121 0.019673782 2.4979386e-18)
(94.135086 0.018753223 0)
(94.113841 0.020088115 0)
(94.102199 0.02990799 5.7103498e-18)
(94.100329 0.03896457 -6.0386014e-18)
(94.184374 0.0029576854 0)
(94.177038 0.00041457859 0)
(94.170191 0.0045947526 0)
(94.166568 0.0090717006 0)
(94.164958 0.014511125 0)
(94.162876 0.020654744 0)
(94.158247 0.022428605 0)
(94.144774 0.023142194 0)
(94.123201 0.023114161 5.0744631e-18)
(94.109696 0.031109465 -5.3038932e-18)
(94.106354 0.038432845 0)
(94.191414 0.0042698209 -3.3504612e-25)
(94.185969 0.0024660545 8.4723282e-19)
(94.179562 0.0057798093 -1.7754088e-18)
(94.175717 0.010296404 1.8641633e-18)
(94.173262 0.014660442 -3.9155532e-18)
(94.1705 0.021419107 6.1698979e-18)
(94.166963 0.024753121 -4.3195058e-18)
(94.157949 0.02758403 -4.5196341e-18)
(94.137428 0.028083898 4.7204281e-18)
(94.121497 0.033806987 0)
(94.116068 0.038653993 5.2042971e-18)
(94.199763 0.0062588051 0)
(94.195723 0.0043517297 1.5774734e-18)
(94.189458 0.0071609176 -1.6524844e-18)
(94.185147 0.012154125 3.4684317e-18)
(94.181779 0.015531523 -3.6370878e-18)
(94.178358 0.022673793 0)
(94.175764 0.0257648 0)
(94.172071 0.031655584 0)
(94.155052 0.031900415 0)
(94.136515 0.037126052 0)
(94.128342 0.039062833 4.8303879e-18)
(94.207698 0.0079225279 0)
(94.204195 0.0059798263 0)
(94.198025 0.0088393944 0)
(94.19324 0.013847177 0)
(94.189268 0.016192967 3.3813131e-18)
(94.18533 0.023775768 -3.53602e-18)
(94.183216 0.027189671 3.7259931e-18)
(94.182706 0.032325958 -7.8497431e-18)
(94.173398 0.038420589 4.0939324e-18)
(94.153208 0.042189362 0)
(94.141163 0.040928441 -8.9819254e-18)
(94.213784 0.010222486 -1.3072184e-18)
(94.210376 0.0080208654 0)
(94.204595 0.010776638 0)
(94.199538 0.016365852 0)
(94.195458 0.01827348 0)
(94.191213 0.024989718 3.2860555e-18)
(94.188824 0.02819509 -3.4623277e-18)
(94.188746 0.033401159 0)
(94.186162 0.039318333 7.6338814e-18)
(94.167247 0.048337757 -7.9647759e-18)
(94.152704 0.04540055 0)
(94.217162 0.011134217 0)
(94.214722 0.010520065 0)
(94.209641 0.012389436 0)
(94.204894 0.018207758 -2.7981329e-18)
(94.201455 0.020113489 5.8688814e-18)
(94.196761 0.025808807 -3.0657752e-18)
(94.192583 0.029221792 -6.4289605e-18)
(94.191644 0.033793495 6.7842184e-18)
(94.190585 0.041333595 0)
(94.176098 0.055176648 -7.4159671e-18)
(94.161417 0.052800362 7.7700403e-18)
(94.217784 0.011034616 0)
(94.217534 0.014656449 -2.3798931e-18)
(94.212945 0.013754352 2.4834341e-18)
(94.208336 0.020763782 0)
(94.206351 0.024251657 -5.4762718e-18)
(94.203057 0.027799063 5.7236045e-18)
(94.196903 0.030516693 -5.9825822e-18)
(94.194473 0.033787262 4.3801087e-24)
(94.193108 0.043474257 1.4645247e-24)
(94.181892 0.058091116 -4.9669828e-23)
(94.167413 0.056728249 7.2237072e-18)
(94.218301 0.012988041 1.0521047e-18)
(94.219263 0.014774846 0)
(94.215888 0.017105154 0)
(94.210972 0.02169744 -4.8363242e-18)
(94.210098 0.024810047 6.1864566e-24)
(94.209819 0.029922615 1.0703161e-17)
(94.202022 0.03359276 3.7917517e-23)
(94.196966 0.038008016 -2.9937254e-25)
(94.194502 0.042196715 -6.1602834e-18)
(94.187282 0.063440366 0)
(94.174442 0.066125399 0)
(94.220038 0.014419313 0)
(94.220926 0.016867301 0)
(94.219325 0.018749896 -4.3246447e-18)
(94.213811 0.026166422 4.5038138e-18)
(94.2123 0.029320782 0)
(94.21265 0.031092648 4.9517479e-18)
(94.205289 0.03570703 -5.1996819e-18)
(94.198493 0.041754575 0)
(94.195791 0.044285983 0)
(94.192891 0.061712058 0)
(94.183364 0.065240477 0)
(94.176577 0.061188017 1.3146391e-17)
(94.222092 0.015517968 0)
(94.222728 0.019439233 -3.8502023e-18)
(94.222196 0.020638526 4.0448948e-18)
(94.217087 0.026240142 4.2083897e-18)
(94.214111 0.030762082 -8.8578096e-18)
(94.214052 0.034092377 4.6627658e-18)
(94.209382 0.040133587 0)
(94.202008 0.044680365 0)
(94.199535 0.047444173 -1.0551692e-17)
(94.199654 0.056344374 1.1099853e-17)
(94.19134 0.0797995 0)
(94.183606 0.065679873 -1.2239556e-17)
(94.224632 0.016439053 -1.7143493e-18)
(94.22428 0.020325161 1.8061014e-18)
(94.223525 0.023527795 0)
(94.220287 0.033636842 -3.9357088e-18)
(94.215925 0.03534379 4.1011064e-18)
(94.215866 0.037723534 8.5841644e-18)
(94.216661 0.041762272 -9.0099028e-18)
(94.208671 0.048801369 9.4305944e-18)
(94.205169 0.049914414 -9.8395299e-18)
(94.205289 0.05576363 1.0367188e-17)
(94.198923 0.068636503 -1.087074e-17)
(94.186648 0.074316032 -1.1321703e-17)
(94.2265 0.018839761 0)
(94.224701 0.024173299 0)
(94.223985 0.026406623 0)
(94.223765 0.03126306 0)
(94.220632 0.03790719 0)
(94.220349 0.040543404 0)
(94.222837 0.042714413 0)
(94.217231 0.052069426 0)
(94.209279 0.051035259 0)
(94.206532 0.05731223 0)
(94.204264 0.076391856 -1.01812e-17)
(94.196673 0.082511958 2.1166697e-17)
(94.227912 0.019320646 -3.009625e-18)
(94.226772 0.028052505 3.1340512e-18)
(94.226146 0.029663604 -6.5418464e-18)
(94.226671 0.036189906 6.8900714e-18)
(94.225811 0.040167694 7.2145552e-18)
(94.222229 0.044490191 -7.4961117e-18)
(94.222045 0.045313017 0)
(94.222374 0.057824893 8.2266841e-18)
(94.216796 0.058554086 -8.6199169e-18)
(94.213522 0.058211495 0)
(94.212854 0.066185003 1.907882e-17)
(94.208856 0.076806777 -1.9833254e-17)
(94.229384 0.022100399 0)
(94.227771 0.028637647 0)
(94.227277 0.030822868 6.1399386e-18)
(94.229364 0.038669155 -6.4232514e-18)
(94.230278 0.04034311 0)
(94.227564 0.051620399 0)
(94.224686 0.049691519 0)
(94.225273 0.053861474 0)
(94.224633 0.057457458 0)
(94.219785 0.065416086 0)
(94.215759 0.067805912 0)
(94.212877 0.080537221 0)
(94.231291 0.027920354 2.6401038e-18)
(94.23061 0.033257675 0)
(94.23023 0.034192907 0)
(94.232046 0.040265598 0)
(94.233693 0.044893619 0)
(94.233684 0.048524437 1.3169329e-17)
(94.229328 0.055618622 -2.7621059e-17)
(94.22651 0.062542095 1.4454178e-17)
(94.225226 0.060133191 1.5152991e-17)
(94.223854 0.063920235 -1.5839165e-17)
(94.221813 0.070486833 0)
(94.219785 0.07786953 0)
(94.217167 0.086285262 0)
(94.235526 0.031033059 4.9407162e-18)
(94.235647 0.033424287 -4.1902289e-23)
(94.234946 0.037061469 -5.4100734e-18)
(94.235887 0.042548675 0)
(94.237022 0.044751997 1.1852297e-17)
(94.236709 0.057819282 -1.2469174e-17)
(94.235316 0.057463449 1.300107e-17)
(94.232189 0.063418661 3.0766923e-23)
(94.228678 0.065798753 1.4080637e-22)
(94.227162 0.065131738 -1.481275e-17)
(94.226233 0.06989529 1.5477625e-17)
(94.224305 0.076864971 -1.6040282e-17)
(94.223166 0.089993686 0)
(94.238462 0.035741609 4.6534619e-18)
(94.238659 0.039762439 -4.8890571e-18)
(94.238835 0.041740266 0)
(94.239408 0.043466227 -1.0614729e-17)
(94.239885 0.046098841 1.1110719e-17)
(94.239231 0.057613892 0)
(94.23796 0.061813149 0)
(94.235275 0.068156321 1.2705487e-17)
(94.231782 0.068547295 -1.3221757e-17)
(94.229622 0.067854251 1.3747523e-17)
(94.229025 0.069315087 -1.4469381e-17)
(94.229335 0.078691517 1.5149507e-17)
(94.234049 0.090541605 -1.5633128e-17)
(94.24042 0.039894356 0)
(94.242267 0.043445427 -4.5768329e-18)
(94.243027 0.044500833 4.7939256e-18)
(94.243263 0.049995028 9.9964298e-18)
(94.24364 0.052976769 -1.0382138e-17)
(94.243659 0.061496543 1.090165e-17)
(94.243003 0.064465727 -1.1453488e-17)
(94.241923 0.068563588 0)
(94.240103 0.074439449 0)
(94.236871 0.066300156 2.5835135e-17)
(94.234546 0.067540332 -2.7131354e-17)
(94.234629 0.070186836 0)
(94.239279 0.082237973 0)
(94.240604 0.08612279 0)
(94.243228 0.042992942 4.0049682e-23)
(94.243694 0.046037697 4.3326266e-18)
(94.244308 0.047665122 0)
(94.244839 0.04982047 9.4718231e-18)
(94.246217 0.053965595 -9.8243122e-18)
(94.248194 0.057801138 -1.0276764e-17)
(94.247725 0.067452139 1.0766037e-17)
(94.245235 0.067787484 -2.2399305e-17)
(94.243733 0.070500239 4.6764693e-17)
(94.242096 0.07457768 -4.8497415e-17)
(94.240927 0.074455207 2.5411982e-17)
(94.241117 0.075814671 2.6658602e-17)
(94.242076 0.078355937 -2.7815859e-17)
(94.242916 0.084761362 0)
(94.246854 0.049768552 -3.923754e-18)
(94.247815 0.05387617 1.2242101e-17)
(94.248877 0.055347304 -8.4781698e-18)
(94.249069 0.056442185 0)
(94.249086 0.059569507 0)
(94.249586 0.061492719 -1.9383049e-17)
(94.249575 0.067317608 4.0533536e-17)
(94.249 0.07223937 -2.0932744e-17)
(94.248809 0.071189459 0)
(94.250755 0.06800297 2.27525e-17)
(94.251468 0.070119399 -2.3629533e-17)
(94.25144 0.07339877 0)
(94.249957 0.080058827 0)
(94.249206 0.082011202 -2.6897458e-17)
(94.248752 0.047254767 0)
(94.250747 0.051987497 0)
(94.252168 0.054764868 0)
(94.252588 0.055775196 1.6756292e-17)
(94.250562 0.057561441 3.718845e-23)
(94.249216 0.057576922 1.1782152e-22)
(94.248821 0.05800133 -3.8032316e-17)
(94.251184 0.06554815 1.9906009e-17)
(94.255357 0.066399319 0)
(94.258372 0.069729768 0)
(94.260025 0.07402679 0)
(94.26024 0.077957206 2.3264627e-17)
(94.256268 0.086858489 -4.8435949e-17)
(94.252999 0.087388715 2.5383165e-17)
(94.253071 0.087131427 0)
(94.247329 0.051180099 7.077845e-18)
(94.250085 0.057775171 -4.0389084e-23)
(94.25206 0.062650079 7.6097313e-18)
(94.252903 0.063741827 -1.5926607e-17)
(94.252231 0.069665919 0)
(94.249718 0.061981167 1.7282064e-17)
(94.24688 0.061353478 -1.7895995e-17)
(94.24596 0.059467402 0)
(94.25007 0.057739089 0)
(94.258876 0.062165917 0)
(94.265672 0.070582313 0)
(94.267471 0.077211043 0)
(94.267969 0.098414274 0)
(94.271356 0.10372457 4.7434794e-17)
(94.273179 0.092964651 -9.9067399e-17)
(94.254964 0.046412775 -6.6539951e-18)
(94.255754 0.046230261 6.9603955e-18)
(94.25491 0.048720952 0)
(94.253953 0.052184112 0)
(94.253445 0.058207341 -1.5832561e-17)
(94.250438 0.060942933 3.2742943e-17)
(94.247394 0.060872645 -1.6940227e-17)
(94.246556 0.056958594 0)
(94.249066 0.04446436 0)
(94.252478 0.044288619 0)
(94.255512 0.047494503 0)
(94.259014 0.064857279 -4.169558e-17)
(94.268131 0.082398958 5.2519477e-22)
(94.277345 0.083461369 4.4766073e-17)
(94.283212 0.095954598 0)
(94.286986 0.093860819 0)
(94.261638 0.057038699 0)
(94.26071 0.05899258 1.3346717e-17)
(94.258332 0.060530731 -2.7664343e-17)
(94.256952 0.062021888 -1.2503674e-22)
(94.256309 0.065549077 -8.6682058e-23)
(94.255711 0.067048032 4.6556086e-17)
(94.258373 0.07151078 -3.2326184e-17)
(94.260952 0.06542866 0)
(94.261532 0.060535092 -3.5040242e-17)
(94.261607 0.055545948 3.6636992e-17)
(94.262413 0.050603033 3.7963963e-17)
(94.263718 0.049237369 -3.9491891e-17)
(94.266823 0.064160686 -4.0882819e-17)
(94.275364 0.072225167 4.2122919e-17)
(94.282939 0.077379324 0)
(94.284861 0.08215468 0)
(94.285631 0.10535275 -4.7478394e-17)
(94.265881 0.040606482 -6.1442741e-18)
(94.264536 0.039168528 0)
(94.262716 0.040736284 1.3233394e-17)
(94.26129 0.042095553 -1.3685457e-17)
(94.26068 0.043550096 -2.8511919e-17)
(94.262162 0.049477702 2.9750266e-17)
(94.264309 0.052910435 0)
(94.265997 0.053422859 3.2105098e-17)
(94.268599 0.052903503 -3.3211816e-17)
(94.271435 0.052364679 0)
(94.2728 0.050790159 0)
(94.27377 0.047119634 0)
(94.276657 0.046072762 0)
(94.280171 0.051538725 3.9835019e-17)
(94.281812 0.052851909 -4.1612225e-17)
(94.283365 0.058766205 -4.3102595e-17)
(94.291024 0.064184507 8.8543799e-17)
(94.268844 0.05622069 0)
(94.267026 0.049756732 0)
(94.265322 0.058334548 0)
(94.264361 0.059410901 0)
(94.26447 0.061523642 2.7554082e-17)
(94.265654 0.064604455 -1.364712e-22)
(94.267231 0.068175533 -2.957964e-17)
(94.270482 0.06903377 3.0594103e-17)
(94.275316 0.06194955 -3.1644132e-17)
(94.279521 0.056898576 0)
(94.282629 0.056409033 0)
(94.284861 0.057497378 3.5225325e-17)
(94.286821 0.055125877 -3.6404444e-17)
(94.288752 0.057421283 -7.4993692e-17)
(94.289662 0.057263047 7.8327355e-17)
(94.289831 0.060020587 -8.1742262e-17)
(94.291746 0.070883109 4.3328243e-22)
(94.295434 0.067888994 8.6481977e-17)
(94.268786 0.023423544 1.1378751e-17)
(94.268311 0.024851254 -1.1793028e-17)
(94.269978 0.029265085 0)
(94.271942 0.03291399 0)
(94.273556 0.035633099 0)
(94.274859 0.03651554 0)
(94.276371 0.039056138 0)
(94.277897 0.039687295 0)
(94.278769 0.039801523 0)
(94.27947 0.038692637 0)
(94.280412 0.038034752 0)
(94.281345 0.038087155 6.7056287e-17)
(94.282334 0.03844927 -6.9331076e-17)
(94.283363 0.038564 -7.182569e-17)
(94.284404 0.037373166 7.4365176e-17)
(94.286291 0.035517482 0)
(94.28914 0.036166075 7.8985021e-17)
(94.291528 0.036205603 -8.1687224e-17)
(94.293607 0.034341945 -8.4388628e-17)
(94.270797 0.045369651 0)
(94.271989 0.045254564 0)
(94.273668 0.046897795 0)
(94.275483 0.058768305 0)
(94.277425 0.059240496 0)
(94.278585 0.065152175 0)
(94.279326 0.070126466 -5.4575412e-17)
(94.2808 0.069437361 5.6272067e-17)
(94.283213 0.067984822 0)
(94.285469 0.06447319 0)
(94.287344 0.06246818 0)
(94.289293 0.063021611 -6.3966264e-17)
(94.291462 0.059638292 6.5993102e-17)
(94.293665 0.059697904 0)
(94.295769 0.058235906 0)
(94.297726 0.057893446 7.2463914e-17)
(94.299595 0.058176348 -7.4728802e-17)
(94.301291 0.058868365 0)
(94.302861 0.059671988 0)
(94.304459 0.060573849 8.1944632e-17)
(94.270789 0.010760814 -1.3497339e-23)
(94.273887 0.0092926422 3.3709391e-17)
(94.27697 0.015142232 -2.3182305e-17)
(94.279787 0.016621397 -2.3919177e-17)
(94.282058 0.016053485 4.9426229e-17)
(94.284016 0.015602394 -2.5499478e-17)
(94.286477 0.019928515 0)
(94.288703 0.020662011 0)
(94.290126 0.021456284 0)
(94.29109 0.022286742 5.7288596e-17)
(94.291682 0.02270621 -1.1738427e-16)
(94.291844 0.023409152 1.2050245e-16)
(94.291823 0.023877628 -6.2369084e-17)
(94.291898 0.023592629 -6.4771384e-17)
(94.29193 0.02320388 1.8604129e-22)
(94.291976 0.021790743 1.387539e-16)
(94.292286 0.020548722 -7.1101851e-17)
(94.292753 0.019788915 0)
(94.293424 0.01815649 7.5349743e-17)
(94.294577 0.017005045 -1.54715e-16)
(94.296122 0.016662886 3.3833081e-22)
(94.297759 0.015872536 1.6330825e-16)
(94.256888 0.035560373 1.0761371e-17)
(94.258432 0.032947994 0)
(94.260102 0.035077356 2.2733058e-17)
(94.261492 0.04378275 2.3422234e-17)
(94.26223 0.042414136 -4.8365682e-17)
(94.263077 0.050027716 -4.9775078e-17)
(94.26427 0.049643027 5.1230121e-17)
(94.265625 0.058791496 0)
(94.267721 0.061450652 0)
(94.269845 0.062945453 5.539529e-17)
(94.271006 0.06389135 5.6424688e-23)
(94.271677 0.068431577 -5.8819001e-17)
(94.272315 0.070946254 0)
(94.273073 0.071272771 0)
(94.274241 0.072583996 0)
(94.275973 0.075093782 0)
(94.277813 0.074460974 0)
(94.279628 0.073518864 0)
(94.282055 0.073112846 0)
(94.285577 0.068673221 0)
(94.289479 0.065701153 0)
(94.293023 0.063465828 1.5348642e-16)
(94.296292 0.063136139 -3.1495515e-16)
(94.323777 -0.00077892161 0)
(94.325097 -0.0038325766 0)
(94.32504 -0.0062433945 0)
(94.323781 -0.0069824722 -4.654474e-17)
(94.320766 -0.0059914074 4.7615946e-17)
(94.31609 -0.0049168778 0)
(94.311729 -0.0054119947 4.9537576e-17)
(94.309836 -0.0052524476 -5.1303619e-17)
(94.309901 -0.004281133 0)
(94.311488 -0.00094557274 5.4023518e-17)
(94.313418 0.0025016424 -1.6596616e-16)
(94.315242 0.0048423876 1.1358968e-16)
(94.31688 0.0063231103 0)
(94.31908 0.0052260671 0)
(94.321377 -0.0004848307 0)
(94.322705 -0.0004888512 1.2333415e-16)
(94.322966 -0.00011599876 -1.2695045e-16)
(94.322318 -0.00071124397 0)
(94.321779 -0.0014007708 0)
(94.321825 -0.0034912457 0)
(94.320992 -0.016947212 1.4175962e-16)
(94.31844 -0.0084017291 -2.1972234e-22)
(94.316453 -0.01302954 -1.4781763e-16)
(94.315046 -0.012374897 1.5193149e-16)
(94.313496 -0.013102752 -1.5542317e-16)
(94.428238 0.032365118 -2.1691102e-17)
(94.426893 0.020292902 0)
(94.424512 0.04249321 -4.5382272e-17)
(94.420246 0.051654521 4.6260989e-17)
(94.414626 0.078537794 0)
(94.410194 0.087063923 -4.7844947e-17)
(94.408314 0.084431874 9.7317641e-17)
(94.408263 0.075360214 -4.9837228e-17)
(94.409782 0.052007552 0)
(94.410154 0.04647634 1.0493626e-16)
(94.409935 0.040845695 -1.0867429e-16)
(94.409399 0.042481302 -1.1079265e-16)
(94.407554 0.049193209 1.1257533e-16)
(94.40516 0.059988121 -1.1494134e-16)
(94.403136 0.068149571 2.3537952e-16)
(94.400844 0.076195001 6.8309697e-23)
(94.397737 0.086702346 -1.2246314e-16)
(94.394528 0.096530621 0)
(94.392054 0.10457058 1.2779606e-16)
(94.390007 0.10703736 -2.6096548e-16)
(94.387983 0.10634381 5.154753e-25)
(94.386448 0.10550912 1.3574405e-16)
(94.38561 0.10253943 1.3938921e-16)
(94.384949 0.097243915 -8.0233609e-23)
(94.383934 0.091793694 -1.4338432e-16)
(94.383257 0.089624238 0)
(94.383251 0.085637417 1.4958791e-16)
(91.181429 -0.0073671917 0)
(91.562098 -0.0012764686 -1.1327357e-17)
(92.194192 0.0025247416 -3.3063267e-19)
(92.866982 0.0033989609 9.8823651e-18)
(93.411882 0.0019733634 -1.7468697e-24)
(93.779163 -0.00039545153 -1.7236779e-17)
(93.996666 -0.0025483856 1.6354079e-17)
(94.114208 -0.004143902 0)
(94.171884 -0.0050910341 -4.4020538e-19)
(94.196141 -0.0055405031 -4.0674952e-19)
(94.203555 -0.0053739161 -1.9077356e-19)
(94.202796 -0.0053993268 1.7818741e-19)
(94.198322 -0.0046918328 0)
(94.193393 -0.0037891607 1.9966208e-17)
(94.189589 -0.0028856082 -1.8055163e-17)
(94.187657 -0.0014958634 5.6463711e-19)
(94.187423 0.00034606404 3.3245717e-17)
(94.190727 0.00066624816 -3.0664926e-17)
(94.196634 0.0021325573 1.0078057e-18)
(94.203844 0.0033332587 2.7021141e-17)
(94.210604 0.0041255423 -2.5293288e-17)
(94.215152 0.0046359237 1.8378616e-18)
(94.216933 0.0055599717 2.1747759e-17)
(94.217341 0.0072569306 -2.0388974e-17)
(94.217644 0.0089661559 -1.1989015e-18)
(94.219462 0.010032884 0)
(94.221761 0.01088024 -5.2529012e-19)
(94.224356 0.013116241 1.4800018e-17)
(94.226572 0.014134282 -1.4878033e-17)
(94.228576 0.017790384 0)
(94.231061 0.0204278 0)
(94.232711 0.026238318 -3.0808742e-18)
(94.23628 0.029791376 1.4470023e-18)
(94.239447 0.033527218 1.0885112e-17)
(94.240503 0.038858068 -1.0227072e-17)
(94.243761 0.04143979 -4.8394372e-18)
(94.246337 0.045900056 -9.196383e-18)
(94.246982 0.043616296 2.1785438e-18)
(94.24727 0.049031071 8.2525139e-18)
(94.255175 0.044199069 0)
(94.26168 0.053422812 0)
(94.267756 0.037945413 7.1061661e-18)
(94.270764 0.045275663 0)
(94.269289 0.023709653 -6.4877645e-18)
(94.270652 0.032993225 -1.5601832e-18)
(94.267909 0.00089762201 -1.0607922e-17)
(94.256055 0.035064604 -2.3528829e-17)
(94.323845 0.00030794328 -3.5088514e-19)
(94.429218 0.026578804 3.3698474e-17)
(91.30287 -0.0034386478 0)
(91.692887 0.0024494325 0)
(92.320901 0.005985738 3.1223179e-19)
(92.967152 0.0065341505 0)
(93.477304 0.004749636 2.7460889e-19)
(93.815154 0.0020591821 1.0295559e-18)
(94.01361 -0.00052591697 3.1600322e-17)
(94.1205 -0.0025985309 -2.804095e-17)
(94.173043 -0.0037256009 0)
(94.195229 -0.0046791008 7.874271e-19)
(94.201768 -0.0049752974 2.3540023e-17)
(94.201624 -0.0049559612 -2.2374547e-17)
(94.197315 -0.0047648883 2.0740709e-17)
(94.192658 -0.0043386917 -1.9409978e-17)
(94.189349 -0.0037675578 -1.8714337e-17)
(94.188182 -0.0035693528 5.1298232e-17)
(94.189618 -0.0032256517 -3.2007276e-17)
(94.193276 -0.0024134937 0)
(94.198993 -0.0011250422 2.851644e-17)
(94.205619 -0.00025056695 -2.6179675e-17)
(94.211495 0.00062644231 5.7912504e-19)
(94.21531 0.0014112055 2.2395527e-17)
(94.217009 0.0030632893 -4.3014253e-17)
(94.217589 0.0043168903 2.0505105e-17)
(94.217969 0.0063136555 2.9585111e-19)
(94.219705 0.0082462715 0)
(94.221997 0.009621281 1.7425502e-17)
(94.224117 0.012290991 -3.0228998e-17)
(94.226439 0.014472967 1.464673e-17)
(94.229368 0.018275232 0)
(94.233017 0.021985023 0)
(94.234882 0.024693059 1.2438894e-17)
(94.237571 0.029527944 -1.2606908e-17)
(94.240973 0.032020756 1.0883847e-17)
(94.241394 0.037639574 -1.0223964e-17)
(94.244351 0.039428076 0)
(94.245801 0.043075532 -1.1436523e-18)
(94.245839 0.042393461 -2.1736538e-18)
(94.24773 0.048454683 0)
(94.255848 0.044795255 -3.8651156e-18)
(94.261574 0.05008104 3.6666652e-18)
(94.268476 0.039601803 0)
(94.272354 0.04399562 -3.3763219e-18)
(94.2701 0.024383429 3.2191161e-18)
(94.270995 0.034694585 -1.5386103e-18)
(94.267631 0.0055599834 2.9909895e-18)
(94.256015 0.037028011 1.0178503e-17)
(94.323484 0.00045550803 5.5851785e-18)
(94.429756 0.021186955 -1.0938228e-17)
(91.418886 -0.00068725005 0)
(91.815117 0.0050159375 1.254755e-18)
(92.435855 0.0083094745 -1.0641116e-17)
(93.054974 0.0085162373 8.9058844e-18)
(93.532565 0.0065609972 0)
(93.844165 0.003810526 1.4774437e-17)
(94.026146 0.0012131535 -1.5741028e-17)
(94.124133 -0.00074840274 -8.7072449e-19)
(94.172358 -0.002290195 0)
(94.193015 -0.0031206829 -7.6365198e-19)
(94.198862 -0.0035413553 -2.1575547e-17)
(94.198842 -0.0038798867 2.0257969e-17)
(94.194686 -0.0039179227 -2.0252304e-17)
(94.190503 -0.0038828163 -2.1907136e-23)
(94.187903 -0.0037211397 1.8342039e-17)
(94.187268 -0.0035197495 3.3368711e-17)
(94.189439 -0.003148245 -3.146037e-17)
(94.19436 -0.00276484 0)
(94.20063 -0.0019583248 -4.3266671e-19)
(94.207108 -0.0012373481 -4.0553476e-19)
(94.212502 -0.00028482549 -3.8003466e-19)
(94.216087 0.00052644036 -2.2400675e-17)
(94.218042 0.001867737 2.132647e-17)
(94.218997 0.0036309036 -3.1298236e-19)
(94.219545 0.0058566813 -2.9379464e-19)
(94.220894 0.0076734776 -1.7633725e-17)
(94.223099 0.0099361866 3.2850044e-17)
(94.225159 0.012441219 -1.2124707e-19)
(94.227803 0.015369212 -1.5490734e-17)
(94.231377 0.019044769 -1.2880616e-17)
(94.235754 0.022605335 1.2958331e-17)
(94.237612 0.025254864 -1.9072503e-19)
(94.238824 0.03167541 -3.5914608e-19)
(94.241644 0.032835181 1.0789695e-17)
(94.242188 0.03680786 -9.528349e-18)
(94.244284 0.038101363 9.5518364e-18)
(94.245298 0.040866492 -7.3894146e-18)
(94.24551 0.039305564 0)
(94.248265 0.046248113 0)
(94.255805 0.044555193 3.8384286e-18)
(94.261769 0.047946751 -3.8884978e-18)
(94.267668 0.03919441 1.0940606e-19)
(94.273324 0.044096593 3.3623074e-18)
(94.271636 0.02480414 3.2020109e-18)
(94.272019 0.038039258 0)
(94.267921 0.0083678859 0)
(94.2564 0.031071496 0)
(94.322346 0.00030743113 -5.2195664e-18)
(94.429877 0.0218966 -1.7109759e-18)
(91.528429 -0.0010342823 0)
(91.926254 0.0043874947 -3.5597642e-18)
(92.536352 0.0074513566 -1.1220415e-18)
(93.12937 0.0075305886 -2.1198638e-18)
(93.578215 0.0056950729 1.6006015e-17)
(93.867714 0.0032719927 -1.3208553e-17)
(94.035986 0.0010858215 2.8457604e-17)
(94.126466 -0.00051695352 -2.6819401e-17)
(94.171066 -0.0017365982 -2.5140173e-17)
(94.189743 -0.0022232251 -2.2094164e-23)
(94.194871 -0.0026737518 2.0954355e-17)
(94.194454 -0.0027376173 1.3151372e-18)
(94.190524 -0.0029450928 -1.9767513e-17)
(94.187032 -0.0029855459 1.6247555e-17)
(94.185377 -0.002843632 -1.9662911e-17)
(94.185561 -0.0033746729 4.7363169e-17)
(94.189417 -0.0027553496 -6.1712659e-17)
(94.195361 -0.0026573099 5.6159078e-17)
(94.202227 -0.0021208569 2.2076745e-23)
(94.208611 -0.0015560072 -5.1138677e-17)
(94.213579 -0.00075428325 -1.0399946e-23)
(94.217042 0.0002355472 4.3639477e-17)
(94.219378 0.0013005652 -2.6426055e-18)
(94.220865 0.0020735013 -3.9696783e-17)
(94.221773 0.0048754663 1.8642151e-17)
(94.222888 0.0090147338 -2.1874413e-18)
(94.224887 0.011916477 0)
(94.227288 0.016031926 1.9310661e-18)
(94.230517 0.018996168 9.0841476e-19)
(94.234111 0.021519066 -1.4562567e-17)
(94.23714 0.025727896 1.2830305e-17)
(94.238814 0.02761148 0)
(94.239525 0.032023329 0)
(94.241433 0.032869276 0)
(94.242154 0.036479176 -1.0699697e-17)
(94.243521 0.037658357 7.1587808e-18)
(94.24428 0.040227446 -2.8307394e-18)
(94.245663 0.038805495 -2.1289544e-18)
(94.249327 0.045789003 -2.0276228e-18)
(94.255913 0.042124777 0)
(94.262269 0.044979767 -1.5995862e-18)
(94.267335 0.036712768 -1.0981898e-19)
(94.273871 0.040431822 -3.3361635e-18)
(94.274049 0.026162066 3.1873406e-18)
(94.27344 0.041523943 -4.5946274e-18)
(94.267459 0.01014248 4.3814296e-18)
(94.257149 0.04209972 0)
(94.320426 0.00036262226 0)
(94.429862 0.028039164 1.3752189e-18)
(91.629083 -0.0024437717 2.3697177e-18)
(92.026165 0.002144735 -3.3139052e-23)
(92.624745 0.0046042143 1.0671895e-17)
(93.194101 0.0043540271 -6.0668156e-18)
(93.618148 0.0024219152 0)
(93.889 5.7184587e-05 1.2670361e-17)
(94.045573 -0.0020160655 -1.1972094e-17)
(94.129299 -0.0036283723 -2.9063947e-17)
(94.170084 -0.0036740875 2.4290307e-17)
(94.186717 -0.0054225226 -2.3027864e-17)
(94.191226 -0.0049219886 4.3481174e-17)
(94.190533 -0.0052154689 -1.7943934e-17)
(94.187065 -0.0047725715 0)
(94.184425 -0.0047411142 -3.0766967e-23)
(94.183538 -0.0046684826 -2.869248e-23)
(94.18526 -0.0021727997 2.0115426e-18)
(94.189921 -0.0033670367 3.0135924e-17)
(94.196623 -0.0026401903 -2.3117401e-17)
(94.203675 -0.0019850991 -2.6771519e-17)
(94.209817 -0.0012620468 2.5174008e-17)
(94.214514 -0.00043264098 2.957641e-18)
(94.217975 0.00046692922 1.3898584e-18)
(94.220834 0.0021189649 5.2278961e-18)
(94.22336 0.005977207 -1.9667202e-17)
(94.225095 0.0079589662 1.6181949e-17)
(94.226295 0.010659775 -2.4158899e-23)
(94.227863 0.012773778 -2.0424511e-17)
(94.230088 0.016339618 1.3448717e-17)
(94.232668 0.019811153 1.8107867e-17)
(94.234665 0.022850205 -1.01757e-17)
(94.236945 0.026240611 3.1759098e-18)
(94.238676 0.028125626 0)
(94.239502 0.031453128 -1.407372e-17)
(94.240695 0.0326768 1.0666811e-17)
(94.241561 0.034087052 1.0050178e-17)
(94.242435 0.034323167 -7.1526351e-18)
(94.243536 0.036201203 -2.2467245e-18)
(94.246274 0.037226016 1.0625644e-17)
(94.250813 0.042806387 2.0217849e-18)
(94.256522 0.039262525 0)
(94.263069 0.043584146 1.8208482e-18)
(94.26727 0.035099768 3.4717472e-18)
(94.274755 0.039077927 -3.3123974e-18)
(94.277656 0.026545416 -6.3446326e-18)
(94.275291 0.044192473 3.04455e-18)
(94.267655 0.014995202 2.9081778e-18)
(94.258006 0.044107188 0)
(94.317604 0.00076296342 0)
(94.429844 0.03328135 0)
(91.719381 0.0012089517 -2.2457745e-18)
(92.116598 0.0051978174 -2.1388024e-18)
(92.704827 0.0076442241 0)
(93.253137 0.0076022484 -3.8656139e-18)
(93.655355 0.0060455305 -1.4673769e-17)
(93.909812 0.0041355956 1.391154e-17)
(94.055939 0.0025609389 -2.4706063e-17)
(94.133466 0.0015790374 2.8048899e-17)
(94.170711 0.00058008476 0)
(94.185696 0.0012698368 0)
(94.189514 0.00059954798 -2.6465105e-18)
(94.188423 0.001198857 -4.9977134e-18)
(94.185442 0.0010102727 2.3576265e-18)
(94.183682 0.001693665 -1.5477406e-17)
(94.183617 0.0018640614 1.4552275e-17)
(94.186047 0.001434758 -3.9296904e-18)
(94.191582 0.0024224094 -2.5965454e-17)
(94.198807 0.0032684278 2.4489478e-17)
(94.205899 0.0036885495 2.6376654e-17)
(94.211623 0.0052005332 -2.1735684e-17)
(94.215931 0.0063510105 -2.3393643e-17)
(94.219314 0.0076183419 3.762503e-24)
(94.222151 0.0086861804 1.5446009e-17)
(94.224527 0.0097084037 -1.9393442e-17)
(94.226317 0.011225461 4.3349695e-17)
(94.227619 0.013226522 -1.9318926e-17)
(94.229152 0.015598849 4.0375171e-18)
(94.231198 0.018142982 0)
(94.23307 0.020300237 -3.5787477e-18)
(94.234571 0.023171817 2.1223435e-23)
(94.236249 0.026048878 9.5064484e-18)
(94.237928 0.028019019 -2.9808048e-17)
(94.238932 0.030067868 2.8055198e-18)
(94.239536 0.030961873 5.3155673e-18)
(94.240439 0.033685089 5.01834e-18)
(94.241459 0.032307594 0)
(94.243623 0.035532141 -1.7831091e-17)
(94.247497 0.03534595 2.1227572e-17)
(94.252119 0.038554856 -8.0543491e-18)
(94.257813 0.037484768 0)
(94.264425 0.042161577 -3.6250975e-18)
(94.267631 0.034094423 5.6363488e-23)
(94.275892 0.045055212 3.2971065e-18)
(94.281764 0.02610617 9.4824053e-18)
(94.277902 0.050351553 -4.5418086e-18)
(94.268527 0.017095237 -4.3643387e-18)
(94.258111 0.044619742 0)
(94.315628 0.0025381098 0)
(94.429788 0.039920587 -1.0791922e-17)
(91.800902 0.00077684913 4.2671533e-18)
(92.200151 0.0042100821 4.0746777e-18)
(92.779565 0.0064745685 -3.8859977e-18)
(93.308915 0.0064666412 3.7012582e-18)
(93.691341 0.0051160515 3.5212317e-18)
(93.930831 0.0035103467 0)
(94.067366 0.0022880882 -3.1773356e-18)
(94.139257 0.0015942751 2.4111992e-17)
(94.173256 0.0012868944 -1.9987532e-17)
(94.18626 0.0011083336 -2.1630452e-17)
(94.189277 0.0013265882 2.3099002e-17)
(94.187763 0.0021287854 -2.4330754e-18)
(94.185173 0.0029967768 -2.2895661e-18)
(94.183874 0.0034154988 1.2953931e-17)
(94.183987 0.0046941783 2.4514445e-17)
(94.187392 0.0051506016 3.8657131e-18)
(94.193535 0.0069022419 -3.288105e-17)
(94.200533 0.0069137475 -2.4170387e-17)
(94.206945 0.0076962707 -8.7962037e-24)
(94.212236 0.0078101504 2.4406073e-17)
(94.216208 0.0085984433 -2.8760287e-18)
(94.219339 0.0096290983 1.6152132e-17)
(94.221954 0.010618349 -1.7755919e-17)
(94.224039 0.011471025 1.9115942e-17)
(94.225645 0.013138185 -2.7006202e-17)
(94.226994 0.014593903 4.2378084e-18)
(94.228615 0.016355243 -3.988369e-18)
(94.230695 0.01827536 0)
(94.232612 0.01994891 0)
(94.234144 0.022398295 -1.0002271e-17)
(94.235534 0.024301018 1.2608006e-17)
(94.236747 0.025942356 5.9421102e-18)
(94.237516 0.028390786 0)
(94.23809 0.029047388 5.2934245e-18)
(94.239326 0.030215635 -1.0009273e-17)
(94.240905 0.030425851 1.4238521e-17)
(94.243893 0.033601493 1.3368617e-17)
(94.248312 0.03181178 -1.2717212e-17)
(94.253472 0.03709354 8.0090652e-18)
(94.259832 0.034143175 -3.7967743e-18)
(94.266344 0.04070671 -1.0831023e-17)
(94.269656 0.033267364 0)
(94.277408 0.046435217 9.8378097e-18)
(94.284718 0.03227454 -1.5749538e-17)
(94.280757 0.052995464 1.356488e-17)
(94.269129 0.018869881 -1.4426894e-18)
(94.25782 0.044281228 0)
(94.315084 0.0042701161 -3.407303e-19)
(94.429673 0.046808319 1.1026655e-17)
(91.875077 0.00037382911 -4.063099e-18)
(92.277561 0.0030587653 0)
(92.849144 0.0051294126 3.7184021e-18)
(93.361008 0.0050809487 3.5500416e-18)
(93.725134 0.0037780986 -3.3851656e-18)
(93.950664 0.002222603 0)
(94.07806 0.0011015178 3.0691967e-18)
(94.144316 0.00057591522 0)
(94.174914 -0.00033132047 -5.5243797e-18)
(94.186343 0.00022158387 -5.2510744e-18)
(94.188899 0.00044001691 1.9892156e-17)
(94.187376 0.0009890218 4.7276245e-18)
(94.185202 0.0018558591 -1.7782242e-17)
(94.184274 0.0022707087 4.2209297e-18)
(94.184914 0.0031955446 -3.6140379e-17)
(94.188672 0.0054309729 3.4191623e-17)
(94.194368 0.0051179276 0)
(94.200684 0.0060318977 2.2368893e-23)
(94.206584 0.0075779578 2.5485566e-17)
(94.211421 0.0086160808 -5.1024241e-17)
(94.215106 0.0090227108 2.2633455e-17)
(94.217854 0.010062978 5.3342548e-18)
(94.220043 0.011214579 5.0316536e-18)
(94.221802 0.012410647 0)
(94.223327 0.013556337 4.4729991e-18)
(94.224933 0.015045531 1.6856599e-17)
(94.22671 0.016499686 -2.7785787e-17)
(94.228729 0.018788093 7.4769628e-18)
(94.23078 0.020765656 0)
(94.232685 0.022259996 -6.6327857e-18)
(94.234288 0.023327037 1.2512533e-17)
(94.235499 0.024936877 -1.7721498e-17)
(94.23611 0.026170658 1.115981e-17)
(94.236792 0.029085332 0)
(94.238685 0.029447714 4.9855361e-18)
(94.240847 0.029397889 -2.347783e-17)
(94.24415 0.031491604 9.1360638e-24)
(94.248673 0.028816043 0)
(94.255169 0.03246737 -4.2944591e-23)
(94.262297 0.03058009 -7.5659801e-18)
(94.268662 0.040180519 7.1912588e-18)
(94.273452 0.03318589 1.3683331e-17)
(94.279522 0.047843926 3.2637595e-18)
(94.286174 0.028631691 3.1382349e-18)
(94.283097 0.054768022 -1.0515267e-17)
(94.268996 0.021357009 -1.429026e-18)
(94.257325 0.046092669 -6.9128127e-19)
(94.314771 0.0032036352 2.2161708e-17)
(94.429559 0.052010235 0)
(91.942575 0.00028359713 0)
(92.347828 0.0022009995 3.7198386e-18)
(92.911921 0.0042194669 0)
(93.407622 0.004108768 1.4379545e-23)
(93.754921 0.0029114443 -1.3034334e-17)
(93.967486 0.0015534097 2.7995071e-17)
(94.08618 0.00040959147 8.9001583e-18)
(94.14705 -0.00019419828 -2.8281203e-17)
(94.17493 -0.0007883107 8.0054993e-18)
(94.185546 -0.00030142509 1.0164617e-17)
(94.187776 -0.00017351597 0)
(94.186484 0.00017700556 -1.8404771e-17)
(94.18475 0.00075907705 1.7405235e-17)
(94.18413 0.0016061336 0)
(94.185289 0.0019573998 0)
(94.189252 0.002244227 -3.7241276e-18)
(94.194802 0.0033031277 0)
(94.200905 0.0044477137 -2.9881328e-17)
(94.206424 0.004541124 5.0177866e-17)
(94.210633 0.0052189748 -2.9580971e-17)
(94.21373 0.0076304757 0)
(94.215975 0.0079382173 5.2949744e-18)
(94.217708 0.0094486578 -4.9945883e-18)
(94.219231 0.0097681878 0)
(94.220867 0.011723956 -1.7774998e-17)
(94.222772 0.012843514 1.6749871e-17)
(94.224758 0.014770534 1.5785465e-17)
(94.2267 0.015774385 -7.4404967e-18)
(94.228541 0.017698998 -1.4027136e-17)
(94.230418 0.020659641 1.3216259e-17)
(94.23215 0.022869242 -1.8682013e-17)
(94.233659 0.024798997 3.5165647e-23)
(94.234699 0.024533378 -5.5575651e-18)
(94.235925 0.025453055 1.0438806e-17)
(94.238376 0.026509039 0)
(94.241177 0.027672859 9.2910628e-18)
(94.244678 0.028477662 8.8131186e-18)
(94.249624 0.026888177 -5.4701397e-23)
(94.257481 0.034786376 7.9333207e-18)
(94.26465 0.028905281 -1.1315261e-17)
(94.270983 0.037511026 -7.1626252e-18)
(94.277011 0.028796368 -1.0236919e-17)
(94.281794 0.048319717 3.2531389e-18)
(94.286626 0.035074355 1.2396707e-17)
(94.284002 0.056622614 -1.6329979e-17)
(94.268712 0.023845589 1.4237739e-18)
(94.256634 0.046802067 0)
(94.314217 0.0025074592 -2.1266929e-17)
(94.429441 0.055570755 0)
(92.004959 -0.0028089239 -3.7057966e-18)
(92.411037 -0.0014329462 -3.5633095e-18)
(92.967583 0.00031045124 0)
(93.448604 -2.4922816e-05 -3.2797921e-18)
(93.780874 -0.0014096412 0)
(93.981866 -0.0028117923 -3.0030491e-18)
(94.092858 -0.0038058418 -2.2949699e-17)
(94.149139 -0.004456555 2.7369926e-17)
(94.174645 -0.0044511315 -2.0724417e-17)
(94.183789 -0.0043168605 3.4595125e-17)
(94.185699 -0.0038870666 -2.3541998e-17)
(94.184738 -0.0032072912 -2.2385627e-17)
(94.183748 -0.0027656427 1.6996686e-17)
(94.183686 -0.0021520095 0)
(94.185737 -0.00077068479 0)
(94.19 -0.00013277237 3.6433355e-17)
(94.195564 0.00082547684 -2.7589881e-17)
(94.20139 0.0017338348 -6.5236437e-18)
(94.206621 0.0026558539 3.0766769e-17)
(94.2107 0.0038996631 -1.7444585e-17)
(94.21345 0.0040732663 0)
(94.215154 0.0056473234 -5.2131463e-18)
(94.216485 0.0066314995 -4.9215163e-18)
(94.21798 0.0087082962 0)
(94.219722 0.010476669 0)
(94.221505 0.011706526 -1.6628987e-17)
(94.223441 0.012239469 1.5669337e-17)
(94.225366 0.013817221 7.3883864e-18)
(94.227267 0.015328649 -7.9071662e-23)
(94.229021 0.01690234 -1.3170937e-17)
(94.230552 0.016917986 1.2340572e-17)
(94.232177 0.019005527 5.8210831e-18)
(94.234143 0.020927688 5.5019472e-18)
(94.23607 0.023014958 -1.0339869e-17)
(94.238717 0.02422112 1.9550222e-17)
(94.242109 0.024163434 -9.2733778e-18)
(94.24618 0.027558035 0)
(94.251953 0.026005659 8.3203691e-18)
(94.259528 0.027993272 -7.9138787e-18)
(94.265951 0.020539609 1.5016204e-17)
(94.272874 0.031628698 1.4263471e-17)
(94.279221 0.02484535 0)
(94.283186 0.041312024 4.4175179e-23)
(94.285813 0.024420495 0)
(94.283298 0.05235254 1.1759339e-17)
(94.267898 0.02152962 -1.4154463e-18)
(94.255399 0.046470948 1.3653966e-18)
(94.313412 0.0019783877 0)
(94.429248 0.057513235 0)
(92.063807 -0.0046938299 3.5483445e-18)
(92.468631 -0.0037660646 -6.8367047e-18)
(93.017228 -0.0022456254 6.5763138e-18)
(93.484734 -0.0028492783 6.3164662e-18)
(93.803747 -0.0043587087 -6.0586521e-18)
(93.994814 -0.0059393068 0)
(94.099426 -0.0070819809 2.2211824e-17)
(94.152044 -0.0077809223 -3.712984e-17)
(94.175619 -0.0073554895 1.5135602e-17)
(94.184219 -0.0072995659 0)
(94.185989 -0.0069055186 4.5839028e-18)
(94.185213 -0.0062186763 -1.14794e-24)
(94.184478 -0.0056884604 4.159072e-18)
(94.184748 -0.0046286821 -2.3754387e-17)
(94.187361 -0.0039054733 -7.5291938e-18)
(94.191946 -0.0032431573 2.1444455e-17)
(94.19753 -0.0023478116 0)
(94.203033 -0.0015284656 1.2838508e-17)
(94.207752 -0.0006530303 1.8219621e-17)
(94.211331 0.00019810542 -2.2971076e-17)
(94.213764 0.0012081484 0)
(94.215429 0.0022484203 0)
(94.216714 0.0030487293 4.847568e-18)
(94.218072 0.0040809664 -1.8306737e-17)
(94.219535 0.0044657416 1.7383713e-17)
(94.221085 0.0063166023 8.1992378e-18)
(94.222731 0.0077544686 0)
(94.224558 0.0094755238 7.2963133e-18)
(94.226644 0.011254913 0)
(94.228738 0.012700588 0)
(94.230663 0.015146607 -6.1071802e-18)
(94.232586 0.01666697 1.1543815e-17)
(94.234799 0.018288479 -2.1815464e-17)
(94.237179 0.018461641 0)
(94.239975 0.020365533 -9.7583985e-18)
(94.24375 0.019944547 1.8482206e-17)
(94.24829 0.023001253 -8.7536565e-18)
(94.254002 0.019140063 8.3109044e-18)
(94.260495 0.022691996 0)
(94.267131 0.020243271 3.7330094e-18)
(94.274317 0.033732529 -1.411945e-17)
(94.27882 0.023260805 1.0044742e-17)
(94.281588 0.037782718 -9.5882438e-18)
(94.283527 0.02371801 -3.0620329e-18)
(94.281886 0.045938906 2.6392678e-17)
(94.266429 0.018724058 2.1145447e-17)
(94.253593 0.044497881 -1.3593522e-18)
(94.313034 0.0005541675 0)
(94.428885 0.059359227 0)
(92.121819 -0.0047469076 3.402866e-18)
(92.524239 -0.0038250227 -3.2836581e-18)
(93.063962 -0.0018907821 0)
(93.518049 -0.0025676912 -6.0885605e-18)
(93.824685 -0.0041796499 -1.1699787e-17)
(94.006938 -0.0056295895 1.1226484e-17)
(94.106158 -0.0067769014 0)
(94.155786 -0.0074029129 2.0591631e-17)
(94.177833 -0.0074911553 -2.4592053e-17)
(94.185754 -0.0074498708 -1.8775065e-17)
(94.187397 -0.0070482395 -1.7142811e-23)
(94.186881 -0.0064872513 2.1368758e-17)
(94.186439 -0.0060629018 1.2229216e-17)
(94.187178 -0.0051864321 -3.4017223e-24)
(94.19026 -0.0046571172 -3.6955216e-17)
(94.195086 -0.0040148935 -3.4942265e-23)
(94.200645 -0.0032508433 5.3347692e-17)
(94.205929 -0.0024679397 -6.3247672e-17)
(94.210235 -0.0017437046 2.9964555e-17)
(94.213305 -0.0011343762 0)
(94.21532 -0.00027607506 0)
(94.216767 0.00055450831 0)
(94.217936 0.0016928662 0)
(94.218979 0.0024154275 0)
(94.220227 0.004068597 0)
(94.22184 0.0051241718 -1.2330674e-23)
(94.223515 0.0067069427 -1.5286788e-17)
(94.225368 0.0082779297 1.4435639e-17)
(94.227431 0.0099837222 -2.0445895e-17)
(94.229558 0.011395222 1.2873054e-17)
(94.231691 0.013084149 -1.2173692e-17)
(94.233789 0.013936149 1.1518602e-17)
(94.236018 0.015265496 1.0892356e-17)
(94.238645 0.015577242 0)
(94.241749 0.016205071 -1.9490637e-17)
(94.245744 0.015116795 4.1372893e-23)
(94.250178 0.016505227 0)
(94.254834 0.01641968 -2.4867936e-17)
(94.26063 0.020831567 7.8140826e-18)
(94.26804 0.014922784 7.3942203e-18)
(94.274286 0.021475503 -6.9882561e-18)
(94.277482 0.021522213 -1.3370245e-17)
(94.278929 0.038091175 0)
(94.279859 0.024180162 3.0509977e-18)
(94.278787 0.041827619 -2.9168104e-17)
(94.264572 0.015037791 -2.1037964e-17)
(94.252021 0.041759837 1.3445438e-18)
(94.313687 -0.00044877067 6.4764956e-19)
(94.428805 0.060010917 -6.3960605e-19)
(94.160468 -0.0035797828 1.4999639e-17)
(94.180918 -0.0037706977 -1.4361645e-17)
(94.188175 -0.0038160501 0)
(94.189763 -0.0035311557 -2.625758e-17)
(94.189577 -0.002899579 3.3436777e-17)
(94.189498 -0.0024201472 -3.1929559e-17)
(94.190836 -0.0018945517 1.5234646e-17)
(94.194252 -0.0011650695 2.9010145e-17)
(94.199105 -0.0005197231 -6.8995842e-18)
(94.204453 -5.7797551e-05 -2.6232666e-17)
(94.209434 0.00026977172 6.2282819e-18)
(94.213418 0.00085475476 -5.9098183e-18)
(94.216192 0.0011395634 0)
(94.217977 0.0016176661 0)
(94.219242 0.0020981457 0)
(94.220419 0.0029730326 9.5181671e-18)
(94.221638 0.0036209728 -1.8001191e-17)
(94.22297 0.0045094865 0)
(94.224456 0.0051277401 8.0440092e-18)
(94.226063 0.0063419279 7.6027045e-18)
(94.227818 0.0073759963 0)
(94.229623 0.0087122425 6.7876858e-18)
(94.231402 0.0099253398 -9.5985419e-25)
(94.233195 0.011425046 0)
(94.235032 0.011917058 0)
(94.237068 0.012524156 0)
(94.239514 0.01205066 0)
(94.24256 0.012435068 9.6603637e-18)
(94.246398 0.011417529 -9.1422929e-18)
(94.250685 0.011359136 3.8286466e-23)
(94.255052 0.0094318358 2.4594413e-17)
(94.260035 0.01445877 0)
(94.266306 0.012718349 7.3436898e-18)
(94.271873 0.019679628 -6.9773283e-18)
(94.274992 0.016899248 -3.3309235e-18)
(94.276311 0.029182621 6.3624022e-18)
(94.275345 0.018636412 -6.0789525e-18)
(94.273661 0.036479462 -2.0350889e-17)
(94.262434 0.01254201 0)
(94.252332 0.037014283 2.1308906e-17)
(94.315869 0.0032253182 6.4592631e-19)
(94.428589 0.063083065 -6.2717875e-19)
(94.219327 0.0043921929 -2.2117331e-17)
(94.221031 0.0045889406 1.0490529e-17)
(94.222256 0.0048824703 0)
(94.223448 0.0050701619 9.4225412e-18)
(94.224901 0.0056284153 1.784434e-17)
(94.226429 0.0057172972 -8.4448777e-18)
(94.227842 0.006108462 -1.5978354e-17)
(94.229333 0.0067123762 -2.6512296e-23)
(94.230876 0.0072226983 0)
(94.232343 0.0080024536 0)
(94.233669 0.0087422571 -1.2762373e-17)
(94.234906 0.0095819412 3.0432978e-23)
(94.236234 0.010399085 1.1410773e-17)
(94.237854 0.010863634 -1.0738422e-17)
(94.239836 0.010663057 2.0329033e-17)
(94.242197 0.010538047 -3.8295411e-17)
(94.245422 0.010367749 9.0621074e-18)
(94.249428 0.010619471 -8.575931e-18)
(94.253735 0.0089992378 -2.436327e-17)
(94.258053 0.011968909 7.7188789e-18)
(94.262869 0.010426003 -7.3396146e-18)
(94.267459 0.017078945 1.3951593e-17)
(94.271346 0.013975916 0)
(94.273189 0.022774247 0)
(94.271408 0.012682309 2.4247343e-17)
(94.269612 0.028819711 4.6439562e-17)
(94.260759 0.0061924709 0)
(94.25372 0.033012143 -1.9931281e-17)
(94.319174 -0.0040314163 -1.2854208e-18)
(94.428891 0.06329843 3.9431227e-17)
(94.233106 0.0070776998 1.4192025e-17)
(94.234412 0.0075859688 0)
(94.235506 0.0079701519 0)
(94.23632 0.0086184454 -1.200794e-17)
(94.236991 0.0092292118 1.1296432e-17)
(94.23779 0.0092197422 -1.0633396e-17)
(94.239273 0.010045889 -1.00719e-17)
(94.240992 0.0097947023 3.8209955e-17)
(94.243177 0.0098904027 1.3767192e-22)
(94.246253 0.01021354 1.7133966e-17)
(94.24995 0.0094820279 -8.1150344e-18)
(94.25415 0.011802793 -1.5400518e-17)
(94.2589 0.010042989 -1.4639717e-17)
(94.263036 0.014972765 -1.3926228e-17)
(94.267488 0.011155203 0)
(94.27024 0.018444087 -3.1566247e-18)
(94.269936 0.0066372704 -2.0993581e-17)
(94.268539 0.022033414 -2.0085409e-17)
(94.261196 0.0035261221 -4.1013962e-18)
(94.256022 0.031857284 4.3643515e-17)
(94.322914 -0.0049365892 0)
(94.429919 0.062356333 -3.9145094e-17)
(94.238967 0.010350435 2.8568145e-17)
(94.240389 0.011392308 -1.8045371e-17)
(94.242504 0.011977668 0)
(94.245715 0.011247518 1.6206021e-17)
(94.250306 0.013173546 3.8436976e-17)
(94.25597 0.011022771 4.3800434e-17)
(94.261062 0.013856506 -6.9593126e-18)
(94.265723 0.0082735519 0)
(94.269084 0.014601594 0)
(94.270686 0.0030183615 0)
(94.269238 0.020374684 0)
(94.262565 0.00065162289 -1.3650111e-18)
(94.259065 0.02775422 -4.0738238e-17)
(94.327799 -0.0041512857 0)
(94.431597 0.060316673 -3.8952256e-17)
(94.248682 0.014428949 -2.2852557e-17)
(94.254792 0.010934519 -2.8914613e-17)
(94.261091 0.01340143 6.8826075e-18)
(94.266464 0.0064533868 3.2528086e-18)
(94.270243 0.01364659 -2.7898269e-17)
(94.272226 0.0024532794 0)
(94.270786 0.019335494 2.5522479e-17)
(94.264249 0.00088876972 -2.7216411e-18)
(94.263228 0.027800117 0)
(94.334095 -0.0034262878 3.963172e-17)
(94.43372 0.058046133 6.0594822e-19)
(94.267998 0.0077138901 3.2513128e-18)
(94.271827 0.013875446 2.1705842e-17)
(94.2739 0.0043758679 0)
(94.272537 0.019589335 -2.260957e-17)
(94.265628 0.0019697878 0)
(94.268383 0.034512066 -4.023056e-17)
(94.340441 -0.0030046264 -1.8771027e-18)
(94.43589 0.057170924 6.0184534e-19)
(94.273982 0.023171233 4.7823965e-17)
(94.267343 0.0038390061 0)
(94.27419 0.041314697 4.1281874e-17)
(94.344791 -0.0007385708 -7.9682617e-17)
(94.438126 0.057421027 2.4457489e-22)
(94.279734 0.054071286 1.2825572e-18)
(94.346475 0.0016769906 -1.176975e-22)
(94.440285 0.06146328 3.792934e-17)
(94.442143 0.06230011 5.8760015e-19)
)
;

boundaryField
{
    Side
    {
        type            empty;
    }
    Inlet
    {
        type            freestreamVelocity;
        freestreamValue uniform (94.24 0 0);
        value           nonuniform List<vector> 
48
(
(94.334103 0.016179783 -1.0843691e-17)
(94.333436 0.01014536 0)
(94.332235 0.021241821 -2.2686026e-17)
(94.330098 0.025820191 2.3124163e-17)
(94.327277 0.039252556 0)
(94.325058 0.04351188 -2.3911438e-17)
(94.324119 0.042197051 4.8637052e-17)
(94.324098 0.037665061 -2.4908664e-17)
(94.324867 0.025996609 0)
(94.325056 0.023232446 5.2455208e-17)
(94.324949 0.020418427 -5.4325383e-17)
(94.324681 0.021235869 -5.5383854e-17)
(94.323755 0.024590192 5.6272992e-17)
(94.322554 0.029984526 -5.74524e-17)
(94.321538 0.03406248 1.1764726e-16)
(94.32039 0.038082119 3.4141058e-23)
(94.318832 0.043331257 -6.120344e-17)
(94.317224 0.048240624 0)
(94.315985 0.05225632 6.3862627e-17)
(94.314961 0.053488328 -1.3040874e-16)
(94.31395 0.053141944 2.5759243e-25)
(94.313183 0.052725068 6.7834081e-17)
(94.312765 0.051241859 6.9656737e-17)
(94.312437 0.048596904 -4.0096133e-23)
(94.311932 0.045874522 -7.1657286e-17)
(94.311595 0.044790837 0)
(94.311593 0.042799277 7.4760014e-17)
(94.334596 0.01328753 1.6846864e-17)
(94.334867 0.010592288 -5.4684999e-18)
(94.334928 0.01094703 -8.5538868e-19)
(94.334917 0.014017499 6.8750729e-19)
(94.334905 0.01663774 0)
(94.334874 0.019956071 -5.3948195e-18)
(94.334813 0.023398355 5.5119598e-18)
(94.334753 0.025997951 0)
(94.334692 0.027777196 0)
(94.334595 0.028747854 0)
(94.334413 0.029670279 0)
(94.334372 0.029995918 -3.1970134e-19)
(94.334263 0.03153099 -3.1348456e-19)
(94.334414 0.0316386 1.9709001e-17)
(94.334928 0.031167866 -1.9566081e-17)
(94.335768 0.030148698 -1.9469904e-17)
(94.33683 0.02901414 3.0288093e-19)
(94.337915 0.028576803 3.0083152e-19)
(94.339033 0.028701779 1.2225024e-22)
(94.34011 0.030721632 1.8958494e-17)
(94.341038 0.031139773 2.937031e-19)
)
;
    }
    Airfoil
    {
        type            noSlip;
    }
    Outlet
    {
        type            inletOutlet;
        inletValue      nonuniform List<vector> 0();
        value           nonuniform List<vector> 0();
    }
    procBoundary3to2
    {
        type            processor;
        value           nonuniform List<vector> 
65
(
(90.537271 0.025055658 0)
(92.020704 0.030426091 2.1636205e-18)
(93.156216 0.024737646 0)
(93.745284 0.021272477 0)
(93.999014 0.018017484 -4.9943286e-23)
(94.103628 0.019863127 -1.5949786e-18)
(94.142385 0.021115004 8.5153272e-23)
(94.152699 0.024072198 0)
(94.149808 0.027546823 0)
(94.140681 0.031189049 0)
(94.140681 0.031189049 0)
(94.104887 0.036441661 0)
(94.098069 0.039685113 -4.2584416e-18)
(94.09412 0.042929077 0)
(94.093689 0.046076387 0)
(94.096031 0.04841247 -3.4224687e-18)
(94.099981 0.050588288 -6.3690143e-18)
(94.106108 0.050514286 -5.9207335e-18)
(94.114985 0.049905461 5.4952389e-18)
(94.125231 0.049051777 0)
(94.134247 0.049435269 0)
(94.143056 0.050070658 8.7707586e-18)
(94.150785 0.052953472 0)
(94.157404 0.05559921 7.5740405e-18)
(94.164527 0.059293926 -7.0420308e-18)
(94.164527 0.059293926 -7.0420308e-18)
(94.170196 0.08027196 -3.362788e-22)
(94.180575 0.072631664 -2.5695206e-17)
(94.184174 0.075866678 0)
(94.190533 0.076481831 0)
(94.197841 0.08700049 -2.0594771e-17)
(94.207943 0.093431529 0)
(94.207943 0.093431529 0)
(94.213881 0.092826736 -1.8722974e-17)
(94.223333 0.087014646 -1.7403535e-17)
(94.235341 0.089410523 0)
(94.235341 0.089410523 0)
(94.24019 0.099500144 3.2000809e-17)
(94.249425 0.09643981 -3.0020189e-17)
(94.252182 0.090285929 -5.6406685e-17)
(94.252182 0.090285929 -5.6406685e-17)
(94.255884 0.087514197 5.5252222e-17)
(94.27368 0.090688198 -5.1976876e-17)
(94.27368 0.090688198 -5.1976876e-17)
(94.287681 0.08791635 0)
(94.287681 0.08791635 0)
(94.291762 0.09886394 4.8739271e-17)
(94.296795 0.064303376 4.5877318e-17)
(94.296795 0.064303376 4.5877318e-17)
(94.297921 0.064442783 0)
(94.297921 0.064442783 0)
(94.295921 0.033781199 -8.7050843e-17)
(94.295921 0.033781199 -8.7050843e-17)
(94.30603 0.060265776 8.4479153e-17)
(94.30603 0.060265776 8.4479153e-17)
(94.307566 0.060583306 0)
(94.299383 0.016516884 1.6767397e-16)
(94.299383 0.016516884 1.6767397e-16)
(94.299357 0.062715372 -1.6155041e-16)
(94.299357 0.062715372 -1.6155041e-16)
(94.302077 0.06292191 0)
(94.311286 -0.012443267 0)
(94.311286 -0.012443267 0)
(94.309205 -0.0097606021 0)
(94.384026 0.07555641 -1.5480261e-16)
)
;
    }
    procBoundary3to4
    {
        type            processor;
        value           nonuniform List<vector> 
57
(
(92.582509 -9.0461929e-05 6.3174077e-18)
(93.112068 0.0021051128 4.7604088e-24)
(93.551828 0.0015322104 -1.7625819e-17)
(93.846041 -0.00026162158 5.65381e-18)
(94.019803 -0.0019549111 0)
(94.113837 -0.0029535589 0)
(94.113837 -0.0029535589 0)
(94.165937 0.0013693351 -2.9174512e-17)
(94.184785 0.00094516559 -2.3313239e-17)
(94.191426 0.00078280189 2.6791818e-17)
(94.192938 0.0008374165 -7.0794907e-23)
(94.193009 0.0010814177 -1.6392173e-17)
(94.193241 0.0016256466 7.8288337e-18)
(94.195071 0.0018235857 3.7341726e-17)
(94.198731 0.0020349485 -5.69543e-17)
(94.203553 0.0022808561 -6.7801766e-18)
(94.208623 0.0027508563 5.1608011e-17)
(94.213194 0.0035779616 -2.4530617e-17)
(94.216793 0.0039130369 -2.3301491e-17)
(94.216793 0.0039130369 -2.3301491e-17)
(94.222255 0.0062586034 1.0912644e-17)
(94.223924 0.0066150767 1.0361037e-17)
(94.225179 0.0065272941 -1.9662031e-17)
(94.226374 0.0065979603 0)
(94.227777 0.0068424209 -3.5335246e-17)
(94.229244 0.0067644034 -8.368386e-18)
(94.23056 0.0069478066 1.7773878e-23)
(94.231815 0.0068169022 2.9999998e-17)
(94.231815 0.0068169022 2.9999998e-17)
(94.234456 0.0067214569 2.8167208e-17)
(94.235553 0.006562195 0)
(94.236395 0.0069104468 0)
(94.2368 0.0074003858 -1.187773e-17)
(94.236815 0.0083128731 0)
(94.236961 0.0088449116 1.0608373e-17)
(94.23781 0.0098194416 -2.0106118e-17)
(94.23781 0.0098194416 -2.0106118e-17)
(94.236959 0.012740492 9.4958406e-18)
(94.238158 0.012870998 0)
(94.240072 0.015122545 2.561043e-17)
(94.243492 0.013584932 -8.031613e-18)
(94.243492 0.013584932 -8.031613e-18)
(94.249786 0.015073417 0)
(94.255921 0.011219218 0)
(94.262312 0.013926427 0)
(94.262312 0.013926427 0)
(94.269506 0.0090056865 1.9356377e-17)
(94.272908 0.015918625 0)
(94.274648 0.0071705364 2.9527107e-18)
(94.274648 0.0071705364 2.9527107e-18)
(94.275026 0.027972013 -5.5930521e-18)
(94.269563 0.0072780007 4.0080845e-18)
(94.269563 0.0072780007 4.0080845e-18)
(94.284436 0.055157157 1.2785566e-18)
(94.346808 0.0059288637 -3.9837087e-17)
(94.346808 0.0059288637 -3.9837087e-17)
(94.444235 0.073425478 7.3985723e-17)
)
;
    }
    procBoundary3to10
    {
        type            processor;
        value           nonuniform List<vector> 
23
(
(91.052604 -0.018696366 0)
(90.929321 -0.01916667 0)
(90.777793 -0.01453339 0)
(90.622763 -0.0037703313 0)
(90.456748 0.0015119109 0)
(90.29008 0.0010815727 0)
(90.132119 -0.0014535236 1.0354733e-18)
(89.981798 -0.0059414342 -1.0877373e-18)
(89.65779 0.011426545 0)
(89.824261 -0.011003825 0)
(89.65779 0.011426545 0)
(91.178381 -0.014081597 0)
(91.294768 -0.010018487 0)
(91.40822 -0.0077465983 0)
(91.519042 -0.0088371814 0)
(91.623379 -0.010849374 -2.3696633e-18)
(91.716579 -0.0079360944 2.2458982e-18)
(91.798623 -0.0086156139 -4.2675098e-18)
(91.871372 -0.0096197651 4.0632513e-18)
(91.93745 -0.010564091 0)
(92.000413 -0.013670497 3.7054001e-18)
(92.061979 -0.015630868 -3.5481537e-18)
(92.123078 -0.016024018 -3.4030958e-18)
)
;
    }
    procBoundary3to11
    {
        type            processor;
        value           uniform (92.182254 -0.0013463672 0);
    }
}


// ************************************************************************* //
