/*--------------------------------*- C++ -*----------------------------------*\
| =========                 |                                                 |
| \\      /  F ield         | OpenFOAM: The Open Source CFD Toolbox           |
|  \\    /   O peration     | Version:  2506                                  |
|   \\  /    A nd           | Website:  www.openfoam.com                      |
|    \\/     M anipulation  |                                                 |
\*---------------------------------------------------------------------------*/
FoamFile
{
    version     2.0;
    format      ascii;
    arch        "LSB;label=32;scalar=64";
    class       volVectorField;
    location    "1.05";
    object      U;
}
// * * * * * * * * * * * * * * * * * * * * * * * * * * * * * * * * * * * * * //

dimensions      [0 1 -1 0 0 0 0];

internalField   nonuniform List<vector> 
1376
(
(64.733063 -11.2052 2.4190656e-17)
(85.186814 -7.8623522 -5.8967946e-17)
(86.990525 -11.473324 5.5265249e-17)
(88.780522 -8.4024531 -2.5480342e-17)
(89.292692 -8.0679543 0)
(89.922529 -7.6696071 -1.091025e-17)
(90.538053 -6.4141793 0)
(91.084658 -5.9127719 1.0595175e-20)
(91.57614 -5.1242967 -1.7283095e-17)
(92.045729 -4.713654 -7.9863995e-18)
(92.425709 -4.0065487 -1.5876995e-21)
(92.782237 -3.8688633 0)
(93.087721 -1.8320155 0)
(93.254711 -2.9579461 0)
(93.489524 -2.6333063 0)
(93.702558 -2.5664628 0)
(93.90614 -2.0333591 9.3135413e-18)
(94.082955 -1.9548606 2.5267721e-21)
(94.221024 -1.2176499 1.5956024e-17)
(94.305228 -1.4687359 2.2277601e-17)
(94.38756 -1.1807362 -6.8757792e-18)
(94.44104 -1.041235 3.1859881e-17)
(94.473644 -0.96297971 -5.906505e-18)
(94.505234 -0.87076782 1.7002982e-22)
(94.521714 -0.78060596 5.0573852e-18)
(94.538715 -0.69943523 0)
(94.54063 -0.62069777 3.460726e-17)
(75.948591 -5.2851962 -3.0821394e-17)
(89.492032 -10.674426 4.0690834e-17)
(90.295683 -4.8082355 0)
(90.917423 -6.9008758 0)
(91.167537 -5.0542235 0)
(91.526456 -5.0604191 -1.1891425e-17)
(91.830385 -4.4937756 0)
(92.137004 -4.5130751 3.0665204e-17)
(92.424996 -4.0159798 -3.7841686e-17)
(92.745073 -4.0178685 2.6273617e-17)
(93.00709 -3.7858501 0)
(93.266637 -3.4546442 -1.5006546e-17)
(93.401757 -4.8426188 1.3883539e-17)
(93.657187 -3.2396231 1.2849222e-17)
(93.849381 -2.8617057 1.1876566e-17)
(94.009889 -2.0880524 2.1993672e-17)
(94.11753 -2.1639993 2.0370462e-17)
(94.256928 -1.8486309 -9.42473e-18)
(94.360086 -2.0424668 1.3258004e-21)
(94.441808 -1.4862027 7.7168227e-22)
(94.488699 -1.5257114 5.0964349e-22)
(94.534594 -1.3292226 -2.7596939e-17)
(94.5611 -1.1722258 3.1864654e-17)
(94.585976 -1.0163337 0)
(94.599636 -0.8721461 -5.4384502e-18)
(94.605154 -0.74022608 -3.5118809e-17)
(94.594852 -0.61433488 -3.7103285e-17)
(94.58155 -0.53107893 0)
(94.566786 -0.45566069 6.3507355e-17)
(79.142826 -10.839805 0)
(92.039553 -10.226578 -2.5964751e-17)
(91.820894 -11.329664 6.3838925e-17)
(92.455332 -10.1969 -6.6392498e-17)
(92.407261 -9.4632408 3.4093497e-17)
(92.656528 -9.2973085 5.0589177e-17)
(92.885979 -7.8629712 1.1701407e-17)
(93.057064 -7.4583641 -1.0857201e-17)
(93.216493 -6.3994318 -2.0063149e-17)
(93.403277 -5.87505 3.8295179e-21)
(93.591142 -4.7748923 5.1589843e-17)
(93.783574 -4.8531153 -1.5917012e-17)
(93.996271 -2.3792638 0)
(94.048995 -3.1904327 0)
(94.164806 -2.8027811 -2.5164807e-17)
(94.276305 -3.0834835 -1.1631047e-17)
(94.386527 -2.5202004 -4.2978251e-17)
(94.464088 -2.3125177 2.9814429e-17)
(94.565747 -1.9565465 2.7516399e-17)
(94.624647 -1.9320953 3.3895677e-17)
(94.661022 -1.5298067 -7.8332204e-18)
(94.671379 -1.3730778 5.793195e-17)
(94.681034 -1.1619325 -2.0054188e-17)
(94.686733 -0.99673157 -6.1635553e-18)
(94.681829 -0.85208133 3.981205e-17)
(94.668402 -0.72716827 4.7291994e-17)
(94.645409 -0.6532413 -2.4257672e-18)
(94.623473 -0.53932249 4.4792975e-18)
(94.601398 -0.43894739 -2.0669237e-18)
(94.58152 -0.37450571 -1.9077128e-18)
(82.112016 -5.7520132 -1.9937315e-17)
(93.784247 -11.406795 3.655274e-17)
(93.95358 -6.9105581 -8.4076922e-18)
(94.21052 -8.6808705 -1.5547487e-17)
(94.10617 -6.5904092 7.178836e-18)
(94.215071 -6.7811998 -1.0939963e-20)
(94.24647 -5.9559091 -1.2300076e-17)
(94.30803 -5.8191734 -1.1369569e-17)
(94.282105 -5.1335336 2.1085957e-17)
(94.272498 -4.9484258 0)
(94.290814 -4.6952886 8.9892985e-18)
(94.401822 -4.0746464 -8.3549754e-18)
(94.389183 -5.2287874 -1.5464246e-17)
(94.506754 -4.0044164 0)
(94.564787 -3.6107732 -3.2983412e-17)
(94.658698 -2.7513804 6.0952359e-18)
(94.706868 -2.4333795 -5.6310513e-18)
(94.742257 -2.1732056 2.5996989e-17)
(94.78784 -1.8045307 -1.4427685e-17)
(94.817022 -1.5626011 -3.5533953e-17)
(94.82298 -1.3937111 3.1483649e-23)
(94.803705 -1.2173363 -3.7827095e-18)
(94.785148 -1.0738266 0)
(94.772447 -0.92922378 -4.8290938e-17)
(94.751153 -0.81066005 -5.0427935e-17)
(94.721618 -0.71532707 2.7364836e-18)
(94.691277 -0.57451967 3.7821781e-17)
(94.663292 -0.50390965 0)
(94.633908 -0.42710767 6.8414758e-17)
(94.608396 -0.34535701 -1.2596218e-16)
(94.57783 -0.30838407 -1.8091483e-18)
(84.303282 -10.602072 2.0964433e-17)
(95.608739 -10.29647 -2.8862874e-17)
(95.162078 -9.9607168 8.8737135e-18)
(95.465079 -10.244735 -8.1927808e-18)
(95.158062 -8.937006 -1.5131038e-17)
(95.231616 -9.2896768 1.3968172e-17)
(95.195257 -7.8993009 -1.2922017e-17)
(95.222114 -7.8566403 -1.1918882e-17)
(95.123877 -6.747973 -1.1046618e-17)
(95.052691 -6.4739098 -1.0231379e-17)
(95.016802 -5.2603251 -9.4808365e-18)
(94.99752 -5.227062 -8.737048e-18)
(95.041753 -3.3506829 1.6171754e-17)
(95.016502 -3.5148116 -7.4702542e-18)
(95.01389 -2.943702 4.1383948e-17)
(95.002944 -3.0270825 -6.3678362e-18)
(95.006328 -2.7064275 -1.7600443e-17)
(94.999326 -2.3080843 -4.3330845e-17)
(94.988063 -2.1424796 1.5023161e-17)
(94.987245 -1.849699 0)
(94.973722 -1.6325067 4.2520918e-18)
(94.937629 -1.4006896 -6.6606443e-17)
(94.897347 -1.1962751 -2.8909609e-17)
(94.861809 -1.0306793 7.9975197e-17)
(94.82393 -0.86698398 4.5981436e-17)
(94.77769 -0.7459382 4.7996138e-17)
(94.735973 -0.65356692 -4.1638833e-17)
(94.702315 -0.53332855 -3.8228529e-17)
(94.668043 -0.45049023 -1.3826123e-16)
(94.635928 -0.36054013 6.2543487e-17)
(94.596405 -0.30148184 -1.8542012e-18)
(94.563956 -0.26449314 5.6104337e-17)
(94.537202 -0.21668469 4.986247e-17)
(86.384854 -4.8450444 -4.3865267e-17)
(96.983249 -10.970415 2.0074319e-17)
(96.747405 -6.8520374 0)
(96.906131 -8.5879655 -8.5400515e-18)
(96.518893 -6.5633555 7.8875199e-18)
(96.546413 -7.0297122 0)
(96.291536 -6.1043087 0)
(96.262112 -6.1614329 1.2472848e-17)
(96.025003 -5.4615712 1.3216094e-20)
(95.925014 -5.4199212 -1.0666783e-17)
(95.738623 -4.842042 -9.0501571e-21)
(95.676051 -4.6248184 1.8182172e-17)
(95.557767 -4.728284 -8.3849952e-18)
(95.475524 -4.2054929 0)
(95.4084 -3.781504 0)
(95.363978 -3.0723407 0)
(95.314264 -2.6662162 2.4406788e-17)
(95.268826 -2.4099774 2.2486341e-17)
(95.23418 -1.9430175 5.1651683e-18)
(95.177299 -1.7538704 3.3434689e-17)
(95.130759 -1.4862608 -3.5258127e-17)
(95.074092 -1.3279491 3.2417357e-17)
(95.017057 -1.1315152 2.9795747e-17)
(94.956757 -0.96915543 -2.7456747e-17)
(94.895504 -0.82467227 -1.0110711e-16)
(94.836006 -0.71544055 -4.6428596e-17)
(94.78507 -0.57463242 -2.6688783e-18)
(94.739406 -0.49348595 4.4150404e-17)
(94.701631 -0.42362279 6.7372411e-17)
(94.664234 -0.33990542 2.0561092e-18)
(94.614905 -0.28875683 0)
(94.581069 -0.25910587 -5.5356383e-17)
(94.549904 -0.22041021 5.0590679e-17)
(94.519168 -0.19055811 0)
(87.820854 -11.41639 0)
(98.635077 -9.4846823 -1.0483289e-17)
(97.823583 -9.0206584 -1.9198102e-17)
(97.977157 -9.7574585 8.8723587e-18)
(97.520506 -8.0494784 2.4601408e-17)
(97.421182 -8.7143699 7.5856074e-18)
(97.067538 -7.2729839 -1.4038264e-17)
(96.951959 -7.4448923 -1.2986864e-17)
(96.672699 -6.3870308 1.2021041e-17)
(96.589137 -6.2878203 1.1094323e-17)
(96.338327 -5.2227492 3.0794591e-17)
(96.20696 -5.0580032 -5.6883402e-17)
(96.124502 -3.9280977 1.7447776e-17)
(96.023933 -3.7277557 1.6040168e-17)
(95.880576 -3.1164309 -7.398406e-18)
(95.726046 -3.0156379 -3.4174881e-17)
(95.61508 -2.6650388 3.7836999e-17)
(95.520766 -2.3228899 -1.1645236e-17)
(95.451375 -2.0767988 -1.6057973e-17)
(95.376041 -1.7413471 -9.4547937e-21)
(95.282565 -1.5056825 7.5639379e-21)
(95.196043 -1.2763462 0)
(95.121992 -1.1209065 3.4502698e-17)
(95.047593 -0.96752396 -3.5187949e-18)
(94.96306 -0.81631328 4.9069864e-21)
(94.890087 -0.70372449 -2.9769231e-18)
(94.836154 -0.59945832 2.7233362e-18)
(94.777297 -0.49182927 0)
(94.732304 -0.41688418 0)
(94.69063 -0.3466037 -6.8959007e-17)
(94.634718 -0.28489895 -6.9685292e-23)
(94.598181 -0.23621372 -5.4332448e-17)
(94.562026 -0.21584264 0)
(94.530392 -0.18026173 0)
(94.506246 -0.16083725 8.5116502e-17)
(89.423795 -2.5457803 0)
(99.559223 -10.965051 3.2738191e-17)
(99.108412 -6.1881605 -1.990045e-17)
(99.057475 -8.7983508 0)
(98.596648 -6.1645989 -1.7090521e-17)
(98.397818 -7.237649 -5.2388977e-21)
(97.971798 -5.628674 2.9173571e-17)
(97.765927 -6.1546916 -1.3490323e-17)
(97.454304 -5.159758 0)
(97.377314 -5.3270597 -1.1448169e-17)
(97.03289 -4.594286 -1.0598332e-17)
(96.79052 -4.4840235 3.9233634e-17)
(96.597018 -4.1086231 1.808862e-17)
(96.463341 -3.9071512 0)
(96.275238 -3.5126176 0)
(96.086442 -3.0232317 2.8181584e-17)
(95.931455 -2.6692345 -2.5922479e-17)
(95.776782 -2.3451968 0)
(95.641493 -2.0065952 0)
(95.555967 -1.7615072 -3.548724e-17)
(95.454342 -1.5169422 3.2509349e-17)
(95.323973 -1.3048879 3.427344e-17)
(95.218361 -1.1011177 -5.9126393e-17)
(95.135701 -0.96254438 -3.6011801e-18)
(95.037408 -0.80437179 4.9598407e-17)
(94.94526 -0.68665686 6.0835515e-18)
(94.887393 -0.56203771 -2.7766066e-18)
(94.820434 -0.47985581 -3.8027841e-17)
(94.763849 -0.39140107 7.2079647e-17)
(94.713363 -0.33337131 2.1263692e-18)
(94.655951 -0.28972907 -1.936743e-18)
(94.615953 -0.22248272 1.3527572e-21)
(94.573754 -0.21069903 5.1605581e-17)
(94.540814 -0.17605407 -9.2358097e-17)
(94.51585 -0.15247435 -8.6612693e-17)
(94.484581 -0.11672204 -7.7518512e-17)
(90.616222 -12.040212 -1.8823993e-17)
(101.21192 -8.7684099 3.4200883e-17)
(99.597197 -8.228647 1.0639779e-17)
(99.832827 -9.1618303 -1.9488611e-17)
(99.219507 -7.0234918 -4.7449328e-21)
(99.044091 -8.390521 1.6626991e-17)
(98.594732 -6.5206563 -1.5367918e-17)
(98.400288 -7.1996474 -2.12675e-17)
(98.119429 -5.8583609 1.9606344e-17)
(98.033466 -5.9607426 0)
(97.730277 -4.9410918 0)
(97.415009 -4.8635675 -2.0360823e-17)
(97.087668 -3.889337 -3.7755145e-17)
(96.859937 -3.6022014 4.3634257e-18)
(96.631701 -3.1056134 -4.0126836e-18)
(96.420594 -2.8672223 -3.6829278e-18)
(96.234763 -2.5308449 2.6960653e-17)
(96.073364 -2.2540001 -8.438654e-22)
(95.859274 -1.9713874 2.5782813e-17)
(95.707622 -1.688932 4.2365291e-17)
(95.615241 -1.4189735 0)
(95.46945 -1.2227281 -3.529337e-17)
(95.317133 -1.0384771 6.7211686e-17)
(95.212093 -0.91609838 -1.8651749e-18)
(95.113163 -0.77087891 -5.4402634e-17)
(95.007997 -0.64626625 0)
(94.933648 -0.53345319 1.4285506e-18)
(94.86043 -0.4639308 -2.5946886e-18)
(94.797241 -0.37631253 -7.459905e-17)
(94.733718 -0.31381347 1.3894975e-16)
(94.675741 -0.28894264 6.3172978e-17)
(94.63424 -0.21428866 1.358523e-21)
(94.585764 -0.19436294 -5.2257431e-17)
(94.550544 -0.1721397 9.4917912e-17)
(94.525343 -0.1450228 6.703305e-19)
(94.490509 -0.11036484 7.7254125e-17)
(92.077225 -0.53229207 6.5369609e-18)
(102.09177 -9.9527068 -5.7836402e-18)
(100.33815 -4.471139 -2.2093586e-17)
(100.62832 -8.064855 2.0165023e-17)
(100.07119 -5.3855846 0)
(99.943067 -7.2079994 0)
(99.367628 -5.3922414 0)
(99.237734 -6.081883 2.92004e-17)
(98.83606 -4.726049 -1.3521739e-17)
(98.562879 -5.1006507 1.2508633e-17)
(98.28465 -4.2360613 1.7182064e-17)
(98.055999 -4.278749 2.0639955e-21)
(97.663471 -3.6495229 -9.598471e-18)
(97.300114 -3.5472155 4.4583253e-18)
(96.954126 -3.128842 0)
(96.696532 -2.7688698 0)
(96.450142 -2.4681058 -2.801746e-17)
(96.314292 -2.1772082 2.5358238e-17)
(96.140712 -1.8638652 -2.3129163e-17)
(95.88441 -1.6150433 -4.587003e-17)
(95.735199 -1.3946013 2.4844402e-18)
(95.597532 -1.1987119 -3.8345596e-17)
(95.432043 -0.977517 2.0613536e-18)
(95.282965 -0.85326024 0)
(95.17783 -0.73176605 5.5520291e-17)
(95.075633 -0.61193759 -5.0462029e-17)
(94.980601 -0.48349092 -4.7704514e-17)
(94.891868 -0.43214352 4.3594435e-17)
(94.827378 -0.37070987 0)
(94.755969 -0.29005719 -6.9832127e-17)
(94.693902 -0.27515008 -6.3715522e-17)
(94.651363 -0.21649565 1.1522563e-16)
(94.598212 -0.18083008 0)
(94.56025 -0.15953314 7.4217836e-19)
(94.533881 -0.13858781 -8.6924184e-17)
(94.496337 -0.10444225 1.2106789e-18)
(94.471214 -0.096071317 -3.8793386e-22)
(92.806043 -13.155955 -1.4404781e-20)
(102.96274 -9.5200101 -2.8987067e-17)
(101.24761 -7.6156655 1.1237386e-17)
(101.24914 -9.7242578 -2.0955054e-17)
(100.91696 -5.8987741 -9.6248462e-18)
(100.70378 -7.6362815 1.7696141e-17)
(100.10612 -5.4977058 -8.1839094e-18)
(100.03653 -6.2885917 -2.2385489e-17)
(99.526257 -4.7877723 -4.510046e-21)
(98.967006 -5.2687465 6.4400196e-18)
(98.575175 -4.2499781 -2.3963556e-17)
(98.384806 -4.3076787 2.1905415e-17)
(98.086164 -3.5626761 1.9928444e-17)
(97.797138 -3.313884 -4.5320335e-18)
(97.391183 -2.7746801 4.1907439e-18)
(97.029447 -2.5646315 3.8727971e-18)
(96.650546 -2.2112612 -3.5990996e-18)
(96.437246 -2.1076262 -2.6539927e-17)
(96.352986 -1.8115247 2.9420815e-18)
(96.135794 -1.5175852 1.8917484e-17)
(95.865072 -1.2631513 4.0463389e-17)
(95.688564 -1.160137 4.9151713e-21)
(95.543893 -0.95736091 -6.7130525e-17)
(95.368245 -0.79865764 -1.9262064e-18)
(95.234061 -0.68547381 5.6564196e-17)
(95.133432 -0.59431888 1.6028477e-18)
(95.032412 -0.47270347 9.1532755e-17)
(94.920941 -0.38509144 -1.8502779e-22)
(94.849456 -0.35863127 1.2132401e-18)
(94.779198 -0.28840063 0)
(94.713456 -0.24698146 9.9763382e-19)
(94.666079 -0.21528145 -1.1659302e-16)
(94.610427 -0.17952588 -5.235967e-17)
(94.570622 -0.1455852 0)
(94.541127 -0.1334458 8.4634096e-17)
(94.50191 -0.10066008 -7.6362012e-17)
(94.475306 -0.086005275 -6.952244e-17)
(94.457802 -0.075956777 1.24332e-16)
(93.997954 6.6112642 1.41291e-17)
(102.56949 -10.912592 -6.1026227e-18)
(102.48396 -1.9427374 2.3363854e-17)
(102.174 -7.1730568 -1.0813109e-17)
(101.64086 -4.1733541 9.9647066e-18)
(101.34302 -6.1068322 0)
(100.81123 -4.0939728 0)
(100.67136 -5.2414047 0)
(100.22304 -3.9307857 0)
(99.755454 -4.4039559 -1.2997265e-17)
(99.093558 -3.2709437 1.2163829e-17)
(98.63922 -3.7571633 -1.6693063e-20)
(98.295144 -3.1958101 5.2402231e-18)
(98.091937 -3.2308845 1.8762226e-21)
(97.773657 -2.6704722 -4.2949934e-18)
(97.400111 -2.4621031 1.1760613e-17)
(97.009877 -2.0046008 3.6227942e-18)
(96.563087 -1.7287507 0)
(96.417411 -1.7749969 0)
(96.317925 -1.472849 -2.4535249e-17)
(96.052538 -1.2010137 -3.7992577e-17)
(95.781564 -1.0308417 3.7859484e-17)
(95.622389 -0.9159347 3.446673e-17)
(95.459895 -0.74712887 -3.1158621e-17)
(95.297889 -0.60106298 -2.8590886e-17)
(95.175357 -0.5339361 3.1579471e-21)
(95.074938 -0.47113354 -4.5497229e-17)
(94.956857 -0.35000159 4.1570689e-17)
(94.868119 -0.3095028 -3.9291544e-17)
(94.796953 -0.28401394 0)
(94.734586 -0.22783771 -9.9665428e-19)
(94.679535 -0.19759668 9.0643926e-19)
(94.62182 -0.18222049 8.1941061e-19)
(94.581371 -0.13165413 -7.3753035e-19)
(94.547311 -0.12258624 0)
(94.507031 -0.10087911 7.644248e-17)
(94.479936 -0.075645706 6.8239061e-17)
(94.461075 -0.067224743 4.7902406e-19)
(94.437712 -0.065842643 1.0996503e-16)
(94.995697 -15.058779 -2.197218e-17)
(104.64065 -6.7852775 1.9271412e-17)
(102.75478 -7.6109113 1.2399215e-17)
(103.04244 -7.829603 8.0372595e-21)
(102.30259 -4.5939388 -2.0629235e-17)
(101.87854 -6.9543805 7.9942964e-21)
(101.39605 -4.4302199 -8.8622024e-18)
(100.94016 -5.6450712 0)
(100.47689 -4.1718573 0)
(100.31277 -4.6322816 -1.3707467e-17)
(99.824292 -3.2256764 6.1703571e-18)
(99.267874 -3.498983 -5.7621615e-18)
(98.604825 -2.49047 -5.4017698e-18)
(98.238021 -2.8734403 5.0113092e-18)
(97.959206 -2.4231798 1.3706032e-17)
(97.623965 -2.3135093 -1.6562267e-17)
(97.369128 -1.9931716 3.6875038e-18)
(96.928756 -1.3904667 0)
(96.461069 -1.3160215 0)
(96.358199 -1.4546281 0)
(96.202667 -1.1716797 0)
(95.925917 -0.91854586 -3.5950163e-17)
(95.685758 -0.83246883 -2.2247989e-18)
(95.529023 -0.72393029 3.2124735e-17)
(95.371539 -0.57670857 -2.9011609e-17)
(95.214261 -0.45993084 5.3346338e-17)
(95.100018 -0.45246779 4.690506e-17)
(94.99438 -0.37314273 -4.2064339e-17)
(94.893406 -0.25576918 7.9256165e-17)
(94.809631 -0.25842523 0)
(94.752129 -0.2233816 -6.350865e-17)
(94.692948 -0.17733456 1.1559686e-16)
(94.633082 -0.17731096 5.2639883e-17)
(94.5918 -0.1306218 -4.7291689e-17)
(94.552933 -0.10949245 -6.6442422e-19)
(94.51171 -0.10013494 -7.5157486e-17)
(94.484883 -0.069547296 -6.9346228e-17)
(94.463553 -0.057446139 -5.9952328e-17)
(94.43829 -0.063410624 -4.2927249e-19)
(94.427548 -0.053356135 3.7663936e-19)
(97.023253 4.8431837 -7.4354767e-18)
(105.17672 -9.7312793 0)
(103.63774 -0.5776922 0)
(103.74358 -6.7077527 -2.3555608e-17)
(102.94954 -3.2392695 1.07234e-17)
(102.86884 -5.1587866 9.7175029e-21)
(102.1905 -3.0914235 0)
(101.54981 -4.3557379 4.1897645e-18)
(100.6081 -3.0433915 -3.9833476e-18)
(100.46805 -4.2305841 2.5551849e-17)
(100.14981 -2.9789974 -9.8313307e-18)
(99.833251 -3.3471956 -1.4456201e-17)
(99.27272 -2.0918058 5.3162253e-18)
(98.60422 -2.3095185 -2.5063011e-18)
(98.12505 -1.8753954 -1.6410974e-17)
(97.718616 -1.97198 -2.1637957e-18)
(97.505786 -1.9426762 0)
(97.241632 -1.5722351 0)
(96.75244 -0.97377005 1.6007322e-18)
(96.375399 -1.0011225 -2.5820146e-17)
(96.241424 -1.1183002 0)
(96.057997 -0.88036766 3.8312223e-17)
(95.780979 -0.70094542 0)
(95.578701 -0.64043996 0)
(95.429328 -0.56230671 -1.8306139e-18)
(95.26261 -0.41961589 1.667462e-18)
(95.119632 -0.38222744 -4.9054288e-17)
(95.019987 -0.3707852 4.3960877e-17)
(94.924067 -0.25837659 -1.1836206e-21)
(94.82495 -0.20287954 0)
(94.764326 -0.21145042 6.5885061e-17)
(94.705015 -0.16900349 -5.9047472e-17)
(94.644948 -0.15666314 0)
(94.6017 -0.13125951 9.3798181e-17)
(94.558304 -0.098738064 -8.4326708e-17)
(94.516331 -0.094022552 7.5580434e-17)
(94.489841 -0.066868584 0)
(94.465421 -0.048638205 -6.0028222e-17)
(94.439008 -0.057202639 5.3870929e-17)
(94.428776 -0.05116315 1.8224045e-19)
(94.412958 -0.053001523 0)
(98.562805 -4.8590121 7.3401352e-18)
(105.04156 -6.5782218 -6.7889071e-18)
(104.26624 -4.7649223 6.5055974e-18)
(104.34592 -5.7263888 6.0591742e-18)
(103.17261 -3.6895061 0)
(103.3903 -5.2324456 1.0234625e-17)
(102.67363 -3.0255473 -4.6807991e-18)
(102.37868 -4.4077062 8.3208805e-18)
(101.45707 -1.806188 -3.9165965e-18)
(100.78461 -3.151012 -1.4726872e-17)
(100.21352 -2.2756238 9.8540744e-21)
(99.954798 -3.3347621 -3.512946e-21)
(99.609717 -2.1635479 -1.9610036e-17)
(99.034342 -2.2511553 1.7597174e-17)
(98.536452 -1.60963 2.3259261e-18)
(97.938328 -1.22122 1.5125591e-21)
(97.54335 -1.4446492 1.2440664e-21)
(97.334858 -1.5217455 -1.8131942e-18)
(97.01632 -1.2590761 2.5743527e-17)
(96.559409 -0.59965098 2.389856e-17)
(96.236927 -0.95117091 1.3411965e-18)
(96.110532 -0.85325317 -4.2370248e-17)
(95.889156 -0.64156098 -3.4239024e-17)
(95.637346 -0.50318197 0)
(95.460978 -0.51627088 2.994358e-17)
(95.307777 -0.42931919 0)
(95.151029 -0.31261433 0)
(95.037082 -0.31293695 -4.5195609e-17)
(94.946407 -0.27328229 -3.9023201e-17)
(94.845093 -0.18342536 0)
(94.77613 -0.17251268 -6.416968e-17)
(94.714704 -0.16422481 2.5103319e-23)
(94.656011 -0.13577485 -5.2346933e-17)
(94.610742 -0.12483735 -9.2901128e-17)
(94.563778 -0.094618714 1.666607e-16)
(94.521433 -0.080298854 -7.4300208e-17)
(94.494256 -0.062774456 -6.6436127e-17)
(94.467089 -0.046029945 5.892317e-17)
(94.440424 -0.045682327 -6.5572411e-23)
(94.429219 -0.048204849 0)
(94.41411 -0.052286497 0)
(94.401847 -0.034846608 7.3237932e-17)
(98.128044 -2.5239133 -7.8074279e-18)
(106.70186 -7.1587722 7.7188025e-21)
(105.28891 -1.2137915 1.2971583e-17)
(105.17794 -5.7013395 -6.1546518e-18)
(103.58085 -1.5384676 1.1683855e-17)
(103.63233 -4.5689366 0)
(102.8289 -2.3614077 5.0136993e-18)
(102.67479 -4.2423652 -1.3499242e-17)
(102.23212 -2.0344152 1.5878545e-17)
(101.60815 -2.7084589 0)
(100.70059 -1.1201563 1.3717847e-17)
(100.0254 -1.8306815 -1.3094106e-17)
(99.599373 -1.8203791 2.3095088e-17)
(99.198798 -2.1143506 -4.2610873e-17)
(98.855044 -1.6515193 -1.8597184e-17)
(98.300961 -1.3943286 0)
(97.727208 -0.80846488 2.0309722e-18)
(97.361283 -1.0506008 2.6597862e-17)
(97.10858 -1.1502267 -2.5294002e-17)
(96.745275 -0.94383551 1.5068674e-18)
(96.353886 -0.38862766 -1.3889947e-18)
(96.124144 -0.66194063 4.159639e-17)
(95.941164 -0.60815228 7.6635639e-22)
(95.705859 -0.43495563 0)
(95.485751 -0.41577189 -2.9505467e-17)
(95.335296 -0.40473 -8.5404338e-19)
(95.189871 -0.32837492 0)
(95.060369 -0.21965966 0)
(94.95893 -0.24551656 0)
(94.862538 -0.19558977 0)
(94.790904 -0.14132776 1.2789077e-16)
(94.724334 -0.14804145 4.5174055e-19)
(94.665042 -0.12324093 5.1865257e-17)
(94.618256 -0.1106139 9.2323277e-17)
(94.569441 -0.094790006 -8.1992033e-17)
(94.527158 -0.067114233 7.3004813e-17)
(94.497792 -0.053435629 6.5516477e-17)
(94.468561 -0.049259871 0)
(94.442588 -0.032998 -5.1742054e-17)
(94.429078 -0.04202266 0)
(94.414905 -0.050420677 8.0746914e-17)
(94.404011 -0.034585391 1.3755618e-19)
(94.388744 -0.029269063 -6.3476426e-17)
(100.64505 -1.7945185 8.7650321e-21)
(107.12956 -6.8099056 -3.9822435e-18)
(105.54106 -1.0830891 0)
(105.70257 -4.5248845 -6.5896223e-18)
(104.17717 -1.0168601 -1.2110489e-17)
(104.19104 -3.547294 0)
(103.14144 -0.69791464 0)
(102.74127 -3.1578046 6.6380955e-21)
(102.38998 -1.9197266 -1.7268556e-17)
(101.89551 -2.7220132 1.4723201e-17)
(101.17985 -1.7048722 3.4987965e-18)
(100.467 -1.4193846 -3.2209635e-18)
(99.582092 -1.3941097 0)
(99.254394 -1.5643285 2.5519492e-17)
(98.930319 -1.3987631 1.6595895e-17)
(98.484959 -1.3211677 2.2275309e-18)
(97.988393 -1.0517424 -4.0678856e-18)
(97.508655 -0.62395794 -6.9418642e-21)
(97.146998 -0.73763551 3.5062059e-18)
(96.833984 -0.81295837 -2.6563758e-17)
(96.488702 -0.6352485 -1.4015669e-18)
(96.175138 -0.27041432 1.2940483e-18)
(95.950005 -0.51653606 1.5918721e-21)
(95.745498 -0.41673994 1.0475709e-18)
(95.526068 -0.32813425 -9.527871e-19)
(95.354745 -0.31087614 0)
(95.216711 -0.32033688 0)
(95.091056 -0.20831648 -4.4305608e-17)
(94.972662 -0.17422029 0)
(94.875251 -0.18181422 5.658931e-19)
(94.803379 -0.13616653 -3.2682697e-17)
(94.735176 -0.12633274 5.7802325e-17)
(94.673779 -0.11237716 2.5808028e-23)
(94.624244 -0.094401892 -4.6332124e-17)
(94.57437 -0.088410949 4.0798369e-17)
(94.533035 -0.061472432 -7.2609366e-17)
(94.500641 -0.040216633 6.4286876e-17)
(94.469645 -0.050234437 -5.779902e-17)
(94.445389 -0.029768808 1.9772737e-19)
(94.429002 -0.035913597 -4.3888511e-17)
(94.415579 -0.046016242 -7.9415573e-17)
(94.405428 -0.032402889 -6.7727059e-17)
(94.389663 -0.031604025 6.1395385e-17)
(94.379048 -0.0094819403 -1.5529041e-19)
(101.47914 5.1516355 4.5550975e-18)
(107.64929 -2.5770714 3.972974e-18)
(105.42975 -1.0745944 1.0777453e-17)
(105.95716 -4.4105279 6.9711934e-18)
(104.75949 -1.1788551 0)
(104.70511 -3.7734405 -8.5427291e-18)
(103.72992 -0.77481477 -2.5700504e-18)
(103.43193 -2.1038653 -2.3098733e-18)
(102.45404 -0.39506052 2.2519603e-18)
(101.87721 -2.4463073 -3.185237e-17)
(101.32975 -1.2544445 0)
(100.80048 -2.019136 0)
(100.20919 -0.53825284 0)
(99.430457 -0.25216838 0)
(98.882636 -0.98628823 2.0069529e-17)
(98.530905 -1.1146666 0)
(98.132435 -0.85868158 -1.6238296e-17)
(97.668496 -0.71570718 -6.0844746e-17)
(97.233774 -0.50217341 -5.2245701e-22)
(96.875065 -0.4872026 2.560913e-17)
(96.550645 -0.5595294 7.1817288e-19)
(96.254853 -0.36023436 0)
(95.966219 -0.23289132 2.0438481e-21)
(95.755704 -0.3817288 3.4253626e-17)
(95.569393 -0.30969712 -2.9494774e-17)
(95.383752 -0.20372084 -4.3139241e-19)
(95.232533 -0.2532139 -3.9085026e-19)
(95.113035 -0.20760192 4.4623131e-17)
(94.991609 -0.14946548 0)
(94.88895 -0.12988569 -3.5954113e-17)
(94.811361 -0.12382356 -3.2529069e-17)
(94.743641 -0.11627314 -1.1369346e-16)
(94.683918 -0.10086618 -5.0561508e-17)
(94.62977 -0.080251353 -3.5426281e-19)
(94.578126 -0.076505262 -8.0370038e-17)
(94.538338 -0.059384129 7.1627383e-17)
(94.502963 -0.031854235 -2.4601975e-19)
(94.470959 -0.04331951 5.6176197e-17)
(94.448344 -0.028485076 1.9346953e-19)
(94.429264 -0.02639455 8.7908068e-17)
(94.416267 -0.033948974 1.506758e-19)
(94.405523 -0.030671911 6.6091013e-17)
(94.39129 -0.033742484 0)
(94.37912 -0.0099418431 -5.1004772e-17)
(94.376283 -0.038586216 -9.1353497e-17)
(100.90435 -13.292587 4.6873093e-18)
(109.2007 -4.8154852 -7.7212545e-18)
(105.93089 -1.6651412 -1.3519954e-20)
(106.57732 -4.7420947 3.4934344e-18)
(105.42654 0.075202449 -3.2115588e-18)
(104.95796 -3.133814 4.3900575e-21)
(103.96737 -0.56498648 2.7392252e-18)
(103.86844 -2.3768238 9.8546402e-18)
(102.7513 0.018527299 0)
(102.05927 -1.6470806 1.6563787e-17)
(101.40298 0.17437315 -1.948547e-18)
(100.87584 -1.6616794 1.5606263e-17)
(100.48039 -0.59275829 -1.2427025e-17)
(99.680725 -0.82213287 1.3728482e-18)
(99.038327 0.13701148 -2.2145432e-17)
(98.560127 -0.11628807 -1.9612715e-17)
(98.160962 -0.55511169 3.2770953e-17)
(97.739308 -0.48167711 2.9920603e-17)
(97.312102 -0.43543033 2.7149537e-17)
(96.92551 -0.30338119 -2.4848867e-17)
(96.581195 -0.32949658 7.3454367e-19)
(96.296075 -0.3123729 -6.3434731e-19)
(96.010088 -0.23631948 1.6207456e-21)
(95.769697 -0.19944396 -3.4768616e-17)
(95.592806 -0.26031372 6.1955558e-17)
(95.415021 -0.17341586 0)
(95.249886 -0.14927415 -2.4449377e-17)
(95.12379 -0.16297471 4.4362991e-17)
(95.004654 -0.14591113 -3.1003462e-19)
(94.906302 -0.1071705 3.5672088e-17)
(94.819735 -0.08378592 3.1761504e-17)
(94.748552 -0.10310765 5.7449839e-17)
(94.692002 -0.089823719 4.952163e-17)
(94.635409 -0.071489198 4.4466076e-17)
(94.581458 -0.061461121 3.9616119e-17)
(94.542672 -0.053252193 3.5034168e-17)
(94.504542 -0.030862757 -1.2364293e-16)
(94.473236 -0.036835178 5.4974076e-17)
(94.450821 -0.01467453 0)
(94.429469 -0.024373731 -4.3149017e-17)
(94.417068 -0.015904184 0)
(94.404966 -0.027921166 6.4308381e-20)
(94.39257 -0.032892675 -5.5287974e-20)
(94.379108 -0.0095439993 9.9998375e-17)
(94.376338 -0.038019625 -4.4563343e-17)
(94.363215 -0.0060043632 -7.7762396e-17)
(102.16101 10.892058 -7.0848275e-18)
(109.23845 -5.4475274 -7.9720234e-18)
(106.71606 2.9745809 1.9865885e-18)
(107.53507 -2.818674 -8.6044657e-18)
(106.0964 1.5649984 -1.6121496e-18)
(105.39634 -2.1022949 1.5003877e-18)
(104.11865 1.3550511 1.3011599e-17)
(103.85703 -1.7397384 -1.1481816e-17)
(102.93345 0.22311924 1.184005e-18)
(102.47347 -0.96904424 -1.818717e-17)
(101.76704 0.57310263 9.4324204e-19)
(100.91431 0.097101208 -1.4078647e-17)
(100.41289 -0.093325919 -3.1516468e-22)
(99.751263 -0.55686907 1.110103e-17)
(99.218821 -0.3300638 -6.4997453e-19)
(98.655879 -0.10792308 1.9437466e-17)
(98.155943 0.018006581 -3.3866104e-17)
(97.748039 -0.30677518 -4.9893141e-19)
(97.359795 -0.20411695 -2.7483505e-17)
(96.971123 -0.21148588 5.0324649e-17)
(96.618971 -0.12895141 3.654147e-19)
(96.306725 -0.18447084 2.0327156e-17)
(96.038366 -0.22151128 3.7923939e-17)
(95.81412 -0.087603648 2.6391151e-19)
(95.608239 -0.12631816 -2.4359412e-19)
(95.432313 -0.13688613 2.7437202e-17)
(95.268499 -0.1061995 4.7746944e-22)
(95.131584 -0.091539387 -4.4828015e-17)
(95.011146 -0.11524925 0)
(94.919869 -0.10203512 0)
(94.832755 -0.061305393 -3.1262508e-17)
(94.753083 -0.063724276 7.9015744e-24)
(94.695263 -0.077977891 -9.7480381e-20)
(94.639848 -0.066020192 -4.3635694e-17)
(94.585084 -0.050530335 3.8893767e-17)
(94.546151 -0.044172473 -6.8708337e-17)
(94.505456 -0.030917862 6.1101419e-17)
(94.475883 -0.036653209 -1.0763297e-16)
(94.453757 -0.0054784621 -4.7246785e-17)
(94.430318 -0.020775637 4.1500582e-17)
(94.418051 -0.012630861 -3.6123772e-17)
(94.404939 -0.016181946 0)
(94.392898 -0.031581077 0)
(94.379841 -0.0088718269 -9.7249803e-17)
(94.377321 -0.034338756 -1.4157174e-23)
(94.362557 0.00082981679 1.4990759e-16)
(94.356039 -0.049308614 1.3023276e-16)
(103.14738 -0.14910145 1.1736207e-18)
(108.9892 -3.1783419 0)
(107.08693 1.0571211 0)
(107.8487 -2.9622809 8.0878823e-18)
(106.48913 1.9970234 -8.1421406e-19)
(105.71353 -2.1920452 1.1269429e-17)
(104.54048 2.2384797 -1.0244109e-17)
(103.79835 -1.1143091 1.0030625e-17)
(103.02364 1.4780403 -1.2419674e-18)
(102.5318 -0.77645019 1.8471688e-17)
(102.0324 0.62558626 -5.0525904e-19)
(100.98365 -0.11644751 0)
(100.30307 0.37823272 1.3115109e-17)
(99.741237 -0.28260122 -6.4767364e-22)
(99.285549 0.068072424 -3.290344e-19)
(98.767219 0.032935198 6.0277846e-19)
(98.195859 0.17939854 -2.7575194e-19)
(97.746296 0.0036836075 2.665835e-19)
(97.3776 -0.06143524 -1.4356336e-17)
(96.994774 -0.10564067 -2.6333204e-17)
(96.651968 -0.019447639 -1.8098031e-19)
(96.306441 -0.016021617 -2.0971861e-17)
(96.052476 -0.10647962 0)
(95.840945 -0.094310328 0)
(95.631078 -0.043850528 -3.0536872e-17)
(95.440016 -0.071614939 -4.5450843e-22)
(95.278312 -0.083692865 2.496649e-17)
(95.141845 -0.061839075 0)
(95.017141 -0.057208614 0)
(94.926008 -0.076996161 3.5249348e-17)
(94.844456 -0.063108013 3.0758662e-17)
(94.760378 -0.038783966 4.0889732e-24)
(94.696775 -0.051282825 2.4902781e-17)
(94.642083 -0.059708255 -4.3835965e-17)
(94.588683 -0.041927269 5.1919769e-23)
(94.548763 -0.035851727 6.734738e-17)
(94.506334 -0.028023879 3.0026968e-17)
(94.478577 -0.03336027 1.050897e-16)
(94.45777 -0.005954127 4.603964e-17)
(94.431843 -0.0053298429 -1.1506916e-22)
(94.418913 -0.0088720961 3.4810662e-17)
(94.403793 0.005681954 0)
(94.39237 -0.02691272 0)
(94.380699 -0.0061916234 9.312555e-17)
(94.377973 -0.033768542 4.1158483e-17)
(94.360176 -0.0056106411 -7.1755419e-17)
(94.354611 -0.047417152 -6.2583646e-17)
(94.342554 -0.00027101373 5.3514034e-17)
(94.440721 -0.052528255 -1.4526018e-21)
(102.51274 3.3314024 0)
(110.71792 -2.526923 0)
(107.6323 5.5308486 1.2931364e-19)
(107.56348 -1.4083051 -7.5588945e-18)
(106.52131 2.811001 6.8286806e-18)
(105.8226 -1.6233527 0)
(105.15579 2.2141522 -1.1498357e-17)
(104.09239 -0.34049809 8.0625072e-20)
(103.26572 2.369537 -7.6330267e-20)
(102.4796 0.26804869 0)
(101.97782 1.2965176 -6.4942049e-20)
(100.98429 0.4198072 5.9145841e-20)
(100.46378 0.93824731 0)
(99.767405 1.0927541 -7.9500479e-22)
(99.303092 0.30270256 0)
(98.823027 0.29324576 0)
(98.232318 0.40120525 1.749779e-17)
(97.73123 0.4516368 1.6377424e-17)
(97.337794 0.36428356 1.4538926e-17)
(96.980999 0.2264122 0)
(96.660695 0.10001701 0)
(96.327618 0.093766268 2.1289804e-17)
(96.060828 0.13125489 -1.9001825e-17)
(95.842794 -0.036563908 0)
(95.641341 -0.029031174 -3.0616325e-17)
(95.443661 -0.031191689 1.3347057e-20)
(95.283155 -0.040491965 2.3044274e-24)
(95.151174 -0.04335087 -1.0785048e-20)
(95.026135 -0.0053483745 -1.9678189e-17)
(94.928819 -0.026803788 -3.5198034e-17)
(94.849223 -0.045850725 -1.9752915e-22)
(94.766259 -0.042616218 -2.6733125e-17)
(94.700127 -0.024833667 -2.4360657e-17)
(94.643307 -0.039678374 4.3422777e-17)
(94.590809 -0.030601222 -3.7742416e-17)
(94.550368 -0.026427837 -3.314172e-17)
(94.507558 -0.019107358 -2.9250261e-17)
(94.481419 -0.022136001 -5.0867936e-17)
(94.461348 -0.0096158835 2.7251719e-21)
(94.432701 -0.0036648239 -2.4723846e-21)
(94.419171 -0.0018799232 3.364676e-17)
(94.402025 0.004803531 2.9498677e-17)
(94.393267 -0.0022440829 -5.2038794e-17)
(94.380916 -0.0038638635 -4.5345332e-17)
(94.3775 -0.030605993 0)
(94.357388 -0.0054575168 0)
(94.352964 -0.045336227 -4.6018323e-22)
(94.343782 0.0015855224 3.6234642e-22)
(94.438906 -0.02162402 -4.5405971e-17)
(104.23231 7.8492632 -5.4484531e-18)
(110.81454 -1.7951569 -1.2933286e-18)
(108.09534 4.8933706 -1.0319652e-18)
(107.49477 -0.7348149 -1.482017e-21)
(106.26906 4.331522 -7.0680267e-18)
(105.78234 -0.21863529 -6.5938019e-18)
(105.40182 3.3711683 1.3236864e-17)
(104.13693 0.095174263 -1.1998576e-17)
(103.46359 2.6348844 -7.3780557e-22)
(102.39197 1.1260106 -8.9712445e-18)
(101.71614 1.9531704 0)
(100.95651 0.71336956 0)
(100.65268 1.2073676 0)
(99.82307 0.48353454 -1.256134e-17)
(99.226254 1.4192267 0)
(98.684936 0.80192465 0)
(98.23779 0.63422098 1.8770591e-17)
(97.708632 0.51661076 -3.1887343e-17)
(97.317476 0.3911161 -2.2473488e-19)
(96.968541 0.30410449 2.1766296e-19)
(96.653779 0.21968904 0)
(96.343014 0.15062559 -2.1398839e-17)
(96.06429 0.22236238 1.8891579e-17)
(95.822641 0.20132185 1.7549769e-17)
(95.625352 0.095559037 3.0632838e-17)
(95.444665 0.034513544 -2.3819825e-22)
(95.287659 0.050412974 2.4506659e-17)
(95.157267 0.0056195083 -2.1581624e-17)
(95.034322 0.0075825276 1.9287909e-17)
(94.932993 0.022966208 1.6482407e-23)
(94.84903 -0.0074386947 -9.6236855e-23)
(94.767588 -0.025757335 -1.0231849e-19)
(94.70424 -0.016784411 2.3804099e-17)
(94.646939 0.00051609715 0)
(94.591567 -0.0046181569 0)
(94.551176 -0.015621183 -3.2634543e-17)
(94.508961 -0.00066532043 -5.5650937e-20)
(94.483521 -0.016314231 0)
(94.463974 -0.0074463299 2.1546987e-17)
(94.432827 0.00037178602 -3.8961557e-17)
(94.419164 0.0039957616 -6.604087e-17)
(94.401793 0.0039530784 -2.8627986e-17)
(94.394547 -0.0058406202 5.0683734e-17)
(94.378304 0.0082636605 4.3941363e-17)
(94.374962 -0.028487249 3.7943942e-17)
(94.35581 -0.0014398091 -1.6290686e-20)
(94.351283 -0.043708117 7.1093654e-21)
(94.341736 0.0034077558 -7.5773306e-17)
(94.434367 -0.06278258 4.3472442e-17)
(106.16835 4.0801706 2.8282521e-18)
(111.1411 -0.054419182 2.4825329e-18)
(108.07615 5.6654545 -4.3519228e-18)
(107.90034 0.69815737 -2.1105861e-18)
(106.18028 5.0804576 9.5462815e-18)
(105.72919 1.4235879 6.4996921e-18)
(105.34351 4.0280832 6.8717703e-18)
(104.13675 1.0303402 6.2824955e-18)
(103.49492 3.1420122 -1.1106558e-17)
(102.25913 1.4168109 1.0968601e-17)
(101.86333 2.3030281 1.0562614e-18)
(100.94984 1.2734505 -8.7102576e-18)
(100.53211 1.7482705 -7.1612306e-18)
(99.773862 1.8549721 0)
(99.118064 1.2591975 -1.1815412e-17)
(98.594449 0.92063606 0)
(98.227312 0.73356735 -2.0053774e-17)
(97.726083 0.6199745 1.6411426e-17)
(97.332231 0.53052695 4.6908236e-19)
(96.961984 0.54236118 1.4112213e-17)
(96.592871 0.52072588 -3.7599002e-19)
(96.30719 0.36786367 3.3626555e-19)
(96.051275 0.26735435 2.0023973e-17)
(95.806765 0.21488852 -3.4368728e-17)
(95.615225 0.12484021 0)
(95.451774 0.11622641 -4.1036524e-17)
(95.290391 0.067568345 -4.7715215e-17)
(95.161156 0.028614133 2.1847273e-17)
(95.03903 0.016027536 -1.9013036e-17)
(94.935987 0.026248754 -1.3434415e-19)
(94.84451 0.038362041 -2.9407845e-17)
(94.766068 -0.0010424013 2.6373596e-17)
(94.707657 0.0018531123 -2.3050568e-17)
(94.651048 -0.0076757905 2.0717412e-17)
(94.593123 0.018311966 1.3968465e-19)
(94.552148 0.0075863203 6.2706254e-17)
(94.510142 0.019973368 1.0730099e-19)
(94.484137 -0.0060032132 -9.3943351e-20)
(94.464989 -0.0050895181 -2.0642273e-17)
(94.433947 -0.00061173334 -1.4600618e-19)
(94.420069 0.007835908 3.2308799e-17)
(94.402824 0.011579296 2.7740724e-17)
(94.394306 0.0081611072 2.4463519e-17)
(94.375068 0.010728704 -4.2016349e-17)
(94.374005 -0.029364629 -7.4853466e-23)
(94.355557 0.0030271063 1.5873913e-20)
(94.348737 -0.037880753 0)
(94.332838 0.006935633 2.4140118e-17)
(94.43199 -0.06533614 0)
(106.78217 10.503804 5.8844097e-18)
(111.6279 1.0570172 -2.3989961e-18)
(107.87631 7.4141492 4.5204463e-18)
(108.00012 1.3522585 0)
(106.22214 5.9373704 -1.2545456e-17)
(105.80125 1.999564 0)
(105.14718 5.0192522 -1.3223205e-17)
(103.97743 2.5640635 7.6398328e-18)
(103.44143 3.8409756 8.8944835e-18)
(102.11669 1.9266767 3.7600158e-18)
(101.93388 2.7809398 -8.3906402e-18)
(100.8246 3.6476407 9.0046844e-18)
(100.23399 2.2318761 1.4862563e-17)
(99.706924 1.6806573 6.0221275e-18)
(99.103066 1.4649129 1.2607475e-17)
(98.612804 1.3146494 9.8661765e-18)
(98.124046 1.341236 -9.788478e-18)
(97.65526 1.1208484 1.0870113e-18)
(97.237521 1.1128299 -9.6528847e-19)
(96.866718 0.74224542 -1.2883174e-17)
(96.55321 0.57679277 0)
(96.285132 0.43662336 -6.6066048e-19)
(96.046595 0.33484992 -1.9958254e-17)
(95.802843 0.27760691 -5.9341062e-22)
(95.621597 0.18693112 -1.5483678e-17)
(95.455586 0.15071163 1.3960137e-17)
(95.290853 0.12542832 2.3240849e-17)
(95.152946 0.11536882 -1.0249754e-17)
(95.035578 0.070007035 1.8977899e-17)
(94.936617 0.054793714 2.9541904e-23)
(94.844104 0.03321986 -2.256017e-19)
(94.768319 0.024320041 2.0284735e-19)
(94.709521 0.014409194 -1.7990126e-19)
(94.650835 0.0077045061 1.2620841e-22)
(94.594468 0.013734931 0)
(94.553413 0.017955484 -4.6389362e-17)
(94.51106 0.025889825 1.0634737e-19)
(94.479453 0.036137404 -9.1503681e-20)
(94.464431 -0.0034552086 0)
(94.437921 0.017684636 1.7773612e-17)
(94.420811 0.013755721 -1.5420738e-17)
(94.40303 0.015040285 -2.6949803e-17)
(94.392814 0.01245314 -2.3351357e-17)
(94.374434 0.0094151539 3.9541471e-20)
(94.374115 -0.010819811 -5.3348637e-17)
(94.354399 0.018547364 3.0426166e-20)
(94.34287 -0.031924867 0)
(94.323816 0.0091387587 2.318704e-17)
(94.429607 -0.056014215 -4.9154561e-21)
(107.32808 7.2532995 2.907398e-18)
(111.45749 1.122917 -8.2447715e-18)
(107.88685 7.6130359 1.6261496e-21)
(108.2715 2.0545393 0)
(106.40548 7.6803834 -6.3974607e-21)
(105.73404 2.8925724 -7.7222456e-21)
(104.73784 6.3804559 6.4306429e-18)
(103.51676 3.3054007 3.1002578e-18)
(103.59097 4.4032363 -2.7933059e-18)
(101.91254 4.6553982 -5.2300695e-18)
(101.5775 3.3965617 8.6246708e-18)
(100.81759 2.2848073 -4.2640827e-18)
(100.21895 2.4411224 -1.9872784e-18)
(99.60737 2.5139568 -5.208375e-18)
(98.99178 2.182801 7.7095375e-18)
(98.440052 2.4402313 -1.1012155e-17)
(97.929533 1.6599631 -1.2331867e-18)
(97.509594 1.291507 0)
(97.15477 0.96781243 7.9868504e-18)
(96.832852 0.69073702 -7.2059144e-18)
(96.56044 0.65207221 -7.7584592e-19)
(96.288828 0.60212668 6.8182402e-19)
(96.017705 0.59411053 -6.2871587e-19)
(95.800457 0.40985222 1.8794384e-17)
(95.588892 0.50069414 2.3503298e-17)
(95.406709 0.28742462 -1.3493598e-17)
(95.263348 0.26496289 0)
(95.124308 0.16997918 1.0475856e-17)
(95.030919 0.090371968 -2.8671981e-19)
(94.939378 0.062705397 2.6128027e-19)
(94.846509 0.044940768 0)
(94.770896 0.044380172 0)
(94.707756 0.077359487 -1.1396089e-17)
(94.643182 0.033098885 -2.0128996e-17)
(94.593676 0.037052136 2.7505232e-19)
(94.552981 0.029484432 1.5340596e-17)
(94.511131 0.036547829 1.3281886e-17)
(94.475723 0.037167416 0)
(94.464417 -0.00033832889 0)
(94.440762 0.016291958 -1.7163114e-17)
(94.421179 0.019747235 3.0129946e-17)
(94.401104 0.021149853 1.0192375e-19)
(94.392787 0.0056101977 2.0013378e-24)
(94.3754 0.014141911 -7.7153946e-20)
(94.371793 -0.01635869 -5.6776795e-23)
(94.348794 0.023572539 0)
(94.336249 -0.030984731 0)
(94.31726 0.0112963 -2.23499e-17)
(94.426191 -0.053536609 0)
(106.52867 10.537522 1.5886655e-18)
(111.66025 2.8884115 2.8816901e-18)
(107.95672 8.7300845 2.7623101e-18)
(108.35869 2.6484865 0)
(106.65179 8.5498598 -4.239139e-18)
(105.34618 3.560156 2.003674e-18)
(104.70134 6.7757786 3.2862565e-18)
(103.44103 2.7946914 3.4135168e-18)
(103.28349 5.5217714 3.6276016e-21)
(101.90461 1.8241738 -2.7565011e-18)
(101.60983 3.6344229 0)
(100.76958 3.4976143 4.470108e-18)
(99.92927 3.1666481 -9.5723764e-18)
(99.306275 2.7537619 1.733268e-18)
(98.764571 2.3096275 -3.1564304e-18)
(98.290781 1.2561066 0)
(97.836944 1.4853587 1.5305142e-17)
(97.481941 1.2550686 1.1614289e-18)
(97.123702 1.177395 -4.1016677e-18)
(96.8008 1.3113931 6.3704647e-18)
(96.48907 1.0094891 0)
(96.18917 1.0032564 0)
(95.946852 0.63218163 5.610158e-18)
(95.744844 0.65021519 -5.5177711e-19)
(95.530558 0.39468864 -7.6463107e-18)
(95.381928 0.27319978 1.3204263e-17)
(95.250647 0.23709927 0)
(95.118101 0.1838261 -6.4350798e-19)
(95.032741 0.13899369 9.8457314e-18)
(94.932311 0.13759255 -7.8062196e-18)
(94.837751 0.083714034 -9.0177676e-19)
(94.76504 0.084681726 3.8758665e-19)
(94.700834 0.034910898 1.0783448e-17)
(94.640214 0.028957466 3.0696126e-19)
(94.589789 0.024996444 2.6582462e-19)
(94.551873 0.033554609 -4.5095618e-19)
(94.515018 0.024451996 -1.2793856e-17)
(94.47739 0.052678463 1.7527738e-19)
(94.461329 0.043091945 9.7794924e-18)
(94.440989 0.021196612 0)
(94.418978 0.039014584 -1.4660276e-17)
(94.400217 0.019105356 -9.8029434e-20)
(94.393714 0.012036557 -1.9604926e-24)
(94.371562 0.023777446 7.4776799e-20)
(94.367561 -0.016359058 1.653407e-17)
(94.343058 0.015899779 7.156561e-18)
(94.331756 -0.031768263 2.4270653e-20)
(94.312413 0.015855897 -2.102316e-20)
(94.421768 -0.056948823 0)
(107.15337 8.0926878 -1.7484232e-18)
(112.47996 2.8788434 7.345245e-19)
(108.0485 11.450194 0)
(108.09048 3.4963146 5.0530271e-18)
(106.80967 9.2848585 -5.2691228e-18)
(105.12478 3.454168 -1.0623099e-18)
(105.37766 7.4750842 2.5447821e-18)
(103.15605 6.3755251 -3.4370365e-18)
(102.70178 6.1221381 2.8180741e-18)
(101.62264 5.9781161 1.3933269e-18)
(101.12079 4.9245021 -2.3973847e-18)
(100.18146 4.0304019 2.1174255e-18)
(99.608008 3.3506252 0)
(99.144942 2.7290427 1.8239516e-18)
(98.693963 2.1607815 -4.9397742e-18)
(98.152813 2.709598 0)
(97.703308 1.683867 -6.4270278e-18)
(97.349542 2.0251266 1.1402271e-18)
(96.966187 1.5862369 -6.029596e-18)
(96.644304 1.2883191 0)
(96.346093 1.0501896 0)
(96.110866 0.6644289 1.4142422e-18)
(95.906772 0.58048868 -6.3104611e-18)
(95.694892 0.41031416 0)
(95.511583 0.28722525 -9.8107625e-19)
(95.383707 0.30049258 4.2528506e-18)
(95.254176 0.27750654 -7.4280327e-19)
(95.119758 0.23078741 3.2300348e-18)
(95.005564 0.28595435 -8.6483233e-18)
(94.898882 0.18673043 6.9400526e-18)
(94.825283 0.094965013 4.4537443e-19)
(94.763588 0.09493885 0)
(94.699014 0.027126121 -2.7712369e-18)
(94.635987 0.058450598 2.9656061e-19)
(94.585454 0.021772423 -2.5969597e-19)
(94.552794 0.034096017 2.2400847e-19)
(94.521003 0.023757749 2.7401046e-18)
(94.48203 0.061417696 1.6721267e-19)
(94.451958 0.035806925 -9.3240711e-18)
(94.438954 0.030039344 4.0892211e-18)
(94.416863 0.029410212 0)
(94.400443 0.021957477 9.5642731e-20)
(94.39166 0.03167842 -8.3434083e-20)
(94.366293 0.01214235 0)
(94.364857 -0.019265502 3.9935949e-18)
(94.339926 0.01575538 -6.9259053e-18)
(94.327793 -0.029075999 0)
(94.303768 0.018580384 0)
(94.417203 -0.057852048 -4.4488898e-18)
(106.59702 20.996271 7.0022368e-18)
(112.11974 4.2421009 -7.3042524e-18)
(108.42933 13.459676 0)
(107.99596 5.0452389 0)
(106.78738 10.380941 -2.7026215e-18)
(104.5064 6.6839203 4.306139e-18)
(105.31696 7.732295 -2.7290767e-18)
(102.66605 5.0966561 3.3090405e-18)
(102.60682 6.1976502 -7.1248916e-19)
(101.34544 5.4398048 1.4152179e-18)
(100.55234 5.0177022 -2.320646e-18)
(99.963793 3.8328478 1.1470088e-18)
(99.546396 3.3789646 1.0638695e-18)
(98.966105 3.4545915 0)
(98.396814 3.3868776 0)
(97.918159 2.6322469 0)
(97.48843 2.6286329 -1.2936764e-18)
(97.126598 1.8858569 -3.4209856e-18)
(96.823377 1.558057 5.1004703e-18)
(96.541589 1.1293691 4.9258192e-22)
(96.283457 0.95585149 1.6146632e-18)
(96.065373 0.87487304 -1.4297756e-18)
(95.852076 0.91174849 -1.2529326e-18)
(95.656989 0.69152331 -2.1495711e-22)
(95.503115 0.78956372 1.9828178e-18)
(95.364624 0.53803366 -2.5827299e-18)
(95.214666 0.42283183 2.2258221e-18)
(95.079206 0.34640656 -1.275201e-18)
(94.976754 0.23627092 -5.6220279e-19)
(94.888585 0.20319723 0)
(94.823121 0.12187584 -4.4739881e-19)
(94.767704 0.13228412 -1.1259951e-18)
(94.693782 0.18475858 -3.363093e-19)
(94.62701 0.095335381 2.8365744e-19)
(94.581436 0.08296648 -2.5383181e-19)
(94.547165 0.069641516 -1.541795e-18)
(94.518821 0.039571584 -2.6781936e-18)
(94.482821 0.049708791 -3.311333e-19)
(94.448979 0.025861406 0)
(94.438923 0.028471666 -1.7659529e-18)
(94.416237 0.030517691 -1.9424095e-18)
(94.397029 0.02953746 -9.2415209e-20)
(94.388172 0.0051581501 7.9992582e-20)
(94.364498 0.019667871 0)
(94.363667 -0.01004644 -5.7473607e-18)
(94.337968 0.024167692 -5.2210433e-20)
(94.322603 -0.020090177 -2.8622305e-18)
(94.291118 0.013032257 2.4388685e-18)
(94.412738 -0.067797148 6.4228729e-18)
(107.98823 10.372883 6.5281115e-18)
(111.5575 7.3018344 -8.4068719e-18)
(109.05472 13.690866 2.8065634e-18)
(107.09727 9.990807 2.6635609e-18)
(105.80893 11.957209 -5.5773791e-19)
(103.87563 8.7296201 -3.3838351e-18)
(103.41865 9.0307705 0)
(102.40627 5.1577884 0)
(102.69399 6.4378144 7.8780399e-19)
(101.19087 4.6847576 -4.1796132e-21)
(100.6088 4.5340326 2.5356596e-18)
(99.926703 4.2459753 -3.6515265e-18)
(99.146379 5.0963173 -1.045855e-18)
(98.554626 3.7460281 4.0944166e-22)
(98.089186 3.1035544 -3.3092225e-18)
(97.692448 2.4190025 0)
(97.327123 2.1326547 6.5480971e-18)
(96.995349 1.8255797 -3.4925836e-18)
(96.72059 1.638649 1.0314856e-18)
(96.448973 1.6915496 -1.8252489e-18)
(96.199491 1.452793 0)
(95.973328 1.3123509 -5.6499069e-18)
(95.772649 0.92083896 4.973565e-18)
(95.610437 0.84198277 0)
(95.456835 0.62535055 7.7041366e-18)
(95.298931 0.62457743 -1.6727524e-18)
(95.154318 0.42390388 3.6406398e-18)
(95.057104 0.30257109 -6.1935265e-19)
(94.968057 0.25588317 -5.1226489e-18)
(94.897142 0.22795402 7.7782254e-18)
(94.814861 0.35980422 4.3286377e-19)
(94.740256 0.18510163 1.4881846e-18)
(94.678765 0.15023782 2.6112996e-18)
(94.624752 0.10061807 5.5043216e-19)
(107.46386 19.598821 1.0975832e-17)
(111.17925 6.9827077 -1.1585186e-17)
(109.20281 15.62081 8.3657409e-18)
(106.51104 6.6412603 -7.6401485e-18)
(105.74711 12.321711 9.3419759e-18)
(103.28865 9.9771292 -1.1438856e-17)
(102.4073 9.9677853 4.0005387e-18)
(102.2239 7.2866153 -8.100348e-18)
(101.84821 7.7283686 -3.341451e-18)
(100.75885 6.7522818 9.1597802e-18)
(100.07703 5.7286693 -5.3631032e-18)
(99.198445 6.4112766 9.4633618e-18)
(98.710857 3.8503056 0)
(98.258215 3.5712952 -1.5849496e-21)
(97.880712 2.9709791 -3.3921693e-18)
(97.461838 3.0650115 0)
(97.113115 2.2811232 -1.3180613e-17)
(96.823578 2.3559453 2.3325066e-18)
(96.549855 1.9245308 2.0544655e-18)
(96.306125 1.4526298 -1.810602e-18)
(96.073634 1.324386 0)
(107.71051 17.793898 -3.5499039e-18)
(110.38272 8.9923379 -6.3845565e-18)
(109.15873 15.598776 6.1501391e-18)
(106.40906 7.6025169 0)
(106.98945 13.224659 -9.6664631e-18)
(102.67777 9.6652172 9.5526644e-18)
(102.17469 10.366744 -4.0320638e-18)
(101.22257 13.289184 -6.4269742e-21)
(100.13826 7.8418573 3.1864547e-18)
(99.855129 7.874562 -1.5126052e-17)
(99.047995 7.3640678 1.0704638e-17)
(107.05424 19.200405 2.3966844e-20)
(110.30263 10.670022 7.4851691e-18)
(74.407954 -0.18303796 -4.4632519e-18)
(71.435395 1.0726484 4.6561433e-18)
(68.001736 1.0049937 4.9359204e-18)
(67.957149 -0.86725004 4.9420871e-18)
(71.079251 0.026565047 4.6477291e-18)
(75.039747 -1.3696838 -4.4659317e-18)
(77.423884 -0.33092442 -4.2606494e-18)
(78.925574 -0.1704256 8.1033024e-18)
(80.160037 -0.41912708 -3.8542911e-18)
(84.728534 -2.29073 -1.7736754e-17)
(85.776067 -0.86619005 1.6918631e-17)
(87.514007 -1.4691658 -1.9379199e-20)
(88.611761 -0.1667635 -7.9254355e-18)
(89.041565 -0.016246826 0)
(89.390252 -0.4494611 7.1218607e-18)
(86.994138 -1.2874769 0)
(87.923986 -0.37386671 0)
(89.370074 -1.0556626 0)
(90.457032 -0.32430562 0)
(91.135068 -0.27669724 -6.9418937e-18)
(91.56305 -0.73870054 6.5903424e-18)
(87.938187 -2.4649582 0)
(88.734356 -1.3325402 0)
(90.011368 -1.7770301 0)
(91.026899 -0.5900984 0)
(91.668144 -0.23499183 0)
(92.10976 -1.0147136 0)
(88.684853 -2.3749706 0)
(89.314026 -1.2579967 0)
(90.353669 -1.5254748 -6.4745621e-18)
(91.204504 -0.47081363 6.2196731e-18)
(91.787932 -0.37513004 -5.9132642e-18)
(92.307355 -0.86076342 2.3723658e-21)
(89.399194 -2.7332815 1.3085442e-17)
(89.883304 -1.6927409 0)
(90.718653 -1.7960629 1.1963447e-17)
(91.420633 -0.75925349 -1.1485697e-17)
(91.972337 -0.34983472 1.09143e-17)
(92.516567 -1.3555696 -4.1303949e-21)
(90.047403 -2.5626732 1.2102283e-17)
(90.412856 -1.6983138 -2.2769237e-17)
(91.068611 -1.8288281 1.1068173e-17)
(91.634054 -0.6121762 0)
(92.167425 -0.82181172 0)
(92.664177 -0.85705287 0)
(90.631188 -2.837943 -2.2359332e-17)
(90.90443 -2.0565558 5.3900668e-21)
(91.396555 -1.9848218 1.0227848e-17)
(91.84541 -0.89219935 -9.7885686e-18)
(92.3041 -0.93869868 9.3298527e-18)
(92.734018 -1.0750511 -8.7607818e-18)
(91.170054 -2.6933168 -1.0328738e-17)
(91.359489 -2.0369119 9.7282578e-18)
(91.700211 -1.888018 -9.4545669e-18)
(92.026359 -0.90472946 9.0372446e-18)
(92.434279 -1.1059888 -3.6765752e-21)
(91.64594 -2.7914835 0)
(91.758736 -2.2118664 0)
(91.967179 -1.8929985 0)
(92.199072 -1.2206066 8.3362093e-18)
(92.562998 -1.1792895 -7.9637572e-18)
(92.030538 -2.5178794 1.7625181e-17)
(92.086741 -2.1132851 0)
(92.199327 -1.7904452 0)
(92.383685 -1.3030196 0)
(92.672613 -1.274213 0)
(92.357921 -2.8439129 0)
(92.352488 -1.9842344 0)
(92.434278 -1.8328987 0)
(92.587153 -1.4592075 0)
(92.803436 -1.4054021 0)
(92.812274 -2.7517873 1.5487546e-17)
(92.708715 -1.9836282 2.2178111e-21)
(92.767069 -1.7866505 -1.3658127e-17)
(92.836416 -1.4143463 -1.3206904e-17)
(92.934019 -1.4639506 1.2625496e-17)
(93.031044 -2.3021345 0)
(93.068615 -1.9952416 -1.3467751e-17)
(93.078071 -1.7486979 1.3020115e-17)
(93.085538 -1.4506538 0)
(93.115464 -1.5424721 0)
(93.233044 -2.0474613 0)
(93.274107 -1.8719184 0)
(93.246556 -1.6409046 0)
(93.249152 -1.4752929 0)
(93.430726 -2.1137434 0)
(93.444134 -1.7588233 2.2261546e-17)
(93.431949 -1.6629428 -4.2965186e-17)
(93.392819 -1.5454418 2.1096674e-17)
(93.685713 -2.1183918 -2.2490298e-17)
(93.586621 -1.6375847 -2.1072993e-17)
(93.597136 -1.5049329 3.9366682e-17)
(93.571608 -1.3895537 -1.896751e-17)
(93.808786 -1.8496887 2.0780602e-17)
(93.726449 -1.5391088 -1.9551819e-17)
(93.771361 -1.4349645 0)
(93.741699 -1.3565851 0)
(94.00873 -2.0934923 3.3358023e-21)
(93.846298 -1.5549555 2.252594e-21)
(93.877196 -1.326818 -1.6829801e-17)
(94.199683 -1.5590079 -3.5227834e-17)
(94.034795 -1.4661747 0)
(93.962124 -1.1688449 0)
(94.290835 -1.4082807 0)
(94.11658 -1.3898378 0)
(94.057496 -1.0820069 0)
(94.363835 -1.2337167 -3.0021782e-17)
(94.222242 -1.3086555 -2.8742251e-17)
(94.414888 -1.0391295 -2.7765292e-17)
(94.303337 -1.0981709 2.6470391e-17)
(94.449296 -0.85429978 0)
(94.354724 -1.0333331 4.8863389e-17)
(94.471639 -0.7522734 0)
(94.493304 -0.63411983 -4.3846809e-17)
)
;

boundaryField
{
    Side
    {
        type            empty;
    }
    Inlet
    {
        type            freestreamVelocity;
        freestreamValue uniform (94.3 0 0);
        value           nonuniform List<vector> 9((94.370341 -0.02625682 -7.2609882e-22) (94.369445 -0.010810771 -2.2700385e-17) (94.367161 -0.031380851 2.1728993e-17) (94.365972 -0.032656765 0) (94.364785 -0.027998797 -2.4569988e-21) (94.363078 -0.026760713 0) (94.360866 -0.028465822 0) (94.358583 -0.028917159 -2.2237632e-18) (94.356349 -0.0338864 3.2102831e-18));
    }
    Airfoil
    {
        type            noSlip;
    }
    Outlet
    {
        type            inletOutlet;
        inletValue      nonuniform List<vector> 0();
        value           nonuniform List<vector> 0();
    }
    procBoundary8to1
    {
        type            processor;
        value           nonuniform List<vector> 8((64.866253 10.892083 8.2976112e-18) (80.56363 0.19477751 -3.8707005e-18) (79.522186 0.6946362 8.1228711e-18) (77.388447 0.91672164 -4.2412215e-18) (77.388447 0.91672164 -4.2412215e-18) (87.258725 -0.43034312 -1.9564597e-20) (85.778491 1.6242126 1.6947764e-17) (84.601652 2.4997182 -2.3142306e-21));
    }
    procBoundary8to7
    {
        type            processor;
        value           nonuniform List<vector> 
53
(
(94.576125 0.11485071 4.9180695e-19)
(94.533784 0.068631151 -1.6905937e-18)
(94.50659 0.0484989 6.1853087e-18)
(94.482668 0.026967055 -3.2515288e-19)
(94.453067 0.027676612 0)
(94.438782 0.035231545 9.7107546e-18)
(94.416108 0.030756437 -2.110865e-19)
(94.393819 0.022670356 1.7971828e-19)
(94.386904 0.013032313 2.4943251e-18)
(94.364716 0.025855361 -8.5719433e-18)
(94.362101 0.0096580914 -1.6779033e-17)
(94.332811 0.037568738 6.3998134e-18)
(94.31852 -0.015449115 5.5150777e-18)
(94.284632 0.011002213 2.3931204e-18)
(94.408033 -0.043038347 -1.6027408e-20)
(95.875936 0.9852321 -5.6258369e-18)
(95.702599 0.89556022 0)
(95.545346 0.69617042 -8.6866923e-18)
(95.390168 0.61277431 1.5163683e-17)
(95.24955 0.42081399 0)
(95.138063 0.38301151 5.8920916e-18)
(95.059353 0.30570504 0)
(94.963614 0.33616417 -4.4892609e-18)
(94.872873 0.28904344 -7.6754285e-18)
(94.784728 0.22267382 0)
(94.719763 0.15171631 -7.329926e-19)
(94.663486 0.10842352 6.369503e-19)
(94.576125 0.11485071 4.9180695e-19)
(94.624814 0.10266687 0)
(98.809579 4.3495318 4.8943461e-18)
(98.324256 5.0872116 4.3654217e-18)
(97.909685 4.3561365 -1.1544683e-17)
(97.520106 4.1748962 3.397972e-18)
(97.170031 3.3182679 0)
(96.871656 3.2454514 -2.6599261e-18)
(96.629062 2.3223812 2.343342e-18)
(96.390812 1.9830422 1.8606577e-17)
(96.163924 1.7037099 -1.8184933e-18)
(95.875936 0.9852321 -5.6258369e-18)
(95.960649 1.311094 0)
(106.87612 17.630214 6.5412512e-18)
(106.29034 8.8993839 -5.7631288e-18)
(107.03915 13.635386 -1.0390097e-17)
(102.64826 7.210053 1.057454e-17)
(102.10469 9.7384601 0)
(100.72437 8.0751348 -1.1767555e-17)
(99.682846 7.8018239 3.1889193e-18)
(99.337521 7.3817178 -1.9124381e-17)
(98.809579 4.3495318 4.8943461e-18)
(98.841155 4.743599 -5.6990227e-18)
(106.97217 23.205731 0)
(106.87612 17.630214 6.5412512e-18)
(109.27461 14.852042 0)
)
;
    }
    procBoundary8to9
    {
        type            processor;
        value           nonuniform List<vector> 
75
(
(94.53938 -0.50047666 -4.000569e-18)
(94.500071 -0.57097048 0)
(94.53938 -0.50047666 -4.000569e-18)
(94.532999 -0.42390389 6.3029695e-17)
(94.553116 -0.3795704 5.8673059e-17)
(94.553116 -0.3795704 5.8673059e-17)
(94.558805 -0.31503078 -5.6148077e-17)
(94.558805 -0.31503078 -5.6148077e-17)
(94.5464 -0.27808553 2.7786222e-23)
(94.5464 -0.27808553 2.7786222e-23)
(94.524016 -0.22326522 -1.5306713e-18)
(94.50748 -0.19813313 1.4286251e-18)
(94.50748 -0.19813313 1.4286251e-18)
(94.497089 -0.16529601 1.3235055e-18)
(94.497089 -0.16529601 1.3235055e-18)
(94.478609 -0.12031255 1.21015e-18)
(94.478609 -0.12031255 1.21015e-18)
(94.464232 -0.10873137 0)
(94.467649 -0.10360283 -7.0579734e-17)
(94.467649 -0.10360283 -7.0579734e-17)
(94.454008 -0.081849308 1.8952248e-16)
(94.454008 -0.081849308 1.8952248e-16)
(94.43665 -0.067842871 1.1093501e-16)
(94.43665 -0.067842871 1.1093501e-16)
(94.425866 -0.055686664 7.6948828e-19)
(94.425866 -0.055686664 7.6948828e-19)
(94.411753 -0.052689948 3.3879401e-19)
(94.411753 -0.052689948 3.3879401e-19)
(94.400332 -0.033509823 7.5668712e-17)
(94.400332 -0.033509823 7.5668712e-17)
(94.38828 -0.030445378 6.4763335e-17)
(94.38828 -0.030445378 6.4763335e-17)
(94.378903 -0.01191671 1.0660731e-19)
(94.378903 -0.01191671 1.0660731e-19)
(94.376952 -0.039768896 -9.378286e-17)
(94.376952 -0.039768896 -9.378286e-17)
(94.363648 -0.010006643 0)
(94.363648 -0.010006643 0)
(94.356845 -0.056381093 6.6916417e-17)
(94.356845 -0.056381093 6.6916417e-17)
(94.342986 -0.0027506961 3.4018407e-21)
(94.342986 -0.0027506961 3.4018407e-21)
(94.441215 -0.050860881 -2.998628e-21)
(81.039582 -0.16753433 0)
(89.697619 -0.10808809 1.8255167e-21)
(91.982973 -0.21744574 0)
(92.439738 -0.40126652 0)
(92.576697 -0.42159487 -5.4133209e-18)
(92.591376 -0.60223378 2.0012713e-17)
(92.633937 -0.73262373 -8.8967626e-18)
(92.72094 -0.83458433 -8.2331285e-18)
(92.814826 -1.0596512 8.1104616e-18)
(92.814826 -1.0596512 8.1104616e-18)
(92.898709 -1.0673662 -7.5044331e-18)
(92.976753 -1.0711961 0)
(93.037139 -1.1332057 0)
(93.030932 -1.1953748 0)
(93.120306 -0.9748067 0)
(93.284369 -1.2980561 0)
(93.284369 -1.2980561 0)
(93.389382 -1.2163383 -2.0289591e-17)
(93.486591 -1.1590523 -1.3234415e-21)
(93.644386 -1.0766181 0)
(93.859302 -1.1917455 0)
(93.859302 -1.1917455 0)
(93.953577 -1.0399938 1.2491832e-21)
(94.0686 -1.0039726 -2.7526321e-17)
(94.140485 -0.94594411 2.8642167e-21)
(94.140485 -0.94594411 2.8642167e-21)
(94.213759 -0.87931297 -2.5037568e-17)
(94.263365 -0.79913305 4.6178861e-17)
(94.406172 -0.84674184 4.5067429e-17)
(94.406172 -0.84674184 4.5067429e-17)
(94.442779 -0.70823644 -8.3196378e-17)
(94.500071 -0.57097048 0)
)
;
    }
}


// ************************************************************************* //
