/*--------------------------------*- C++ -*----------------------------------*\
| =========                 |                                                 |
| \\      /  F ield         | OpenFOAM: The Open Source CFD Toolbox           |
|  \\    /   O peration     | Version:  2506                                  |
|   \\  /    A nd           | Website:  www.openfoam.com                      |
|    \\/     M anipulation  |                                                 |
\*---------------------------------------------------------------------------*/
FoamFile
{
    version     2.0;
    format      ascii;
    arch        "LSB;label=32;scalar=64";
    class       volVectorField;
    location    "1.55";
    object      U;
}
// * * * * * * * * * * * * * * * * * * * * * * * * * * * * * * * * * * * * * //

dimensions      [0 1 -1 0 0 0 0];

internalField   nonuniform List<vector> 
1375
(
(91.087693 0.0085684864 0)
(90.960115 0.0094012377 0)
(90.808697 0.0099757656 0)
(90.657273 0.0098677602 0)
(90.499797 0.007885401 0)
(90.338025 0.0057412008 0)
(90.166909 0.0067274239 1.0236837e-18)
(89.99292 0.016274417 -1.0748442e-18)
(89.828432 0.021762008 0)
(91.47694 0.014070513 0)
(91.409693 0.016886814 0)
(91.297798 0.017628818 0)
(91.195872 0.017940004 0)
(91.092927 0.016670625 0)
(90.995343 0.01459712 0)
(90.901004 0.01570425 0)
(90.814994 0.02429237 0)
(90.743347 0.029435954 0)
(90.678906 0.0330497 0)
(92.118358 0.018548408 0)
(92.132877 0.020308667 0)
(92.080983 0.022147088 7.2289756e-19)
(92.050813 0.022125806 -7.587316e-19)
(92.027138 0.020676459 0)
(92.016265 0.018516616 -8.3293486e-19)
(92.013224 0.018534836 -8.6500414e-24)
(92.01863 0.027528758 1.8531888e-18)
(92.038071 0.03182918 -9.7030248e-19)
(92.06344 0.035269106 0)
(92.808408 0.019796838 -3.0347343e-19)
(92.865459 0.019903879 3.1921075e-19)
(92.873706 0.023241643 6.7221135e-19)
(92.896013 0.021700844 -1.4105213e-18)
(92.922411 0.020000602 1.481032e-18)
(92.962799 0.015987058 -7.7691997e-19)
(93.010128 0.01553074 0)
(93.057646 0.022621079 0)
(93.105384 0.026569288 0)
(93.154715 0.029685271 0)
(93.373319 0.01954611 -5.630857e-19)
(93.446278 0.017126767 -2.9591527e-19)
(93.47384 0.020646438 6.2231478e-19)
(93.51171 0.018685979 6.532125e-19)
(93.549814 0.016434776 -1.3715826e-18)
(93.594619 0.01185435 7.1953492e-19)
(93.639931 0.010811473 0)
(93.678735 0.0182115 1.5858033e-18)
(93.712022 0.022408369 -1.6652454e-18)
(93.74385 0.025239761 0)
(93.757266 0.018093961 -5.220588e-19)
(93.817857 0.01380063 -4.9226597e-24)
(93.843537 0.018084691 5.7663841e-19)
(93.874736 0.015516309 0)
(93.903085 0.013327811 -1.2706812e-18)
(93.933242 0.0082850265 -1.1350188e-23)
(93.960478 0.0070657836 1.3982237e-18)
(93.979491 0.015525286 0)
(93.992605 0.020413927 0)
(94.00406 0.022322377 1.6191284e-18)
(93.986435 0.016489677 0)
(94.027089 0.011239819 0)
(94.044255 0.016017194 0)
(94.063235 0.013233518 0)
(94.078671 0.011446084 -1.1775968e-18)
(94.094787 0.0065379038 1.233737e-18)
(94.10779 0.0058992989 -1.2901447e-18)
(94.112671 0.014694779 1.3505126e-18)
(94.112716 0.01838176 0)
(94.109711 0.022342239 -1.4896523e-18)
(94.112014 0.015088524 0)
(94.135672 0.0096831632 0)
(94.14476 0.01491796 0)
(94.153141 0.012187487 0)
(94.158142 0.010981825 -1.092382e-18)
(94.164338 0.004977812 1.1420482e-18)
(94.169679 0.0050577281 0)
(94.16998 0.013236615 1.2575625e-18)
(94.159533 0.020640927 -1.3243095e-18)
(94.148454 0.02247063 -2.777186e-18)
(94.175426 0.014120982 8.3383285e-19)
(94.187097 0.0089522307 4.3667448e-19)
(94.190531 0.014177686 -9.152006e-19)
(94.192132 0.011647197 0)
(94.189527 0.01038321 1.0060801e-18)
(94.189257 0.0056098765 -1.0547601e-18)
(94.19153 0.0037756771 2.2287952e-18)
(94.188828 0.015395669 2.7037127e-23)
(94.173422 0.02215152 -2.4561774e-18)
(94.15862 0.023334735 0)
(94.203016 0.013195885 3.8503082e-19)
(94.20776 0.009367512 -8.0802582e-19)
(94.20838 0.013572562 -6.9846639e-24)
(94.205718 0.011925049 8.9559184e-19)
(94.196338 0.011129717 0)
(94.193274 0.0052608187 0)
(94.193493 0.0041822726 0)
(94.188882 0.016210861 0)
(94.172885 0.023905173 2.2789707e-18)
(94.15626 0.025705166 -2.3884767e-18)
(94.211461 0.012422739 3.5716779e-19)
(94.212883 0.0088895164 7.538289e-19)
(94.212386 0.015429005 -7.9509264e-19)
(94.206664 0.012553669 0)
(94.193075 0.012769949 -1.7381118e-18)
(94.187268 0.0061924037 1.8303148e-18)
(94.185508 0.003360846 0)
(94.17994 0.017515749 0)
(94.165477 0.02672547 0)
(94.148596 0.02759553 0)
(94.210785 0.012631983 0)
(94.210153 0.0090730261 0)
(94.209117 0.014725923 0)
(94.202564 0.014266791 0)
(94.186405 0.014421792 1.6148369e-18)
(94.178003 0.0071098996 -3.3966082e-18)
(94.174119 0.0040090546 1.7871289e-18)
(94.167384 0.018421266 -1.8743236e-18)
(94.154797 0.029158417 3.9269504e-18)
(94.139176 0.030011796 2.9249367e-23)
(94.126347 0.033851673 -2.1578167e-18)
(94.205862 0.011869704 0)
(94.203953 0.010245654 -6.5109367e-19)
(94.202786 0.015564629 6.8510306e-19)
(94.197132 0.015370818 1.43377e-18)
(94.18004 0.01687739 -1.5002937e-18)
(94.169131 0.0086470361 1.5764612e-18)
(94.162823 0.0042744083 -1.6569979e-18)
(94.154494 0.020011676 -3.4769568e-18)
(94.143463 0.031201742 3.6457429e-18)
(94.130198 0.032436565 0)
(94.11774 0.035716608 0)
(94.199988 0.011680915 0)
(94.197033 0.010672838 -1.2081057e-18)
(94.195853 0.016013427 1.272471e-18)
(94.192305 0.017416488 0)
(94.175745 0.019496627 0)
(94.162489 0.010693968 0)
(94.153601 0.0053144468 0)
(94.143549 0.021513906 0)
(94.133795 0.033163696 0)
(94.123322 0.034687938 0)
(94.111126 0.037898462 -3.7199279e-18)
(94.19508 0.011692857 -5.353993e-19)
(94.191341 0.011582436 0)
(94.190223 0.016411403 0)
(94.189076 0.018319511 0)
(94.174158 0.022327169 0)
(94.158781 0.01384057 0)
(94.147532 0.0065306406 0)
(94.136005 0.023349877 0)
(94.127296 0.03477914 0)
(94.119521 0.036834501 0)
(94.107523 0.040564191 0)
(94.192137 0.011717641 -4.965933e-19)
(94.188446 0.01230496 -1.0372011e-18)
(94.187527 0.016793652 1.0863953e-18)
(94.187964 0.019186077 -2.2887075e-18)
(94.175501 0.025702648 -3.2277962e-23)
(94.158249 0.017247489 -1.8859086e-23)
(94.145055 0.0084985327 2.6484939e-18)
(94.132515 0.025248591 0)
(94.12456 0.036235439 0)
(94.119121 0.038891332 -3.0685522e-18)
(94.108124 0.043876814 -4.4601369e-23)
(94.192163 0.012009037 -4.6139341e-19)
(94.189296 0.013206253 -9.6422225e-19)
(94.18847 0.017535094 3.029072e-18)
(94.189657 0.020248074 -2.1281319e-18)
(94.179953 0.027015593 0)
(94.161142 0.022512727 -2.346454e-18)
(94.146372 0.010941015 2.4597478e-18)
(94.133213 0.027188524 0)
(94.12578 0.037590469 0)
(94.122282 0.040637976 5.7074198e-18)
(94.113998 0.047445348 -5.9743754e-18)
(94.195533 0.012220004 0)
(94.193688 0.013081087 0)
(94.192852 0.017407801 0)
(94.194337 0.020539294 0)
(94.187537 0.031374527 0)
(94.16796 0.027890629 0)
(94.1516 0.013097417 0)
(94.13798 0.029873037 0)
(94.130761 0.038445518 5.0300855e-18)
(94.128533 0.04159885 -5.3051027e-18)
(94.12457 0.05109517 0)
(94.201675 0.01197046 3.0234041e-24)
(94.200562 0.014532205 8.350326e-19)
(94.199626 0.01832176 -1.7456886e-18)
(94.201078 0.021365128 1.8414268e-18)
(94.196724 0.031159593 -3.8771547e-18)
(94.178015 0.033591854 6.0828052e-18)
(94.160785 0.018230191 -4.2481622e-18)
(94.146647 0.031383803 -4.4449476e-18)
(94.139141 0.040419835 4.6598441e-18)
(94.137234 0.042247754 0)
(94.136237 0.052434783 5.1779755e-18)
(94.20924 0.0118988 0)
(94.208257 0.014132612 1.5553225e-18)
(94.206667 0.017598165 -1.6238283e-18)
(94.207425 0.020710402 3.4269329e-18)
(94.20515 0.037433388 -3.608414e-18)
(94.189685 0.03862823 0)
(94.173294 0.021147531 0)
(94.158786 0.034884416 0)
(94.149847 0.041368108 0)
(94.146321 0.043202943 0)
(94.144459 0.053683683 4.8096476e-18)
(94.216928 0.011874927 0)
(94.215117 0.015063944 0)
(94.211729 0.01866731 0)
(94.211244 0.022312083 0)
(94.211017 0.034489315 3.3612156e-18)
(94.200093 0.046556909 -3.51129e-18)
(94.185546 0.025076808 3.6777825e-18)
(94.171714 0.038430626 -7.7039682e-18)
(94.160643 0.044371013 4.0369331e-18)
(94.153999 0.043965715 0)
(94.14933 0.055440602 -8.9184529e-18)
(94.222818 0.011464465 -1.2905997e-18)
(94.219651 0.016739186 0)
(94.215093 0.019229075 0)
(94.213642 0.023802931 0)
(94.213626 0.036103747 0)
(94.205976 0.047015698 3.2684276e-18)
(94.194524 0.031806243 -3.4242642e-18)
(94.183018 0.040603497 0)
(94.170605 0.048658516 7.5164643e-18)
(94.160577 0.046207707 -7.8810112e-18)
(94.152744 0.057639659 0)
(94.226418 0.011785698 0)
(94.222078 0.016330506 0)
(94.216934 0.020007426 0)
(94.215266 0.025253749 -2.7453759e-18)
(94.215808 0.03577048 5.7816222e-18)
(94.208973 0.052610418 -3.0414748e-18)
(94.198539 0.034737925 -6.37465e-18)
(94.18974 0.046152725 6.6837189e-18)
(94.17789 0.053389675 0)
(94.166384 0.050759229 -7.3270781e-18)
(94.157668 0.060577352 7.6820312e-18)
(94.229325 0.013409328 0)
(94.224246 0.01768703 -2.3429886e-18)
(94.218297 0.021840226 2.447592e-18)
(94.215818 0.026705892 0)
(94.2156 0.036977237 -5.4257335e-18)
(94.209428 0.04936219 5.6599988e-18)
(94.200595 0.044177128 -5.9326447e-18)
(94.195441 0.044640209 -2.2830283e-23)
(94.187344 0.061058699 -6.401336e-23)
(94.17339 0.053170769 -6.3106319e-23)
(94.161752 0.061534538 7.1357403e-18)
(94.232731 0.013091639 1.0462165e-18)
(94.226938 0.017154301 0)
(94.218545 0.021980023 0)
(94.213876 0.028282422 -4.8006799e-18)
(94.212571 0.040388641 -3.4719963e-23)
(94.209586 0.05339971 1.054788e-17)
(94.204416 0.046388086 2.216187e-23)
(94.201775 0.051621281 1.0419285e-23)
(94.196276 0.06052531 -6.0793017e-18)
(94.179552 0.062545045 0)
(94.165846 0.066854545 0)
(94.233901 0.015001186 0)
(94.226393 0.020515386 0)
(94.218096 0.02608591 -4.2534764e-18)
(94.214686 0.031868414 4.458492e-18)
(94.215084 0.039375696 0)
(94.215304 0.049086947 4.8914524e-18)
(94.208695 0.04852676 -5.1508604e-18)
(94.204696 0.049520048 0)
(94.198422 0.070075771 0)
(94.184327 0.069713148 0)
(94.173455 0.066990567 0)
(94.167151 0.085464811 1.2874631e-17)
(94.23418 0.014972075 0)
(94.228712 0.022803754 -3.8069009e-18)
(94.221118 0.024858282 3.9706785e-18)
(94.217495 0.031826458 4.1750006e-18)
(94.217787 0.041327858 -8.745934e-18)
(94.21914 0.05049755 4.5667809e-18)
(94.211483 0.057683727 0)
(94.203974 0.050410356 0)
(94.199005 0.074265223 -1.0552453e-17)
(94.192407 0.079048827 1.1036785e-17)
(94.183205 0.073484994 0)
(94.175642 0.079719318 -1.2017496e-17)
(94.234376 0.015200709 -1.7035158e-18)
(94.231303 0.025034996 1.7807961e-18)
(94.223919 0.027481833 0)
(94.218869 0.034473834 -3.9026417e-18)
(94.218928 0.040352384 4.0869134e-18)
(94.220638 0.04733162 8.5336445e-18)
(94.215496 0.064251512 -8.9670046e-18)
(94.206913 0.053827243 9.3645681e-18)
(94.201157 0.071312317 -9.8094474e-18)
(94.198047 0.075464681 1.0305482e-17)
(94.195238 0.079915611 -1.0797813e-17)
(94.188208 0.092639153 -1.125073e-17)
(94.234521 0.017395197 0)
(94.233941 0.023315284 0)
(94.229545 0.02804878 0)
(94.222208 0.035583369 0)
(94.219705 0.039236473 0)
(94.220073 0.053930463 0)
(94.217163 0.064769678 0)
(94.211576 0.057824928 0)
(94.207414 0.079642303 0)
(94.202888 0.085073564 0)
(94.201415 0.080701537 -9.9318532e-18)
(94.201806 0.084087405 2.0892086e-17)
(94.235992 0.01596128 -2.978695e-18)
(94.234612 0.024019722 3.1218712e-18)
(94.230498 0.030892354 -6.5124016e-18)
(94.223485 0.041372217 6.7818781e-18)
(94.221143 0.045078835 7.0809716e-18)
(94.222499 0.050862617 -7.4575648e-18)
(94.221124 0.060715459 0)
(94.21662 0.06223214 8.1673799e-18)
(94.21578 0.069002466 -8.5986589e-18)
(94.214269 0.079957371 0)
(94.208992 0.093248087 1.8725406e-17)
(94.206635 0.088550736 -1.9664023e-17)
(94.23835 0.019217388 0)
(94.236086 0.025190607 0)
(94.233317 0.031423323 6.1078668e-18)
(94.227558 0.038945368 -6.3607345e-18)
(94.223381 0.043298989 0)
(94.22305 0.051778601 0)
(94.223583 0.066186078 0)
(94.222412 0.068496548 0)
(94.221276 0.074441546 0)
(94.220266 0.080005578 0)
(94.217721 0.087236947 0)
(94.214463 0.097205189 0)
(94.242107 0.014636306 2.6140525e-18)
(94.23824 0.027941571 0)
(94.234969 0.03161254 0)
(94.23024 0.044867085 0)
(94.225002 0.04794153 0)
(94.22358 0.051762889 1.30324e-17)
(94.226158 0.059771336 -2.7267947e-17)
(94.228651 0.063886754 1.418318e-17)
(94.228794 0.069606144 1.489941e-17)
(94.2273 0.082164762 -1.5656468e-17)
(94.225389 0.090797027 0)
(94.223553 0.09631054 0)
(94.220367 0.10552387 0)
(94.243492 0.021643882 4.9069968e-18)
(94.239266 0.031557992 4.1866852e-24)
(94.235985 0.034952995 -5.3667066e-18)
(94.233672 0.04136759 0)
(94.230805 0.046766087 1.167572e-17)
(94.22893 0.051688934 -1.2243744e-17)
(94.229731 0.061488813 1.2824955e-17)
(94.232355 0.069516204 6.7656639e-23)
(94.233093 0.071724181 8.9874858e-23)
(94.231248 0.07893321 -1.4536342e-17)
(94.230253 0.08602744 1.5121905e-17)
(94.230757 0.094968895 -1.5894966e-17)
(94.229714 0.099990103 0)
(94.246652 0.022638217 4.6133167e-18)
(94.241942 0.028906218 -4.8185767e-18)
(94.238368 0.038987886 0)
(94.236084 0.044066547 -1.0528568e-17)
(94.23461 0.048182669 1.097101e-17)
(94.233441 0.051974023 0)
(94.233372 0.05457242 0)
(94.234582 0.061288365 1.2549752e-17)
(94.235193 0.067113048 -1.3166207e-17)
(94.235847 0.084792213 1.3674701e-17)
(94.238035 0.091560421 -1.4278554e-17)
(94.23759 0.091288045 1.490721e-17)
(94.236275 0.10217372 -1.5413999e-17)
(94.248342 0.027043298 0)
(94.244136 0.037887971 -4.527445e-18)
(94.24213 0.038008 4.726871e-18)
(94.241409 0.042508044 9.9187329e-18)
(94.241143 0.046675209 -1.0402699e-17)
(94.240167 0.050936111 1.0832303e-17)
(94.2379 0.059216852 -1.1275961e-17)
(94.236078 0.065780928 0)
(94.235027 0.065660513 0)
(94.237584 0.074837327 2.5609628e-17)
(94.240312 0.080352989 -2.6817377e-17)
(94.240697 0.09219008 0)
(94.242632 0.10300652 0)
(94.243265 0.10269593 0)
(94.250709 0.030517063 -9.0423925e-24)
(94.247701 0.035039342 4.2777764e-18)
(94.245419 0.040465367 0)
(94.243709 0.044160178 9.2915041e-18)
(94.243043 0.046570771 -9.6733281e-18)
(94.242931 0.051715236 -1.0080548e-17)
(94.24372 0.056182928 1.0591147e-17)
(94.243239 0.061470829 -2.2102061e-17)
(94.24209 0.066947185 4.5973362e-17)
(94.242957 0.074872465 -4.8156596e-17)
(94.243573 0.077454162 2.5233671e-17)
(94.243952 0.085535224 2.6235247e-17)
(94.245809 0.091481745 -2.7331728e-17)
(94.246043 0.097030988 0)
(94.254064 0.03884317 -3.8700009e-18)
(94.252237 0.040220667 1.2135543e-17)
(94.251077 0.041436479 -8.4516352e-18)
(94.249236 0.045424834 0)
(94.247415 0.046073294 0)
(94.246834 0.049014134 -1.9075008e-17)
(94.246377 0.05175913 3.9986844e-17)
(94.246502 0.061309851 -2.0913371e-17)
(94.249147 0.066320756 0)
(94.250176 0.069965823 2.2474179e-17)
(94.249107 0.079628655 -2.3418111e-17)
(94.248842 0.085821362 0)
(94.250678 0.095181592 0)
(94.250709 0.082655158 -2.7001549e-17)
(94.256961 0.036882962 0)
(94.256018 0.039367754 0)
(94.255484 0.041540029 0)
(94.255548 0.046053886 1.6648964e-17)
(94.255522 0.048171106 -2.5568785e-23)
(94.254934 0.049700543 -1.6712892e-23)
(94.253053 0.051333385 -3.7553298e-17)
(94.251818 0.052691846 1.9613849e-17)
(94.251673 0.058667798 0)
(94.251409 0.062889343 0)
(94.252087 0.075331548 0)
(94.253571 0.082755286 2.2925007e-17)
(94.253916 0.081936949 -4.7601658e-17)
(94.253818 0.085025122 2.4883834e-17)
(94.259577 0.0930738 0)
(94.259838 0.046200144 6.9555433e-18)
(94.259298 0.044236146 1.7401718e-23)
(94.25889 0.043577453 7.5497929e-18)
(94.259387 0.045090654 -1.5732178e-17)
(94.260458 0.047492488 0)
(94.260296 0.050662245 1.7189947e-17)
(94.258723 0.057108804 -1.7761545e-17)
(94.257343 0.061948717 0)
(94.257145 0.062701054 0)
(94.257026 0.064660315 0)
(94.256868 0.067758212 0)
(94.257202 0.08699809 0)
(94.258866 0.083714104 0)
(94.261767 0.086953769 4.7049995e-17)
(94.263494 0.084263184 -9.8315445e-17)
(94.26623 0.041449326 -6.6353491e-18)
(94.264878 0.04058228 6.9135288e-18)
(94.263183 0.041693765 0)
(94.261507 0.04275193 0)
(94.259684 0.043056988 -1.558313e-17)
(94.257552 0.046614573 3.2259763e-17)
(94.256309 0.048960906 -1.67128e-17)
(94.256305 0.051679399 0)
(94.256874 0.054234154 0)
(94.256854 0.057576341 0)
(94.258425 0.065548687 0)
(94.262987 0.070097069 -4.0999506e-17)
(94.266276 0.069217856 5.0880579e-23)
(94.268348 0.077926248 4.3915573e-17)
(94.268966 0.0765482 0)
(94.268572 0.076904776 0)
(94.267536 0.052658105 0)
(94.266292 0.051615311 1.3128289e-17)
(94.265877 0.05146971 -2.7431156e-17)
(94.265726 0.053405114 3.6693063e-23)
(94.26533 0.054966573 2.2516882e-23)
(94.265157 0.056778769 4.5834287e-17)
(94.265483 0.060511116 -3.1751879e-17)
(94.265509 0.061238582 0)
(94.264853 0.060505818 -3.4623107e-17)
(94.264891 0.060158907 3.6192197e-17)
(94.266802 0.060313313 3.7392372e-17)
(94.268637 0.066582998 -3.8765616e-17)
(94.270777 0.07649221 -3.99482e-17)
(94.271976 0.079025866 4.1240566e-17)
(94.271711 0.081998835 0)
(94.274149 0.091066476 0)
(94.278419 0.081652731 -4.6431555e-17)
(94.271451 0.04737046 -6.0683718e-18)
(94.270328 0.037855608 0)
(94.269942 0.038814381 1.3134194e-17)
(94.269619 0.03784054 -1.361873e-17)
(94.268932 0.038503919 -2.8089862e-17)
(94.268703 0.039874604 2.9082326e-17)
(94.268884 0.041981953 0)
(94.268406 0.050481109 3.1664533e-17)
(94.267323 0.053051044 -3.2585709e-17)
(94.267007 0.052413448 0)
(94.267368 0.050560812 0)
(94.268425 0.049620459 0)
(94.269647 0.054221936 0)
(94.271338 0.059401672 3.962662e-17)
(94.275151 0.064306423 -4.0885764e-17)
(94.279424 0.066900202 -4.218559e-17)
(94.281976 0.067199635 8.6874003e-17)
(94.276013 0.058398609 0)
(94.276216 0.056653276 0)
(94.275388 0.053240091 0)
(94.274645 0.054646834 0)
(94.27425 0.056620748 2.7085092e-17)
(94.274021 0.059333445 -5.9050047e-23)
(94.273733 0.059615171 -2.9115062e-17)
(94.273917 0.061503682 3.0360282e-17)
(94.275566 0.066172951 -3.1259501e-17)
(94.277051 0.06575158 0)
(94.277848 0.063479753 0)
(94.27856 0.062002002 3.4792867e-17)
(94.279416 0.061920105 -3.5847088e-17)
(94.279868 0.062063441 -7.4873985e-17)
(94.279973 0.066561854 7.7953297e-17)
(94.282114 0.075496351 -7.9996023e-17)
(94.284689 0.073396869 1.5787551e-22)
(94.286367 0.070508436 8.5847083e-17)
(94.280983 0.038397467 1.1268915e-17)
(94.280399 0.035289856 -1.1716961e-17)
(94.278999 0.032416899 0)
(94.278346 0.031688609 0)
(94.278024 0.030519245 0)
(94.277839 0.031482406 0)
(94.27781 0.03247497 0)
(94.278002 0.034741938 0)
(94.27936 0.036750613 0)
(94.280424 0.039298043 0)
(94.280814 0.042689114 0)
(94.280577 0.042369862 6.5664021e-17)
(94.280449 0.042648291 -6.8064751e-17)
(94.281142 0.042413495 -7.1044471e-17)
(94.281966 0.042300975 7.3518822e-17)
(94.283422 0.044993494 0)
(94.285699 0.047440789 7.7996184e-17)
(94.287504 0.045004827 -8.0660764e-17)
(94.288746 0.042518162 -8.3431202e-17)
(94.281976 0.060027833 0)
(94.28314 0.06154676 0)
(94.283877 0.060441349 0)
(94.284098 0.059767403 0)
(94.283921 0.05967407 0)
(94.283899 0.059741655 0)
(94.284205 0.058009628 -5.3970371e-17)
(94.284864 0.057182671 5.5672999e-17)
(94.28598 0.057353984 0)
(94.287267 0.059175475 0)
(94.28778 0.061257326 0)
(94.288454 0.066214356 -6.337162e-17)
(94.29094 0.061640566 6.5008196e-17)
(94.292511 0.059281309 0)
(94.293423 0.059873023 0)
(94.29461 0.061141756 7.159692e-17)
(94.295845 0.062332317 -7.3896446e-17)
(94.296725 0.064419053 0)
(94.297817 0.066650946 0)
(94.299217 0.065493899 8.0814172e-17)
(94.2851 0.01987114 2.2942963e-23)
(94.285069 0.020551464 3.3507909e-17)
(94.284713 0.021561924 -2.2866686e-17)
(94.284275 0.021662731 -2.3440171e-17)
(94.284188 0.021295016 4.8584185e-17)
(94.284383 0.020708858 -2.5165387e-17)
(94.284618 0.019885415 0)
(94.284735 0.019183312 0)
(94.284838 0.017444879 0)
(94.284895 0.017684002 5.7418603e-17)
(94.285024 0.016781849 -1.1806467e-16)
(94.285994 0.023482125 1.2065063e-16)
(94.286924 0.024114506 -6.2092207e-17)
(94.287371 0.023618885 -6.4314146e-17)
(94.287728 0.024201503 8.8686317e-23)
(94.288488 0.024191937 1.3644501e-16)
(94.289753 0.023319256 -7.0076959e-17)
(94.291081 0.021703766 0)
(94.292398 0.023058064 7.4117582e-17)
(94.293671 0.024890957 -1.5235666e-16)
(94.294683 0.025480576 -6.0914564e-24)
(94.295479 0.027482704 1.613778e-16)
(94.281902 0.063492704 1.0538516e-17)
(94.281759 0.064387433 0)
(94.281826 0.064442258 2.2645203e-17)
(94.282241 0.063860242 2.3203195e-17)
(94.28273 0.063016036 -4.7812491e-17)
(94.283206 0.060647391 -4.9203743e-17)
(94.283991 0.059690237 5.0461594e-17)
(94.284747 0.060069742 0)
(94.285218 0.059031892 0)
(94.285542 0.057893201 5.50005e-17)
(94.285845 0.05565508 -5.4905696e-23)
(94.286184 0.053872326 -5.8230644e-17)
(94.286566 0.054946215 0)
(94.287113 0.055874402 0)
(94.287862 0.054782826 0)
(94.288813 0.055143182 0)
(94.289966 0.055274548 0)
(94.291145 0.054397269 0)
(94.292357 0.054076793 0)
(94.293511 0.055030467 0)
(94.294393 0.055489484 0)
(94.295085 0.057396389 1.5169531e-16)
(94.295727 0.059578468 -3.1091776e-16)
(94.286029 0.0099724639 0)
(94.282987 0.010008783 0)
(94.281257 0.011084386 0)
(94.280639 0.0097944918 -4.5315352e-17)
(94.280503 0.0088547054 4.637293e-17)
(94.280492 0.0083699573 0)
(94.280693 0.0058923172 4.9318241e-17)
(94.281037 0.00491809 -5.0725927e-17)
(94.281066 0.0059359158 0)
(94.281263 0.0075721859 5.3532143e-17)
(94.281587 0.0072877631 -1.6500892e-16)
(94.281997 0.0091635072 1.1286061e-16)
(94.28327 0.0083258899 0)
(94.285157 0.0073806196 0)
(94.287645 0.0052821608 0)
(94.290552 0.0034225029 1.2370893e-16)
(94.293353 0.0014790921 -1.2671896e-16)
(94.295897 0.0011303288 0)
(94.298239 0.0022401599 0)
(94.300359 0.0021720211 0)
(94.302398 0.0041254823 1.3937931e-16)
(94.30435 0.0055169618 2.2598197e-23)
(94.305829 0.0063903526 -1.4552207e-16)
(94.306766 0.0080261984 1.4832843e-16)
(94.307238 0.0084673141 -1.5064878e-16)
(94.32587 0.09791453 -2.1367785e-17)
(94.326068 0.090852457 0)
(94.327837 0.080310534 -4.4653665e-17)
(94.32912 0.075990541 4.5700031e-17)
(94.330215 0.071985564 0)
(94.331317 0.069897349 -4.7578367e-17)
(94.332177 0.070442786 9.7576168e-17)
(94.332524 0.063175644 -5.0179039e-17)
(94.333206 0.061217208 0)
(94.33465 0.067908973 1.0422484e-16)
(94.335802 0.041339972 -1.0674439e-16)
(94.337137 0.061106725 -1.0890374e-16)
(94.338951 0.034932988 1.1099738e-16)
(94.340406 0.044873283 -1.1333288e-16)
(94.341514 0.033705927 2.3146337e-16)
(94.342296 0.035860646 -4.6566832e-23)
(94.34284 0.032424313 -1.2093915e-16)
(94.343277 0.031831483 0)
(94.34365 0.030976195 1.2554933e-16)
(94.343956 0.030763379 -2.541331e-16)
(94.344036 0.031004561 1.418285e-23)
(94.343495 0.034747104 1.3568533e-16)
(94.341693 0.043539119 1.3766721e-16)
(94.339636 0.051378835 1.9185121e-23)
(94.337839 0.060038375 -1.4283865e-16)
(94.336545 0.066430774 0)
(94.335858 0.070778022 1.4849668e-16)
(91.221242 0.011832639 0)
(91.611102 0.017811328 -1.1200281e-17)
(92.241522 0.021418422 -3.2691236e-19)
(92.904023 0.021924709 9.7716614e-18)
(93.435584 0.020307308 6.9793921e-25)
(93.792578 0.01783226 -1.7037006e-17)
(94.004346 0.015550065 1.6157903e-17)
(94.119669 0.013877819 0)
(94.1773 0.012518865 -4.3466174e-19)
(94.202206 0.012166702 -4.0287933e-19)
(94.209795 0.01163072 -1.8869699e-19)
(94.209304 0.011647149 1.7664245e-19)
(94.204639 0.011518549 0)
(94.199334 0.011630431 1.9681903e-17)
(94.195277 0.011719088 -1.7884947e-17)
(94.193752 0.011592384 5.5585034e-19)
(94.194728 0.011266218 3.2925897e-17)
(94.19852 0.012363337 -3.0280637e-17)
(94.204838 0.01153583 9.9474353e-19)
(94.212519 0.011975145 2.6663256e-17)
(94.219952 0.011685556 -2.4953056e-17)
(94.225576 0.011693078 1.8113206e-18)
(94.229099 0.012096717 2.1718915e-17)
(94.231746 0.012985177 -2.0344761e-17)
(94.234589 0.013941559 -1.1903764e-18)
(94.236113 0.014476603 0)
(94.236066 0.015677516 -5.2307358e-19)
(94.235924 0.01725146 1.4684221e-17)
(94.235681 0.017551031 -1.4657048e-17)
(94.237933 0.016166483 0)
(94.241277 0.015469365 0)
(94.245629 0.016795845 -3.0549518e-18)
(94.24805 0.020080351 1.4361396e-18)
(94.252123 0.020568467 1.0817369e-17)
(94.254213 0.024762387 -1.0193142e-17)
(94.254942 0.026614581 -4.8078567e-18)
(94.257064 0.035768115 -9.0794597e-18)
(94.258879 0.035336131 2.145573e-18)
(94.261793 0.048174593 8.1265136e-18)
(94.268363 0.041487532 0)
(94.269773 0.061595321 0)
(94.272236 0.038052743 7.047208e-18)
(94.276119 0.05936719 0)
(94.280654 0.038024814 -6.364915e-18)
(94.280991 0.057232713 -1.5441597e-18)
(94.28522 0.02091735 -1.0353518e-17)
(94.28227 0.063051245 -2.2984117e-17)
(94.289866 0.014366769 -3.5179064e-19)
(94.326135 0.099562862 3.3301019e-17)
(91.342965 0.013873364 0)
(91.738584 0.019714221 0)
(92.362666 0.022982063 3.0870282e-19)
(92.998326 0.023175926 0)
(93.497634 0.021150977 2.7149369e-19)
(93.827673 0.018398241 1.0178288e-18)
(94.021662 0.015811224 3.1238042e-17)
(94.126504 0.013810074 -2.7714794e-17)
(94.17846 0.012123831 0)
(94.200886 0.011399669 7.8009811e-19)
(94.20739 0.010730266 2.3273511e-17)
(94.206985 0.010317906 -2.2161262e-17)
(94.20253 0.010269228 2.0568636e-17)
(94.197831 0.010139473 -1.9240359e-17)
(94.194622 0.010206457 -1.8515575e-17)
(94.193594 0.010370553 5.0438028e-17)
(94.195457 0.010051656 -3.1861419e-17)
(94.20038 0.0094677639 0)
(94.207305 0.010379626 2.8160109e-17)
(94.21525 0.010454817 -2.5855963e-17)
(94.22244 0.010546478 5.7196754e-19)
(94.227773 0.010956645 2.2147961e-17)
(94.231114 0.010989011 -4.2863609e-17)
(94.233473 0.011074186 2.0406554e-17)
(94.236123 0.011831236 2.9424768e-19)
(94.238263 0.011368707 0)
(94.238921 0.012182362 1.7298047e-17)
(94.238923 0.010473092 -2.9883751e-17)
(94.238515 0.013058723 1.4539573e-17)
(94.240114 0.016291099 0)
(94.243107 0.01799174 0)
(94.247473 0.018586801 1.2332747e-17)
(94.250981 0.018936889 -1.2512796e-17)
(94.255272 0.019134663 1.0786299e-17)
(94.258524 0.023869668 -1.0171375e-17)
(94.259286 0.024186271 0)
(94.260686 0.032775749 -1.1302527e-18)
(94.262336 0.033748101 -2.1364974e-18)
(94.264933 0.046180235 0)
(94.270895 0.039402105 -3.860633e-18)
(94.271073 0.049182418 3.6496694e-18)
(94.272482 0.037069911 0)
(94.277047 0.059599769 -3.3136383e-18)
(94.279146 0.03552582 3.1801316e-18)
(94.279916 0.053355697 -1.5420577e-18)
(94.285661 0.022102713 2.9434916e-18)
(94.28317 0.061908998 1.004229e-17)
(94.292774 0.013012738 5.5907368e-18)
(94.326111 0.098597439 -1.0889945e-17)
(91.45536 0.014051437 0)
(91.856412 0.019899121 1.2405636e-18)
(92.472404 0.02294023 -1.0520317e-17)
(93.081404 0.022848401 8.804597e-18)
(93.549944 0.020629529 0)
(93.855598 0.017736091 1.4608022e-17)
(94.034227 0.015082239 -1.5565461e-17)
(94.130449 0.012987729 -8.611894e-19)
(94.177773 0.011386016 0)
(94.197987 0.010411875 -7.5539611e-19)
(94.203571 0.0097181913 -2.1331979e-17)
(94.203068 0.0089076054 2.0042521e-17)
(94.198845 0.0085670482 -2.0043241e-17)
(94.19481 0.0081171355 -8.7805745e-24)
(94.192556 0.0078185216 1.8162079e-17)
(94.192201 0.0076878091 3.3101419e-17)
(94.195511 0.0074714648 -3.1118922e-17)
(94.201539 0.0068986263 0)
(94.209313 0.0072111309 -4.2767171e-19)
(94.217589 0.0069507202 -4.0103939e-19)
(94.224754 0.0069335866 -3.7602602e-19)
(94.229933 0.0071045049 -2.2215831e-17)
(94.233084 0.0070366391 2.1175825e-17)
(94.235063 0.0066348039 -3.1054625e-19)
(94.23722 0.0067347589 -2.9179844e-19)
(94.239612 0.0056833836 -1.7438311e-17)
(94.241635 0.0055192495 3.245759e-17)
(94.243664 0.0067605242 -1.2076008e-19)
(94.245112 0.008219051 -1.5404714e-17)
(94.245445 0.0025732477 -1.2755327e-17)
(94.246086 0.0092970316 1.2781255e-17)
(94.249031 0.013841631 -1.8802012e-19)
(94.25232 0.014911189 -3.5467013e-19)
(94.256122 0.017914118 1.0703861e-17)
(94.25954 0.019008826 -9.4801942e-18)
(94.261612 0.021830933 9.5433103e-18)
(94.264293 0.02805387 -7.3183355e-18)
(94.266552 0.028870123 0)
(94.267819 0.039364573 0)
(94.27143 0.036058682 3.8419132e-18)
(94.270877 0.04487188 -3.8331406e-18)
(94.27327 0.035675415 1.0815901e-19)
(94.278866 0.051051331 3.2923304e-18)
(94.277092 0.033592287 3.1894767e-18)
(94.27986 0.052472889 0)
(94.28644 0.023681169 0)
(94.28347 0.061087502 0)
(94.295076 0.0092726948 -5.1950133e-18)
(94.326174 0.095469735 -1.6695416e-18)
(91.557428 0.013298673 0)
(91.961479 0.018992413 -3.5196645e-18)
(92.567861 0.02160749 -1.1093246e-18)
(93.151725 0.021192307 -2.095824e-18)
(93.592458 0.018921537 1.5825232e-17)
(93.877045 0.016087932 -1.3061083e-17)
(94.042916 0.013553468 2.8147907e-17)
(94.132262 0.011514191 -2.6551173e-17)
(94.176119 0.010083741 -2.4851083e-17)
(94.194033 0.0092045334 -1.0047375e-23)
(94.198851 0.008687234 2.0729884e-17)
(94.198166 0.0079793937 1.3016368e-18)
(94.194458 0.0076817169 -1.9574749e-17)
(94.191523 0.0072213712 1.6106716e-17)
(94.19051 0.0068424142 -1.9372547e-17)
(94.191627 0.0067684312 4.6644666e-17)
(94.195891 0.006713922 -6.0730422e-17)
(94.202788 0.0063884617 5.5460988e-17)
(94.211236 0.0064106484 7.3125857e-24)
(94.219656 0.0062496622 -5.0529156e-17)
(94.226734 0.0060217119 -1.0472546e-23)
(94.23176 0.0061867656 4.3155067e-17)
(94.234734 0.0064259472 -2.6144014e-18)
(94.23633 0.0065230315 -3.928776e-17)
(94.237716 0.0070121047 1.845175e-17)
(94.23961 0.0074863428 -2.1498345e-18)
(94.241572 0.0064497975 0)
(94.243897 0.0080732574 1.9157529e-18)
(94.246641 0.008408667 9.0309108e-19)
(94.250609 0.0097643284 -1.4414606e-17)
(94.252676 0.0096783383 1.2726784e-17)
(94.253415 0.011213472 0)
(94.255191 0.01333449 0)
(94.257869 0.017530714 0)
(94.260663 0.017806961 -1.0643076e-17)
(94.263381 0.021712402 7.1066388e-18)
(94.267017 0.024102508 -2.8036822e-18)
(94.269526 0.025641452 -2.1229512e-18)
(94.27036 0.033780976 -2.0083904e-18)
(94.271974 0.03509999 0)
(94.271667 0.04233272 -1.5744605e-18)
(94.274236 0.048192056 -1.0832848e-19)
(94.278628 0.047966476 -3.2669787e-18)
(94.277014 0.030069443 3.1569336e-18)
(94.280448 0.050783191 -4.5253201e-18)
(94.286884 0.023619556 4.3953713e-18)
(94.283226 0.060732013 0)
(94.297494 0.0078691106 0)
(94.326397 0.09253901 1.3242041e-18)
(91.648477 0.0087558558 2.3428807e-18)
(92.052223 0.014115752 6.626869e-24)
(92.64905 0.016234568 1.0551678e-17)
(93.21123 0.015619684 -5.9981583e-18)
(93.628336 0.013490206 0)
(93.895037 0.010952189 1.2526352e-17)
(94.049981 0.0087305798 -1.1836789e-17)
(94.13352 0.0070643695 -2.8744286e-17)
(94.174542 0.0058732224 2.4012088e-17)
(94.19122 0.0051276276 -2.2815915e-17)
(94.195805 0.0050080934 4.310707e-17)
(94.195607 0.0048779145 -1.7679917e-17)
(94.192915 0.0050280414 0)
(94.191091 0.0053264667 9.6840521e-24)
(94.190647 0.0056487568 9.4041021e-24)
(94.192537 0.0060919969 1.9802899e-18)
(94.197784 0.0063226112 2.9848003e-17)
(94.205458 0.0067583058 -2.2838356e-17)
(94.214144 0.0071730779 -2.6449483e-17)
(94.222301 0.0074823379 2.4873953e-17)
(94.229011 0.0080290559 2.9230493e-18)
(94.233819 0.008512349 1.3734541e-18)
(94.236707 0.0094745551 5.1615025e-18)
(94.238086 0.010701505 -1.9402813e-17)
(94.238821 0.01118601 1.5937903e-17)
(94.240156 0.011686469 3.5705503e-24)
(94.242148 0.012209121 -2.0051045e-17)
(94.244562 0.013595867 1.3224213e-17)
(94.247038 0.013330235 1.7834439e-17)
(94.250942 0.01983666 -1.0079276e-17)
(94.255447 0.020150984 3.1705139e-18)
(94.258445 0.020385746 0)
(94.260249 0.020687387 -1.4044674e-17)
(94.26155 0.022785432 1.0590083e-17)
(94.263266 0.022242347 9.9906594e-18)
(94.265922 0.024166649 -7.086541e-18)
(94.268732 0.02513938 -2.2401361e-18)
(94.271733 0.025318367 1.0578652e-17)
(94.273449 0.030964031 2.0027801e-18)
(94.273333 0.032181118 0)
(94.274147 0.041172157 1.8009553e-18)
(94.274371 0.032022643 3.4606299e-18)
(94.276243 0.045728065 -3.2809443e-18)
(94.277422 0.029018848 -6.2387791e-18)
(94.280978 0.04836335 3.0291647e-18)
(94.28714 0.023162507 2.9050664e-18)
(94.282787 0.057844496 0)
(94.299926 0.0068456742 0)
(94.326626 0.087945792 0)
(91.73082 0.00108882 -2.2200931e-18)
(92.131974 0.0062922654 -2.1144624e-18)
(92.720364 0.0082415858 0)
(93.264889 0.0077443138 -3.821452e-18)
(93.662603 0.006051618 -1.4504151e-17)
(93.914108 0.004171294 1.3747589e-17)
(94.059155 0.0026109339 -2.4406465e-17)
(94.136916 0.0015510063 2.7691839e-17)
(94.175118 0.0013470665 0)
(94.191187 0.00092169357 0)
(94.195706 0.00086083835 -2.6076158e-18)
(94.195688 0.0015227926 -4.8990709e-18)
(94.193379 0.0018395436 2.3089316e-18)
(94.19207 0.0022430821 -1.5276394e-17)
(94.192328 0.0027912213 1.4436072e-17)
(94.195599 0.003450632 -3.8907519e-18)
(94.201897 0.0039541925 -2.5676638e-17)
(94.209922 0.0045028491 2.4193441e-17)
(94.218251 0.0052052004 2.6039849e-17)
(94.225719 0.0057551601 -2.1448884e-17)
(94.231817 0.006020212 -2.3067741e-17)
(94.236397 0.0063836566 -2.0196533e-23)
(94.239459 0.0069457198 1.5305109e-17)
(94.241104 0.0073889895 -1.919329e-17)
(94.241834 0.0090080276 4.2858587e-17)
(94.242756 0.011547682 -1.9074862e-17)
(94.24477 0.013217719 3.9867121e-18)
(94.247441 0.01589635 0)
(94.250163 0.018828656 -3.5283038e-18)
(94.253054 0.020843493 -4.7787114e-24)
(94.256606 0.02266251 9.4155583e-18)
(94.259535 0.025400946 -2.9619516e-17)
(94.261526 0.026736827 2.7989506e-18)
(94.262726 0.026258617 5.2519887e-18)
(94.26413 0.027313282 4.9565216e-18)
(94.266557 0.026133381 0)
(94.26883 0.025968662 -1.7737034e-17)
(94.272349 0.024814648 2.0945719e-17)
(94.274264 0.024752167 -7.9396087e-18)
(94.274256 0.024989461 0)
(94.276163 0.029925772 -3.5738341e-18)
(94.274412 0.024155957 -1.8585186e-23)
(94.275869 0.040726864 3.2605828e-18)
(94.278232 0.025376706 9.3421387e-18)
(94.281045 0.047729778 -4.4942847e-18)
(94.287435 0.022269602 -4.2989143e-18)
(94.282403 0.054684845 0)
(94.301598 0.0058658922 0)
(94.326945 0.084215659 -1.0414599e-17)
(91.808796 -0.005564673 4.2178018e-18)
(92.207641 -0.00024956352 4.0275976e-18)
(92.788609 0.0018449445 -3.8410939e-18)
(93.318045 0.0015910808 3.6583234e-18)
(93.699281 0.00027551185 3.4797521e-18)
(93.937583 -0.0010802553 0)
(94.073517 -0.0019868222 -3.1374119e-18)
(94.145371 -0.0023560266 2.3790974e-17)
(94.179923 -0.0021789819 -1.9705119e-17)
(94.194127 -0.0018547865 -2.1301557e-17)
(94.197999 -0.0014445709 2.2707897e-17)
(94.197806 -0.00038985794 -2.3892023e-18)
(94.196027 0.000268343 -2.2570019e-18)
(94.195333 0.00089593751 1.2821111e-17)
(94.196548 0.0020931601 2.4261436e-17)
(94.201007 0.0030421012 3.8181357e-18)
(94.207819 0.0041837235 -3.2430174e-17)
(94.215633 0.0052668535 -2.3790284e-17)
(94.22318 0.0062464448 -2.1412461e-23)
(94.229705 0.0073556824 2.4149744e-17)
(94.23506 0.0084494684 -2.8433477e-18)
(94.239352 0.009307202 1.6065112e-17)
(94.242599 0.010436721 -1.7647545e-17)
(94.244852 0.013443802 1.8990414e-17)
(94.246398 0.015548406 -2.6822204e-17)
(94.247765 0.017572916 4.2072356e-18)
(94.249719 0.018156399 -3.9600014e-18)
(94.252411 0.022800549 0)
(94.255821 0.019382952 0)
(94.258387 0.02270259 -9.928735e-18)
(94.260333 0.024655568 1.24605e-17)
(94.261677 0.026107099 5.8728717e-18)
(94.262272 0.028221048 0)
(94.262495 0.02785834 5.2254044e-18)
(94.263975 0.027889734 -9.8141856e-18)
(94.26625 0.027292258 1.3918143e-17)
(94.268329 0.026361521 1.3165363e-17)
(94.271538 0.024844685 -1.2465074e-17)
(94.27323 0.024609784 7.8946139e-18)
(94.273842 0.023775851 -3.7240257e-18)
(94.275732 0.02757819 -1.0651393e-17)
(94.275135 0.020554579 0)
(94.276827 0.038762935 9.6818778e-18)
(94.279659 0.017546569 -1.5530715e-17)
(94.281744 0.047568646 1.3308062e-17)
(94.287434 0.021514702 -1.4178227e-18)
(94.281555 0.053179685 0)
(94.301873 0.0034912535 -3.3694056e-19)
(94.327357 0.075692238 1.0715327e-17)
(91.886338 -0.006944023 -4.0158518e-18)
(92.285637 -0.001050952 0)
(92.859328 0.0015069552 3.6747054e-18)
(93.373922 0.0016713209 3.5081796e-18)
(93.739657 0.00076836178 -3.344827e-18)
(93.965891 -0.00012529434 0)
(94.093558 -0.00050914035 3.0298441e-18)
(94.159969 -0.00032260804 0)
(94.19094 0.00044049496 -5.465286e-18)
(94.202837 0.0015129549 -5.182409e-18)
(94.20565 0.0025459248 1.9674036e-17)
(94.204742 0.0043533333 4.6630947e-18)
(94.20322 0.0057261082 -1.7650576e-17)
(94.202855 0.0069140127 4.1825157e-18)
(94.204669 0.0088778953 -3.5658939e-17)
(94.209588 0.010457102 3.3708172e-17)
(94.216277 0.011916739 0)
(94.223474 0.013694766 -9.1102959e-24)
(94.230116 0.015307331 2.5222427e-17)
(94.235695 0.016861014 -5.055315e-17)
(94.240311 0.018383399 2.2429968e-17)
(94.244365 0.020268953 5.2854705e-18)
(94.247947 0.021831176 4.9811439e-18)
(94.250675 0.02262201 0)
(94.252498 0.024728691 4.4281834e-18)
(94.254441 0.027250076 1.6696559e-17)
(94.256778 0.029231078 -2.7556483e-17)
(94.258303 0.031168503 7.4315524e-18)
(94.259678 0.032562907 0)
(94.26126 0.034014229 -6.5583133e-18)
(94.262859 0.033596055 1.2349999e-17)
(94.263538 0.033891694 -1.7468324e-17)
(94.263252 0.033338402 1.0975169e-17)
(94.262423 0.033187909 0)
(94.263283 0.034429913 4.8822888e-18)
(94.265453 0.030436193 -2.3170867e-17)
(94.267308 0.028220611 2.4846178e-23)
(94.270241 0.02650768 0)
(94.272566 0.027749989 -1.3275989e-23)
(94.274075 0.023658512 -7.4274604e-18)
(94.275002 0.029305065 7.1290849e-18)
(94.276392 0.020701913 1.3531676e-17)
(94.278405 0.038396015 3.2301236e-18)
(94.280511 0.020709041 3.0773496e-18)
(94.283939 0.047232135 -1.0343738e-17)
(94.286965 0.020708497 -1.413743e-18)
(94.280088 0.05227801 -6.8605984e-19)
(94.302168 0.0032447436 2.1835889e-17)
(94.327458 0.068983756 0)
(91.964852 -0.005591608 0)
(92.368129 0.00073524386 3.6760245e-18)
(92.933814 0.0036475326 0)
(93.432259 0.0041094967 -8.2161077e-24)
(93.782163 0.0034090782 -1.2880168e-17)
(93.99686 0.0025575349 2.7659648e-17)
(94.117214 0.002256032 8.7899204e-18)
(94.179271 0.0026223826 -2.7903132e-17)
(94.207642 0.0036361414 7.9631276e-18)
(94.217783 0.005081846 1.0089181e-17)
(94.219627 0.0065055349 0)
(94.217655 0.0088994602 -1.8213776e-17)
(94.215778 0.010920617 1.7263778e-17)
(94.21531 0.012427996 0)
(94.216967 0.015076446 0)
(94.221671 0.016905671 -3.6766107e-18)
(94.227814 0.018680903 0)
(94.234232 0.020199501 -2.9587738e-17)
(94.240072 0.022554656 4.9698185e-17)
(94.244918 0.024205415 -2.9336577e-17)
(94.248921 0.025663154 0)
(94.252662 0.026875333 5.2294668e-18)
(94.256365 0.028791694 -4.9362693e-18)
(94.25874 0.027800532 0)
(94.259499 0.029714988 -1.7582605e-17)
(94.259361 0.032955547 1.6604304e-17)
(94.259065 0.033749922 1.555488e-17)
(94.258752 0.034807665 -7.3440562e-18)
(94.25908 0.03551803 -1.3792119e-17)
(94.260175 0.035699212 1.3002708e-17)
(94.26168 0.035266811 -1.8390569e-17)
(94.262665 0.035230267 9.5129216e-24)
(94.262934 0.035762738 -5.4571396e-18)
(94.26258 0.035362506 1.0276708e-17)
(94.263306 0.037508041 0)
(94.264468 0.035062681 9.2673553e-18)
(94.266127 0.035967584 8.7489665e-18)
(94.269143 0.030932691 -3.7886831e-23)
(94.272793 0.031863539 7.8429014e-18)
(94.275073 0.027156676 -1.1081522e-17)
(94.27486 0.031141548 -7.065671e-18)
(94.277524 0.024932292 -1.0102829e-17)
(94.279455 0.037915547 3.2206172e-18)
(94.280351 0.023834132 1.2162683e-17)
(94.285572 0.045903858 -1.6115412e-17)
(94.285844 0.01895955 1.4103727e-18)
(94.278839 0.051314893 0)
(94.301999 0.0030413381 -2.0923122e-17)
(94.327065 0.05823878 0)
(92.042507 -0.0018530284 -3.6634518e-18)
(92.451865 0.0043835127 -3.5219208e-18)
(93.008213 0.0073759263 0)
(93.488753 0.0077706945 -3.2416825e-18)
(93.821851 0.0069673869 0)
(94.024759 0.005938753 -2.9690613e-18)
(94.138012 0.0049627896 -2.269718e-17)
(94.196126 0.0047788951 2.708564e-17)
(94.22239 0.0050615451 -2.0663167e-17)
(94.231706 0.0057398752 3.4430473e-17)
(94.233433 0.0065270523 -2.3417975e-17)
(94.231496 0.0080370769 -2.2267398e-17)
(94.22935 0.0097626361 1.6902509e-17)
(94.228493 0.011046049 0)
(94.2295 0.013448836 0)
(94.233593 0.015389351 3.6117919e-17)
(94.239074 0.016159606 -2.7365451e-17)
(94.24466 0.01852701 -6.4755576e-18)
(94.249522 0.019856907 3.0631797e-17)
(94.25319 0.021700765 -1.7381578e-17)
(94.25572 0.023219476 0)
(94.257504 0.024565004 -5.1790539e-18)
(94.258888 0.025740332 -4.8964206e-18)
(94.26002 0.028636071 0)
(94.260701 0.029145627 0)
(94.260163 0.029662233 -1.6429951e-17)
(94.258713 0.032566575 1.5335582e-17)
(94.257947 0.033210536 7.2282968e-18)
(94.257743 0.034396873 -1.4114824e-23)
(94.258443 0.035424376 -1.2917195e-17)
(94.260187 0.036054143 1.2183884e-17)
(94.261945 0.038222357 5.7532024e-18)
(94.262671 0.038422569 5.4321632e-18)
(94.263389 0.041757967 -1.0265473e-17)
(94.264244 0.040020134 1.9299465e-17)
(94.264267 0.039915123 -9.2425082e-18)
(94.265317 0.041387003 0)
(94.268106 0.033983018 8.2389778e-18)
(94.272795 0.035634005 -7.8056289e-18)
(94.274933 0.02793961 1.4725794e-17)
(94.275079 0.034473014 1.3978281e-17)
(94.278966 0.02729428 0)
(94.280127 0.037716354 -1.6826291e-24)
(94.280515 0.025162807 0)
(94.285194 0.045255415 1.1630444e-17)
(94.284287 0.018480764 -1.4044425e-18)
(94.278318 0.050710581 1.3503589e-18)
(94.300842 0.0030797841 0)
(94.326826 0.055898515 0)
(92.116927 0.0042291425 3.5085768e-18)
(92.531644 0.010205555 -6.7594009e-18)
(93.077274 0.012936055 6.5015374e-18)
(93.538949 0.012987783 6.2449518e-18)
(93.854657 0.011750746 -5.9913168e-18)
(94.045145 0.010434321 0)
(94.150388 0.0092550546 2.1999581e-17)
(94.203491 0.0081847163 -3.6855369e-17)
(94.227012 0.0078516895 1.5101215e-17)
(94.235759 0.0077375365 0)
(94.237882 0.007887778 4.5797872e-18)
(94.237512 0.0085884298 1.6978293e-23)
(94.236688 0.0093807791 4.1376745e-18)
(94.236561 0.010595257 -2.3604411e-17)
(94.237954 0.012136376 -7.4762686e-18)
(94.241418 0.014212488 2.1273228e-17)
(94.246137 0.016838589 0)
(94.250823 0.017970488 1.2742184e-17)
(94.254558 0.019358135 1.8100526e-17)
(94.257025 0.020975649 -2.2839831e-17)
(94.258363 0.022504597 0)
(94.259002 0.023662192 0)
(94.259432 0.024834407 4.8229204e-18)
(94.260279 0.026704532 -1.8193279e-17)
(94.261159 0.027455665 1.7159408e-17)
(94.261183 0.028634152 8.0933617e-18)
(94.25965 0.031923159 0)
(94.258611 0.035085063 7.1794649e-18)
(94.258487 0.035601255 0)
(94.259342 0.037125792 0)
(94.261128 0.039895366 -6.0604894e-18)
(94.262842 0.037788445 1.1384724e-17)
(94.263625 0.03872637 -2.1494925e-17)
(94.264096 0.04007866 0)
(94.264206 0.041052506 -9.5943602e-18)
(94.264179 0.040863049 1.8244597e-17)
(94.26494 0.043082907 -8.6373631e-18)
(94.267042 0.039827122 8.1632923e-18)
(94.271909 0.038552228 0)
(94.274556 0.031772751 3.6943714e-18)
(94.276339 0.03849052 -1.3962463e-17)
(94.28012 0.033072795 1.0057602e-17)
(94.280476 0.038208068 -9.5107222e-18)
(94.281674 0.026110892 -3.0244861e-18)
(94.284542 0.046245961 2.6118477e-17)
(94.282568 0.013314467 2.0965076e-17)
(94.278475 0.050743394 -1.3390033e-18)
(94.299162 0.0027746331 0)
(94.326559 0.050859686 0)
(92.185503 0.0087691958 3.365613e-18)
(92.602131 0.01446841 -3.2479515e-18)
(93.13614 0.01660761 0)
(93.579607 0.016141151 -6.0224884e-18)
(93.878874 0.014393638 -1.1575858e-17)
(94.057616 0.012484881 1.1114703e-17)
(94.155455 0.011141128 0)
(94.204613 0.0092326202 2.034551e-17)
(94.227039 0.0086924893 -2.434261e-17)
(94.235716 0.0082613205 -1.848621e-17)
(94.238023 0.008116512 -3.4560093e-24)
(94.238326 0.0081037692 2.1198123e-17)
(94.238642 0.0082572513 1.2114354e-17)
(94.24048 0.0084255167 -6.4709402e-24)
(94.243749 0.0092669942 -3.6694763e-17)
(94.247717 0.010259631 7.2540379e-24)
(94.251965 0.011993629 5.2861925e-17)
(94.25581 0.013334006 -6.2648637e-17)
(94.25865 0.015249935 2.9677787e-17)
(94.260426 0.017060791 0)
(94.261329 0.018974144 0)
(94.261657 0.020475633 0)
(94.26183 0.023006312 0)
(94.262627 0.025342735 0)
(94.263748 0.026455764 0)
(94.264437 0.028725107 1.4915628e-24)
(94.263558 0.030351328 -1.5157595e-17)
(94.261777 0.030136885 1.4296133e-17)
(94.261148 0.035425637 -2.029113e-17)
(94.261277 0.038166214 1.2820031e-17)
(94.261726 0.03549519 -1.2047775e-17)
(94.262561 0.037642988 1.1344074e-17)
(94.263432 0.038450835 1.0728833e-17)
(94.263747 0.039041273 0)
(94.263723 0.041384006 -1.9099492e-17)
(94.264413 0.041308736 2.6682051e-24)
(94.265385 0.04355641 0)
(94.267494 0.042269186 -2.431171e-17)
(94.271455 0.045939311 7.7118551e-18)
(94.274512 0.040664688 7.3337875e-18)
(94.278054 0.044059256 -6.9863165e-18)
(94.280133 0.034103151 -1.3273387e-17)
(94.280434 0.042940529 0)
(94.283253 0.027734163 3.0286336e-18)
(94.283463 0.043179166 -2.892296e-17)
(94.281245 0.0169479 -2.0726701e-17)
(94.278652 0.050081362 1.3368609e-18)
(94.296999 0.0047684293 6.4454625e-19)
(94.326047 0.044043526 -6.2797051e-19)
(94.20417 0.0081833668 1.4744026e-17)
(94.225888 0.0074019895 -1.4146687e-17)
(94.234342 0.0067946733 0)
(94.23687 0.0065289649 -2.5893429e-17)
(94.237507 0.0063465272 3.2997455e-17)
(94.238199 0.0062200358 -3.1477304e-17)
(94.240511 0.0061804618 1.5071068e-17)
(94.244739 0.0057306557 2.8668874e-17)
(94.250026 0.0054711587 -6.8119146e-18)
(94.255274 0.0054783711 -2.5879862e-17)
(94.259699 0.0059250131 6.1406385e-18)
(94.262835 0.0067237168 -5.8623017e-18)
(94.26462 0.0079457171 0)
(94.265461 0.0091659691 0)
(94.265799 0.010068241 0)
(94.265868 0.011161841 9.4470704e-18)
(94.266188 0.014278349 -1.7886914e-17)
(94.26691 0.013680683 0)
(94.267985 0.015481084 7.9311343e-18)
(94.268231 0.0177708 7.5522581e-18)
(94.265674 0.020615189 0)
(94.263052 0.02257373 6.7235966e-18)
(94.261598 0.02566435 -2.0926582e-23)
(94.261241 0.029975929 0)
(94.261897 0.033087196 0)
(94.263263 0.035672129 0)
(94.263992 0.037467525 0)
(94.264469 0.04172809 9.5167563e-18)
(94.265778 0.042538475 -9.0217937e-18)
(94.267199 0.047430435 1.1523785e-23)
(94.269274 0.043213276 2.4381475e-17)
(94.271534 0.04788445 0)
(94.274875 0.041625814 7.2575952e-18)
(94.278539 0.046975952 -6.9258269e-18)
(94.279707 0.034474463 -3.2838643e-18)
(94.280767 0.044597401 6.2528866e-18)
(94.283541 0.028335141 -5.999955e-18)
(94.282801 0.044766591 -2.0055532e-17)
(94.281266 0.017709773 0)
(94.278895 0.052315888 2.1256373e-17)
(94.293737 0.0043986236 6.4007018e-19)
(94.325544 0.040367571 -6.2382388e-19)
(94.265218 0.0041243294 -2.1983802e-17)
(94.266286 0.0047426289 1.040345e-17)
(94.266672 0.0055519736 0)
(94.266625 0.0065244433 9.3443431e-18)
(94.266362 0.0074607425 1.7664002e-17)
(94.266573 0.010500619 -8.293052e-18)
(94.267576 0.011269661 -1.5668886e-17)
(94.268389 0.011883703 -1.0369963e-23)
(94.268088 0.015268419 0)
(94.265197 0.018285999 0)
(94.262981 0.022065205 -1.2552585e-17)
(94.262393 0.025635627 -7.9151597e-24)
(94.263147 0.029674764 1.1204754e-17)
(94.26465 0.031067595 -1.0591779e-17)
(94.265837 0.034404797 2.0061717e-17)
(94.266979 0.037578949 -3.8006768e-17)
(94.268032 0.039197027 9.0123129e-18)
(94.26843 0.043624013 -8.5494677e-18)
(94.269495 0.044189047 -2.4266542e-17)
(94.271874 0.047703379 7.6158594e-18)
(94.275768 0.050001447 -7.245915e-18)
(94.278495 0.048139615 1.3700552e-17)
(94.27906 0.040088321 0)
(94.281483 0.047050381 0)
(94.283285 0.028844934 2.3758864e-17)
(94.283044 0.04558707 4.5409534e-17)
(94.281855 0.018276922 0)
(94.279078 0.049310705 -1.9843286e-17)
(94.290199 0.0070127634 -1.2734531e-18)
(94.325144 0.039588782 3.9742045e-17)
(94.26925 0.011039479 1.4038779e-17)
(94.26839 0.014261387 0)
(94.266641 0.013675122 0)
(94.266146 0.016830453 -1.1824221e-17)
(94.267018 0.021488662 1.1192106e-17)
(94.267984 0.02429467 -1.0580278e-17)
(94.268639 0.026584418 -1.0001917e-17)
(94.269322 0.030908234 3.7890906e-17)
(94.269265 0.034743989 -3.5082106e-24)
(94.269142 0.039559344 1.6950368e-17)
(94.270322 0.044248243 -8.0009054e-18)
(94.273897 0.051687796 -1.5174548e-17)
(94.277292 0.046435108 -1.4482123e-17)
(94.277968 0.051294094 -1.3680363e-17)
(94.278678 0.043646081 0)
(94.281484 0.048916385 -3.085251e-18)
(94.282837 0.030817275 -2.0759886e-17)
(94.283787 0.045829217 -1.9904117e-17)
(94.281921 0.019035989 -4.0826963e-18)
(94.279166 0.047806895 4.3191247e-17)
(94.287785 0.0056093313 0)
(94.325097 0.041322965 -3.9104782e-17)
(94.271508 0.026057086 2.8223402e-17)
(94.271168 0.03132327 -1.7790744e-17)
(94.271653 0.03778656 0)
(94.273973 0.039984526 1.5948341e-17)
(94.278006 0.044077179 3.7711875e-17)
(94.277799 0.043176116 4.3101264e-17)
(94.277006 0.050590683 -6.8578976e-18)
(94.277881 0.041979569 0)
(94.2809 0.049783392 0)
(94.282243 0.032456131 0)
(94.283982 0.04649328 0)
(94.281498 0.020579215 -1.340181e-18)
(94.279551 0.04882141 -4.0149044e-17)
(94.286192 0.0058763584 0)
(94.325462 0.044153308 -3.8374291e-17)
(94.278008 0.040498134 -2.2464226e-17)
(94.277321 0.040734153 -2.8401127e-17)
(94.276985 0.043775445 6.8028714e-18)
(94.277909 0.039491465 3.2093187e-18)
(94.280326 0.0468727 -2.7758898e-17)
(94.281541 0.034034408 0)
(94.283687 0.046373722 2.5132848e-17)
(94.281592 0.021802195 -2.6681101e-18)
(94.280354 0.051559435 0)
(94.28553 0.0086022254 3.9082053e-17)
(94.32625 0.048787939 5.9668818e-19)
(94.278321 0.037793979 3.1937285e-18)
(94.279906 0.044326752 2.149845e-17)
(94.281641 0.03437793 0)
(94.283196 0.04542278 -2.2391423e-17)
(94.282165 0.022039745 0)
(94.281116 0.05408884 -3.9811915e-17)
(94.285702 0.0093329842 -1.839341e-18)
(94.3273 0.055040089 5.9441549e-19)
(94.283095 0.045820542 4.7293586e-17)
(94.282945 0.022664447 0)
(94.28182 0.056438358 4.0748403e-17)
(94.286462 0.011460495 -7.8239115e-17)
(94.328405 0.062059475 -5.1562902e-23)
(94.28326 0.054171936 1.2630034e-18)
(94.287851 0.012804867 1.0067077e-23)
(94.329649 0.071038096 3.7502902e-17)
(94.330838 0.077758616 5.8285409e-19)
)
;

boundaryField
{
    Side
    {
        type            empty;
    }
    Inlet
    {
        type            freestreamVelocity;
        freestreamValue uniform (94.24 0 0);
        value           nonuniform List<vector> 
48
(
(94.282913 0.048931857 -1.0678348e-17)
(94.283013 0.045404352 0)
(94.2839 0.040138172 -2.2317328e-17)
(94.284542 0.037979965 2.2840811e-17)
(94.28509 0.035979047 0)
(94.285641 0.034935725 -2.3780369e-17)
(94.286071 0.035208241 4.8769865e-17)
(94.286246 0.031577243 -2.5081117e-17)
(94.286588 0.030598671 0)
(94.287308 0.033942263 5.2093661e-17)
(94.287891 0.020665456 -5.3360497e-17)
(94.288553 0.030543465 -5.4434231e-17)
(94.289466 0.017463259 5.5488412e-17)
(94.290191 0.022431304 -5.665296e-17)
(94.290748 0.016849952 1.15711e-16)
(94.291138 0.017926914 -2.3278989e-23)
(94.291411 0.016209369 -6.0459179e-17)
(94.29163 0.015913056 0)
(94.291817 0.015485554 6.2764355e-17)
(94.291969 0.015379181 -1.2704583e-16)
(94.29201 0.015499732 7.0902592e-24)
(94.291738 0.017370351 6.7830168e-17)
(94.290835 0.021764535 6.8817717e-17)
(94.289805 0.02568242 9.5899477e-24)
(94.288904 0.030009633 -7.1396595e-17)
(94.288256 0.03320369 0)
(94.287911 0.035375734 7.4220485e-17)
(94.283045 0.04975516 1.6641723e-17)
(94.283033 0.049272956 -5.4421269e-18)
(94.283065 0.047710712 -8.3434836e-19)
(94.283177 0.046246809 6.617773e-19)
(94.283293 0.043952397 0)
(94.283453 0.042089032 -5.2049752e-18)
(94.283661 0.037830934 5.3555135e-18)
(94.283713 0.034479265 0)
(94.283519 0.029110399 0)
(94.2834 0.027940975 0)
(94.283268 0.025422986 0)
(94.283014 0.022016621 -3.1391193e-19)
(94.282763 0.020179465 -3.1184518e-19)
(94.282563 0.019790236 1.9866851e-17)
(94.282539 0.020656956 -1.9548107e-17)
(94.282721 0.022071486 -1.9182654e-17)
(94.283114 0.02438766 2.9826692e-19)
(94.283637 0.027512014 2.9712102e-19)
(94.284188 0.031019529 -2.5772969e-23)
(94.284808 0.035505672 1.8744389e-17)
(94.2854 0.038863282 2.9130692e-19)
)
;
    }
    Airfoil
    {
        type            noSlip;
    }
    Outlet
    {
        type            inletOutlet;
        inletValue      nonuniform List<vector> 0();
        value           nonuniform List<vector> 0();
    }
    procBoundary3to2
    {
        type            processor;
        value           nonuniform List<vector> 
65
(
(90.600896 0.038160314 0)
(92.084927 0.040821204 2.1352589e-18)
(93.204179 0.035752595 0)
(93.775485 0.030926666 0)
(94.015583 0.028492927 -2.6467684e-23)
(94.108902 0.027630213 -1.5595314e-18)
(94.141648 0.028041874 4.5158136e-23)
(94.148388 0.029260442 0)
(94.144185 0.030329529 0)
(94.135758 0.032111173 0)
(94.135758 0.032111173 0)
(94.11977 0.030440485 0)
(94.110797 0.031941795 -4.2195689e-18)
(94.102396 0.033639857 0)
(94.095505 0.036060338 0)
(94.092456 0.039558301 -3.3659517e-18)
(94.095897 0.043943218 -6.2486657e-18)
(94.107411 0.050819921 -5.8059149e-18)
(94.124222 0.056920972 5.4012063e-18)
(94.136876 0.063045094 0)
(94.142546 0.067043808 0)
(94.145563 0.0706665 8.6794721e-18)
(94.15116 0.072623054 0)
(94.15418 0.077154228 7.4938726e-18)
(94.158588 0.078089447 -6.949825e-18)
(94.158588 0.078089447 -6.949825e-18)
(94.165302 0.087419395 -5.5827906e-23)
(94.172131 0.085500157 -2.5313334e-17)
(94.179557 0.0908927 0)
(94.193921 0.092814716 0)
(94.202705 0.10035549 -2.0490232e-17)
(94.211781 0.094570652 0)
(94.211781 0.094570652 0)
(94.217673 0.10650609 -1.8608245e-17)
(94.228375 0.1124703 -1.7437996e-17)
(94.23722 0.10903682 0)
(94.23722 0.10903682 0)
(94.241707 0.10780278 3.16519e-17)
(94.24681 0.12021033 -2.9858205e-17)
(94.253163 0.11485066 -5.5725038e-17)
(94.253163 0.11485066 -5.5725038e-17)
(94.262616 0.09237385 5.3596135e-17)
(94.264764 0.087385431 -5.1092311e-17)
(94.264764 0.087385431 -5.1092311e-17)
(94.268791 0.079662598 0)
(94.268791 0.079662598 0)
(94.27976 0.076549175 4.8663136e-17)
(94.282819 0.064685189 4.4790656e-17)
(94.282819 0.064685189 4.4790656e-17)
(94.288095 0.07333776 0)
(94.288095 0.07333776 0)
(94.290055 0.044567078 -8.5980797e-17)
(94.290055 0.044567078 -8.5980797e-17)
(94.300287 0.065185397 8.3374046e-17)
(94.300287 0.065185397 8.3374046e-17)
(94.301075 0.063831279 0)
(94.296254 0.02838468 1.6562156e-16)
(94.296254 0.02838468 1.6562156e-16)
(94.296287 0.06072361 -1.5948313e-16)
(94.296287 0.06072361 -1.5948313e-16)
(94.296683 0.062144953 0)
(94.307342 0.0088727424 0)
(94.307342 0.0088727424 0)
(94.307109 0.0095459371 0)
(94.335588 0.073463711 -1.5168208e-16)
)
;
    }
    procBoundary3to4
    {
        type            processor;
        value           nonuniform List<vector> 
57
(
(92.660079 0.014765569 6.2503505e-18)
(93.182533 0.015989224 1.153982e-24)
(93.610041 0.01486244 -1.7439765e-17)
(93.895467 0.012856742 5.5953277e-18)
(94.064813 0.010766055 0)
(94.157319 0.0090522516 0)
(94.157319 0.0090522516 0)
(94.203604 0.0067814162 -2.8658016e-17)
(94.223841 0.0059598016 -2.3059072e-17)
(94.231746 0.0055180574 2.6517409e-17)
(94.234366 0.0052301247 -2.3737904e-23)
(94.235371 0.0050245511 -1.6199181e-17)
(94.236577 0.0048696358 7.7384927e-18)
(94.23933 0.0047771785 3.6878289e-17)
(94.24381 0.0046978631 -5.6240303e-17)
(94.249317 0.0044701543 -6.6914962e-18)
(94.254855 0.0041616954 5.0891894e-17)
(94.25959 0.0041693872 -2.4140124e-17)
(94.263067 0.0040343835 -2.3021257e-17)
(94.263067 0.0040343835 -2.3021257e-17)
(94.26524 0.0042277958 1.0777754e-17)
(94.266543 0.0047783436 1.0223913e-17)
(94.267077 0.0055675777 -1.9384555e-17)
(94.267115 0.0064911038 0)
(94.266887 0.0072687413 -3.4776743e-17)
(94.266981 0.0089802323 -8.2262592e-18)
(94.267643 0.0095324991 1.6823372e-23)
(94.268582 0.010416419 2.9526272e-17)
(94.268582 0.010416419 2.9526272e-17)
(94.269858 0.008898391 2.7787916e-17)
(94.269774 0.0098565248 0)
(94.268937 0.015990244 0)
(94.268602 0.014744204 -1.1787567e-17)
(94.268835 0.016923734 0)
(94.270129 0.021221309 1.0561201e-17)
(94.27131 0.024153951 -1.991984e-17)
(94.27131 0.024153951 -1.991984e-17)
(94.274664 0.021748152 9.3774351e-18)
(94.275457 0.026444594 0)
(94.276842 0.031858158 2.5189822e-17)
(94.278659 0.040350369 -7.9839986e-18)
(94.278659 0.040350369 -7.9839986e-18)
(94.277817 0.036137411 0)
(94.277609 0.03819146 0)
(94.277447 0.043136793 0)
(94.277447 0.043136793 0)
(94.278089 0.03487441 1.9198867e-17)
(94.279628 0.042409621 0)
(94.281857 0.034158593 2.8965883e-18)
(94.281857 0.034158593 2.8965883e-18)
(94.282885 0.046998915 -5.489103e-18)
(94.283366 0.022335885 3.9663804e-18)
(94.283366 0.022335885 3.9663804e-18)
(94.285868 0.065557242 1.2582405e-18)
(94.289834 0.0093660217 -3.929531e-17)
(94.289834 0.0093660217 -3.929531e-17)
(94.331398 0.081837104 7.3142595e-17)
)
;
    }
    procBoundary3to10
    {
        type            processor;
        value           nonuniform List<vector> 
23
(
(91.071594 0.0017556604 0)
(90.944515 0.00082616022 0)
(90.797176 0.00034585124 0)
(90.65241 -0.00060156703 0)
(90.501597 -0.003921901 0)
(90.342361 -0.0074870926 0)
(90.166226 -0.0082546563 1.0237776e-18)
(89.97948 0.00016253061 -1.0748246e-18)
(89.667984 0.024582266 0)
(89.800032 0.0045330776 0)
(89.667984 0.024582266 0)
(91.203931 0.0050156378 0)
(91.323713 0.0078554612 0)
(91.434437 0.0086714083 0)
(91.537565 0.0083258671 0)
(91.6345 0.00396713 -2.3425908e-18)
(91.726425 -0.0036007176 2.2200591e-18)
(91.812997 -0.0099829615 -4.2185495e-18)
(91.89293 -0.010899485 4.0171006e-18)
(91.96572 -0.0093060082 0)
(92.03208 -0.0058624102 3.663799e-18)
(92.094884 0.00013013735 -3.50803e-18)
(92.156713 0.0051362714 -3.3644554e-18)
)
;
    }
    procBoundary3to11
    {
        type            processor;
        value           uniform (92.245946 0.0095096697 0);
    }
}


// ************************************************************************* //
