/*--------------------------------*- C++ -*----------------------------------*\
| =========                 |                                                 |
| \\      /  F ield         | OpenFOAM: The Open Source CFD Toolbox           |
|  \\    /   O peration     | Version:  2506                                  |
|   \\  /    A nd           | Website:  www.openfoam.com                      |
|    \\/     M anipulation  |                                                 |
\*---------------------------------------------------------------------------*/
FoamFile
{
    version     2.0;
    format      ascii;
    arch        "LSB;label=32;scalar=64";
    class       volScalarField;
    location    "0.00023";
    object      Co;
}
// * * * * * * * * * * * * * * * * * * * * * * * * * * * * * * * * * * * * * //

dimensions      [0 0 0 0 0 0 0];

internalField   nonuniform List<scalar> 
3447
(
6.9491711e-06
6.6444422e-06
6.3431185e-06
1.2862917e-05
1.2687479e-05
1.25042e-05
1.2312794e-05
1.2113032e-05
1.1904738e-05
1.1687799e-05
1.1462172e-05
1.1227889e-05
1.098506e-05
1.0733877e-05
1.0474618e-05
1.020765e-05
9.9334244e-06
9.6524818e-06
9.3654446e-06
9.0730148e-06
8.7759665e-06
8.4751373e-06
8.1714201e-06
7.8657507e-06
7.5590963e-06
7.2524419e-06
6.9467776e-06
6.6430793e-06
6.3426917e-06
1.3450961e-05
1.3304378e-05
1.3151553e-05
1.2992047e-05
1.2825454e-05
1.2651402e-05
1.2469561e-05
1.2279646e-05
1.2081419e-05
1.1874701e-05
1.1659378e-05
1.14354e-05
1.1202791e-05
1.0961655e-05
1.0712178e-05
1.0454628e-05
1.0189363e-05
9.9168267e-06
9.6375503e-06
9.3521475e-06
9.0613111e-06
8.7658062e-06
8.4664628e-06
8.1641659e-06
7.8598444e-06
7.5544598e-06
7.2489924e-06
6.9444288e-06
6.6417417e-06
6.3422744e-06
1.3683694e-05
1.354922e-05
1.3409502e-05
1.3264056e-05
1.3112418e-05
1.2954154e-05
1.2788858e-05
1.2616159e-05
1.243572e-05
1.2247253e-05
1.2050522e-05
1.1845344e-05
1.1631596e-05
1.1409223e-05
1.1178247e-05
1.0938763e-05
1.0690948e-05
1.0435066e-05
1.0171463e-05
9.9005768e-06
9.6229286e-06
9.3391232e-06
9.0498443e-06
8.755849e-06
8.4579594e-06
8.1570528e-06
7.8540514e-06
7.5499111e-06
7.2456073e-06
6.9421228e-06
6.6404276e-06
6.3418634e-06
1.3894557e-05
1.3769947e-05
1.3641163e-05
1.3507689e-05
1.3369023e-05
1.3224679e-05
1.3074199e-05
1.2917147e-05
1.2753114e-05
1.2581728e-05
1.2402655e-05
1.2215602e-05
1.2020328e-05
1.1816647e-05
1.1604432e-05
1.1383626e-05
1.1154242e-05
1.0916369e-05
1.0670177e-05
1.0415921e-05
1.0153942e-05
9.8846675e-06
9.6086097e-06
9.326365e-06
9.0386094e-06
8.7460909e-06
8.4496237e-06
8.150078e-06
7.8483697e-06
7.5454486e-06
7.2422855e-06
6.9398592e-06
6.6391377e-06
6.3414587e-06
1.8326261e-05
1.8018479e-05
1.7733004e-05
1.4315748e-05
1.4203065e-05
1.4088464e-05
1.3971368e-05
1.3851225e-05
1.3727491e-05
1.3599632e-05
1.346713e-05
1.3329486e-05
1.3186221e-05
1.3036871e-05
1.2880997e-05
1.2718195e-05
1.254809e-05
1.2370344e-05
1.2184666e-05
1.1990813e-05
1.1788592e-05
1.1577874e-05
1.1358596e-05
1.1130763e-05
1.0894461e-05
1.0649852e-05
1.0397185e-05
1.0136791e-05
9.8690898e-06
9.594586e-06
9.3138675e-06
9.0276011e-06
8.7365272e-06
8.4414521e-06
8.1432388e-06
7.8427969e-06
7.5410704e-06
7.2390255e-06
6.9376377e-06
6.6378716e-06
6.3410621e-06
1.9347819e-05
1.8960642e-05
1.8602376e-05
1.8270657e-05
1.7963274e-05
1.7678183e-05
1.7413487e-05
1.7167433e-05
1.6938391e-05
1.6724839e-05
1.6525366e-05
1.4601034e-05
1.4491142e-05
1.4381152e-05
1.4270456e-05
1.4158456e-05
1.4044575e-05
1.3928247e-05
1.3808915e-05
1.3686033e-05
1.3559074e-05
1.3427522e-05
1.3290876e-05
1.3148655e-05
1.30004e-05
1.2845675e-05
1.2684073e-05
1.2515216e-05
1.2338767e-05
1.2154431e-05
1.1961962e-05
1.1761163e-05
1.1551903e-05
1.1334114e-05
1.1107795e-05
1.0873026e-05
1.0629963e-05
1.0378846e-05
1.012e-05
9.8538361e-06
9.580851e-06
9.3016241e-06
9.016814e-06
8.7271534e-06
8.4334409e-06
8.1365324e-06
7.8373308e-06
7.5367751e-06
7.2358266e-06
6.9354567e-06
6.636628e-06
6.3406727e-06
1.929252e-05
1.8905778e-05
1.8547926e-05
1.8216602e-05
1.7909598e-05
1.7624873e-05
1.7360533e-05
1.7114829e-05
1.6886131e-05
1.667292e-05
1.6473786e-05
1.6287414e-05
1.6112576e-05
1.5948121e-05
1.5792973e-05
1.5646121e-05
1.5506602e-05
1.537352e-05
1.5246019e-05
1.5123287e-05
1.500455e-05
1.4889065e-05
1.4776123e-05
1.4665038e-05
1.455515e-05
1.444582e-05
1.4336421e-05
1.4226349e-05
1.4115015e-05
1.4001839e-05
1.3886251e-05
1.37677e-05
1.3645646e-05
1.351956e-05
1.3388927e-05
1.3253251e-05
1.3112049e-05
1.2964861e-05
1.2811251e-05
1.2650812e-05
1.2483166e-05
1.2307975e-05
1.2124943e-05
1.1933817e-05
1.1734403e-05
1.1526562e-05
1.1310221e-05
1.1085376e-05
1.0852099e-05
1.0610541e-05
1.0360934e-05
1.0103597e-05
9.8389317e-06
9.5674274e-06
9.2896554e-06
9.0062664e-06
8.7179855e-06
8.4256036e-06
8.1299698e-06
7.8319809e-06
7.5325699e-06
7.2326938e-06
6.9333201e-06
6.6354092e-06
6.3402902e-06
1.9658055e-05
1.9240162e-05
1.8853746e-05
1.8496211e-05
1.8165193e-05
1.7858483e-05
1.7574046e-05
1.7309992e-05
1.7064567e-05
1.6836147e-05
1.6623216e-05
1.6424362e-05
1.6238276e-05
1.6063732e-05
1.5899579e-05
1.5744736e-05
1.5598198e-05
1.5459011e-05
1.5326274e-05
1.5199136e-05
1.5076783e-05
1.4958443e-05
1.484338e-05
1.4730883e-05
1.462027e-05
1.4510881e-05
1.4402077e-05
1.429324e-05
1.4183764e-05
1.4073058e-05
1.3960547e-05
1.3845665e-05
1.3727865e-05
1.3606604e-05
1.3481355e-05
1.3351604e-05
1.3216854e-05
1.3076627e-05
1.2930464e-05
1.2777927e-05
1.2618608e-05
1.245213e-05
1.2278152e-05
1.2096375e-05
1.1906547e-05
1.1708469e-05
1.1501997e-05
1.1287055e-05
1.1063634e-05
1.08318e-05
1.0591697e-05
1.0343552e-05
1.0087674e-05
9.8244598e-06
9.5543902e-06
9.2780286e-06
8.9960176e-06
8.7090749e-06
8.4179841e-06
8.123588e-06
7.8267767e-06
7.5284782e-06
7.229645e-06
6.9312412e-06
6.6342233e-06
6.3399178e-06
1.9606573e-05
1.9189029e-05
1.8802948e-05
1.844573e-05
1.8115017e-05
1.7808607e-05
1.752446e-05
1.7260689e-05
1.7015548e-05
1.6787408e-05
1.6574754e-05
1.6376181e-05
1.6190379e-05
1.6016118e-05
1.5852259e-05
1.5697722e-05
1.5551501e-05
1.5412639e-05
1.5280239e-05
1.5153453e-05
1.503147e-05
1.491352e-05
1.4798868e-05
1.4686804e-05
1.457665e-05
1.4467747e-05
1.4359457e-05
1.4251164e-05
1.4142266e-05
1.4032171e-05
1.392031e-05
1.3806118e-05
1.3689043e-05
1.356855e-05
1.3444112e-05
1.331522e-05
1.3181375e-05
1.3042097e-05
1.2896928e-05
1.2745434e-05
1.2587204e-05
1.2421861e-05
1.2249064e-05
1.2068509e-05
1.1879943e-05
1.1683162e-05
1.1478023e-05
1.1264443e-05
1.1042408e-05
1.0811979e-05
1.0573293e-05
1.0326572e-05
1.0072117e-05
9.8103183e-06
9.5416477e-06
9.2666617e-06
8.9859958e-06
8.7003599e-06
8.4105304e-06
8.1173435e-06
7.8216834e-06
7.5244728e-06
7.2266595e-06
6.9292041e-06
6.6330612e-06
6.3395549e-06
2.0007467e-05
1.9556108e-05
1.9138927e-05
1.8753193e-05
1.8396307e-05
1.8065914e-05
1.7759811e-05
1.7475966e-05
1.7212489e-05
1.6967632e-05
1.6739775e-05
1.6527407e-05
1.6329116e-05
1.6143599e-05
1.5969631e-05
1.5806067e-05
1.5651831e-05
1.5505918e-05
1.5367377e-05
1.5235314e-05
1.5108879e-05
1.4987262e-05
1.4869695e-05
1.4755446e-05
1.4643808e-05
1.4534102e-05
1.4425672e-05
1.4317887e-05
1.4210127e-05
1.4101792e-05
1.3992297e-05
1.3881067e-05
1.3767544e-05
1.3651179e-05
1.3531434e-05
1.3407788e-05
1.327973e-05
1.3146764e-05
1.3008409e-05
1.286421e-05
1.271373e-05
1.255656e-05
1.2392321e-05
1.2220669e-05
1.2041304e-05
1.1853967e-05
1.1658452e-05
1.1454611e-05
1.1242357e-05
1.1021673e-05
1.0792613e-05
1.055531e-05
1.0309976e-05
1.005691e-05
9.7964912e-06
9.5291861e-06
9.2555434e-06
8.9761909e-06
8.6918313e-06
8.4032344e-06
8.1112296e-06
7.8166955e-06
7.5205495e-06
7.2237345e-06
6.9272079e-06
6.6319213e-06
6.3391978e-06
2.0445742e-05
1.9957574e-05
1.9506619e-05
1.9089816e-05
1.8704442e-05
1.8347902e-05
1.8017841e-05
1.7712056e-05
1.7428519e-05
1.7165343e-05
1.6920781e-05
1.6693214e-05
1.6481132e-05
1.6283129e-05
1.6097902e-05
1.5924224e-05
1.5760955e-05
1.560702e-05
1.546142e-05
1.53232e-05
1.5191468e-05
1.5065376e-05
1.494412e-05
1.4826931e-05
1.4713079e-05
1.4601858e-05
1.4492591e-05
1.4384628e-05
1.4277334e-05
1.4170093e-05
1.4062307e-05
1.3953394e-05
1.3842782e-05
1.3729912e-05
1.3614238e-05
1.3495225e-05
1.3372349e-05
1.3245102e-05
1.3112989e-05
1.2975534e-05
1.2832279e-05
1.2682787e-05
1.2526649e-05
1.2363485e-05
1.2192952e-05
1.2014744e-05
1.1828603e-05
1.1634321e-05
1.1431745e-05
1.1220783e-05
1.1001414e-05
1.0773689e-05
1.0537733e-05
1.0293754e-05
1.0042041e-05
9.7829696e-06
9.5169973e-06
9.2446661e-06
8.9665967e-06
8.6834843e-06
8.3960922e-06
8.1052435e-06
7.8118106e-06
7.5167062e-06
7.2208687e-06
6.9252522e-06
6.6308055e-06
6.3388467e-06
2.0396331e-05
1.9908607e-05
1.9458073e-05
1.904167e-05
1.865667e-05
1.8300485e-05
1.7970766e-05
1.7665311e-05
1.738209e-05
1.7119221e-05
1.6874962e-05
1.6647691e-05
1.6435901e-05
1.6238189e-05
1.6053251e-05
1.5879865e-05
1.5716892e-05
1.5563261e-05
1.5417968e-05
1.5280067e-05
1.5148663e-05
1.5022913e-05
1.4902012e-05
1.4785196e-05
1.4671735e-05
1.4560923e-05
1.4452089e-05
1.4344581e-05
1.4237765e-05
1.4131033e-05
1.4023787e-05
1.3915443e-05
1.3805432e-05
1.3693199e-05
1.3578196e-05
1.3459894e-05
1.3337769e-05
1.3211313e-05
1.3080035e-05
1.2943454e-05
1.2801117e-05
1.2652585e-05
1.2497452e-05
1.2335336e-05
1.2165891e-05
1.1988812e-05
1.1803838e-05
1.1610754e-05
1.1409409e-05
1.1199707e-05
1.0981621e-05
1.0755197e-05
1.0520555e-05
1.0277896e-05
1.0027504e-05
9.7697471e-06
9.505076e-06
9.2340254e-06
8.957209e-06
8.6753154e-06
8.3891009e-06
8.0993824e-06
7.807027e-06
7.5129415e-06
7.2180609e-06
6.9233352e-06
6.6297103e-06
6.3385026e-06
2.0875426e-05
2.0347806e-05
1.9860546e-05
1.9410446e-05
1.8994452e-05
1.8609846e-05
1.8254034e-05
1.7924668e-05
1.7619551e-05
1.7336657e-05
1.7074104e-05
1.6830153e-05
1.6603183e-05
1.639169e-05
1.6194272e-05
1.6009626e-05
1.5836538e-05
1.5673861e-05
1.5520532e-05
1.5375547e-05
1.523796e-05
1.5106884e-05
1.4981472e-05
1.4860922e-05
1.4744473e-05
1.4631394e-05
1.4520984e-05
1.4412574e-05
1.430551e-05
1.4199166e-05
1.4092931e-05
1.3986208e-05
1.3878419e-05
1.3768994e-05
1.3657382e-05
1.3543037e-05
1.3425427e-05
1.3304033e-05
1.3178348e-05
1.3047881e-05
1.2912154e-05
1.2770711e-05
1.2623116e-05
1.246896e-05
1.2307863e-05
1.2139477e-05
1.1963494e-05
1.1779653e-05
1.1587741e-05
1.1387597e-05
1.1179122e-05
1.0962286e-05
1.073713e-05
1.0503769e-05
1.0262398e-05
1.0013294e-05
9.7568196e-06
9.4934183e-06
9.2236179e-06
8.9480253e-06
8.6673223e-06
8.3822589e-06
8.0936452e-06
7.8023432e-06
7.5092549e-06
7.2153106e-06
6.9214569e-06
6.628638e-06
6.3381665e-06
2.1398151e-05
2.082722e-05
2.0300118e-05
1.981334e-05
1.9363697e-05
1.8948134e-05
1.8563932e-05
1.8208502e-05
1.78795e-05
1.7574732e-05
1.7292175e-05
1.7029947e-05
1.6786309e-05
1.6559646e-05
1.6348455e-05
1.6151336e-05
1.5966986e-05
1.5794191e-05
1.5631815e-05
1.5478787e-05
1.5334111e-05
1.5196841e-05
1.5066085e-05
1.4941006e-05
1.4820804e-05
1.4704716e-05
1.4592014e-05
1.4482001e-05
1.4374004e-05
1.4267378e-05
1.4161496e-05
1.4055747e-05
1.3949537e-05
1.384229e-05
1.373344e-05
1.3622433e-05
1.3508726e-05
1.3391792e-05
1.3271111e-05
1.3146175e-05
1.3016497e-05
1.2881601e-05
1.274103e-05
1.2594347e-05
1.2441144e-05
1.2281039e-05
1.2113685e-05
1.1938774e-05
1.175604e-05
1.1565265e-05
1.1366289e-05
1.115901e-05
1.0943393e-05
1.0719473e-05
1.0487361e-05
1.0247247e-05
9.9994002e-06
9.7441771e-06
9.4820156e-06
9.2134364e-06
8.9390392e-06
8.6594995e-06
8.3755609e-06
8.0880278e-06
7.7977564e-06
7.5056436e-06
7.212616e-06
6.9196166e-06
6.6275866e-06
6.3378358e-06
2.1350175e-05
2.0779819e-05
2.0253255e-05
1.9766982e-05
1.9317808e-05
1.8902687e-05
1.8518901e-05
1.8163872e-05
1.7835249e-05
1.753084e-05
1.7248625e-05
1.6986726e-05
1.674341e-05
1.6517062e-05
1.6306176e-05
1.6109359e-05
1.5925311e-05
1.5752814e-05
1.5590736e-05
1.5438011e-05
1.5293638e-05
1.5156678e-05
1.5026247e-05
1.4901503e-05
1.4781644e-05
1.4665911e-05
1.4553578e-05
1.4443955e-05
1.4336368e-05
1.423017e-05
1.4124736e-05
1.4019461e-05
1.3913754e-05
1.3807037e-05
1.3698746e-05
1.358833e-05
1.3475248e-05
1.3358971e-05
1.3238984e-05
1.3114782e-05
1.2985875e-05
1.2851787e-05
1.2712062e-05
1.2566268e-05
1.2413992e-05
1.2254854e-05
1.2088506e-05
1.1914637e-05
1.1732979e-05
1.1543314e-05
1.1345477e-05
1.1139364e-05
1.0924935e-05
1.0702221e-05
1.0471327e-05
1.0232438e-05
9.9858177e-06
9.7318163e-06
9.470865e-06
9.2034778e-06
8.9302483e-06
8.6518452e-06
8.3690058e-06
8.082529e-06
7.7932654e-06
7.5021072e-06
7.2099768e-06
6.9178133e-06
6.6265561e-06
6.3375117e-06
2.1302945e-05
2.0733186e-05
2.0207181e-05
1.972143e-05
1.9272747e-05
1.8858087e-05
1.8474736e-05
1.8120112e-05
1.7791876e-05
1.7487838e-05
1.7205977e-05
1.6944421e-05
1.6701432e-05
1.6475401e-05
1.6264827e-05
1.6068314e-05
1.5884567e-05
1.5712371e-05
1.5550595e-05
1.5398172e-05
1.5254107e-05
1.5117462e-05
1.4987348e-05
1.4862929e-05
1.4743408e-05
1.4628028e-05
1.4516064e-05
1.4406822e-05
1.4299633e-05
1.4193855e-05
1.4088865e-05
1.3984056e-05
1.387884e-05
1.3772641e-05
1.3664894e-05
1.3555053e-05
1.344258e-05
1.3326947e-05
1.3207637e-05
1.3084148e-05
1.2955989e-05
1.2822689e-05
1.2683792e-05
1.2538862e-05
1.2387489e-05
1.2229295e-05
1.2063925e-05
1.189107e-05
1.1710462e-05
1.1521877e-05
1.1325151e-05
1.1120174e-05
1.0906903e-05
1.0685364e-05
1.0455658e-05
1.0217964e-05
9.9725406e-06
9.7197311e-06
9.4599609e-06
9.1937377e-06
8.9216486e-06
8.644356e-06
8.3625911e-06
8.077147e-06
7.7888689e-06
7.4986445e-06
7.2073919e-06
6.9160477e-06
6.6255473e-06
6.3371954e-06
2.1873242e-05
2.1256567e-05
2.0687422e-05
2.0161987e-05
1.967677e-05
1.9228586e-05
1.8814395e-05
1.8431484e-05
1.8077278e-05
1.7749438e-05
1.7445775e-05
1.7164273e-05
1.6903059e-05
1.6660403e-05
1.6434693e-05
1.6224431e-05
1.6028225e-05
1.5844782e-05
1.5672887e-05
1.5511407e-05
1.5359285e-05
1.5215527e-05
1.507919e-05
1.494939e-05
1.4825294e-05
1.4706107e-05
1.4591073e-05
1.4479469e-05
1.4370601e-05
1.4263805e-05
1.4158439e-05
1.4053881e-05
1.3949526e-05
1.3844787e-05
1.3739093e-05
1.3631882e-05
1.3522604e-05
1.3410723e-05
1.3295715e-05
1.3177065e-05
1.3054268e-05
1.2926839e-05
1.2794308e-05
1.2656215e-05
1.2512127e-05
1.2361635e-05
1.2204355e-05
1.203994e-05
1.1868074e-05
1.1688486e-05
1.1500955e-05
1.130531e-05
1.110144e-05
1.0889297e-05
1.0668903e-05
1.0440354e-05
1.0203825e-05
9.9595685e-06
9.7079217e-06
9.4493037e-06
9.1842165e-06
8.9132407e-06
8.6370325e-06
8.3563171e-06
8.0718818e-06
7.7845671e-06
7.4952558e-06
7.2048617e-06
6.9143181e-06
6.6245585e-06
6.3368855e-06
2.2496948e-05
2.1829256e-05
2.12131e-05
2.064444e-05
2.0119454e-05
1.9634663e-05
1.9186878e-05
1.877306e-05
1.8390506e-05
1.8036634e-05
1.7709114e-05
1.7405758e-05
1.7124552e-05
1.6863622e-05
1.6621239e-05
1.6395799e-05
1.6185803e-05
1.598986e-05
1.5806676e-05
1.5635041e-05
1.5473826e-05
1.5321969e-05
1.5178478e-05
1.5042416e-05
1.4912904e-05
1.4789104e-05
1.4670223e-05
1.4555507e-05
1.4444235e-05
1.4335716e-05
1.4229286e-05
1.4124306e-05
1.4020154e-05
1.3916228e-05
1.3811941e-05
1.3706726e-05
1.3600022e-05
1.349128e-05
1.3379965e-05
1.3265553e-05
1.3147533e-05
1.3025404e-05
1.2898675e-05
1.2766878e-05
1.2629557e-05
1.248628e-05
1.2336634e-05
1.2180237e-05
1.2016738e-05
1.1845824e-05
1.1667222e-05
1.1480706e-05
1.1286104e-05
1.1083301e-05
1.0872247e-05
1.0652959e-05
1.042553e-05
1.0190126e-05
9.9469977e-06
9.6964753e-06
9.4389724e-06
9.1749845e-06
8.9050863e-06
8.629928e-06
8.3502294e-06
8.0667721e-06
7.7803913e-06
7.4919654e-06
7.2024046e-06
6.9126385e-06
6.6235983e-06
6.3365828e-06
2.2454032e-05
2.1786856e-05
2.1171177e-05
2.0602969e-05
2.0078406e-05
1.9594005e-05
1.914659e-05
1.8733124e-05
1.8350899e-05
1.7997342e-05
1.767012e-05
1.736705e-05
1.7086117e-05
1.6825454e-05
1.6583332e-05
1.6358146e-05
1.6148401e-05
1.5952703e-05
1.5769764e-05
1.5598376e-05
1.543741e-05
1.5285806e-05
1.5142574e-05
1.5006777e-05
1.4877536e-05
1.4754018e-05
1.4635429e-05
1.4521016e-05
1.4410064e-05
1.4301881e-05
1.4195805e-05
1.4091195e-05
1.3987433e-05
1.3883921e-05
1.3780075e-05
1.3675322e-05
1.3569103e-05
1.3460878e-05
1.335011e-05
1.3236277e-05
1.3118866e-05
1.2997379e-05
1.287133e-05
1.2740245e-05
1.2603673e-05
1.2461178e-05
1.231235e-05
1.2156807e-05
1.1994197e-05
1.1824206e-05
1.1646558e-05
1.1461025e-05
1.1267435e-05
1.1065667e-05
1.0855669e-05
1.0637455e-05
1.0411111e-05
1.01768e-05
9.9347669e-06
9.6853364e-06
9.4289168e-06
9.1659973e-06
8.8971468e-06
8.6230097e-06
8.3443001e-06
8.0617943e-06
7.7763226e-06
7.4887588e-06
7.2000095e-06
6.9110011e-06
6.6226622e-06
6.3362883e-06
2.3133839e-05
2.2411821e-05
2.1745185e-05
2.1130007e-05
2.0562263e-05
2.0038137e-05
1.9554147e-05
1.9107117e-05
1.8694011e-05
1.8312128e-05
1.7958896e-05
1.7631981e-05
1.7329204e-05
1.7048556e-05
1.6788167e-05
1.6546309e-05
1.632138e-05
1.6111888e-05
1.5916442e-05
1.5733751e-05
1.556261e-05
1.5401894e-05
1.5250543e-05
1.5107567e-05
1.4972031e-05
1.484306e-05
1.471982e-05
1.4601519e-05
1.4487409e-05
1.4376771e-05
1.4268916e-05
1.4163184e-05
1.4058938e-05
1.3955561e-05
1.3852453e-05
1.3749029e-05
1.3644726e-05
1.3538988e-05
1.3431267e-05
1.3321031e-05
1.320776e-05
1.3090943e-05
1.297008e-05
1.2844689e-05
1.2714297e-05
1.257845e-05
1.2436718e-05
1.2288687e-05
1.2133976e-05
1.1972232e-05
1.1803137e-05
1.1626417e-05
1.1441842e-05
1.1249235e-05
1.1048475e-05
1.0839505e-05
1.0622335e-05
1.0397047e-05
1.0163801e-05
9.9228344e-06
9.6744676e-06
9.4191033e-06
9.1572249e-06
8.8893958e-06
8.6162546e-06
8.3385095e-06
8.0569319e-06
7.7723476e-06
7.4856256e-06
7.1976688e-06
6.9094002e-06
6.6217464e-06
6.3359999e-06
2.3091716e-05
2.2370298e-05
2.1704222e-05
2.1089569e-05
2.0522311e-05
1.999864e-05
1.9515074e-05
1.9068442e-05
1.8655711e-05
1.8274179e-05
1.7921281e-05
1.7594685e-05
1.7292212e-05
1.7011851e-05
1.675174e-05
1.6510154e-05
1.6285486e-05
1.6076249e-05
1.5881054e-05
1.5698616e-05
1.5527725e-05
1.5367257e-05
1.5216157e-05
1.5073437e-05
1.4938164e-05
1.480946e-05
1.4686495e-05
1.4568479e-05
1.4454665e-05
1.4344335e-05
1.4236802e-05
1.4131408e-05
1.4027517e-05
1.3924514e-05
1.3821801e-05
1.3718798e-05
1.3614934e-05
1.3509658e-05
1.3402428e-05
1.3292712e-05
1.3179989e-05
1.306375e-05
1.2943497e-05
1.2818745e-05
1.2689026e-05
1.2553889e-05
1.2412896e-05
1.226564e-05
1.2111737e-05
1.1950832e-05
1.1782609e-05
1.1606791e-05
1.1423147e-05
1.1231497e-05
1.1031718e-05
1.0823748e-05
1.0607594e-05
1.0383334e-05
1.0151124e-05
9.911196e-06
9.6638654e-06
9.409529e-06
9.1486652e-06
8.8818315e-06
8.6096607e-06
8.3328562e-06
8.0521844e-06
7.7684657e-06
7.4825651e-06
7.1953819e-06
6.9078365e-06
6.6208521e-06
6.3357197e-06
2.3050233e-05
2.2329438e-05
2.1663942e-05
2.1049829e-05
2.0483075e-05
1.9959874e-05
1.9476747e-05
1.9030526e-05
1.8618185e-05
1.8237018e-05
1.7884462e-05
1.7558191e-05
1.7256028e-05
1.6975964e-05
1.6716138e-05
1.6474826e-05
1.6250426e-05
1.604145e-05
1.5846511e-05
1.5664325e-05
1.5493686e-05
1.5333469e-05
1.518262e-05
1.5040154e-05
1.4905142e-05
1.4776702e-05
1.4654011e-05
1.4536278e-05
1.4422755e-05
1.4312728e-05
1.4205513e-05
1.4100453e-05
1.399691e-05
1.3894272e-05
1.3791944e-05
1.3689345e-05
1.3585912e-05
1.3481089e-05
1.3374336e-05
1.3265125e-05
1.3152935e-05
1.3037256e-05
1.2917596e-05
1.279347e-05
1.2664407e-05
1.2529956e-05
1.2389685e-05
1.2243183e-05
1.2090065e-05
1.1929978e-05
1.1762604e-05
1.1587664e-05
1.1404925e-05
1.1214207e-05
1.101538e-05
1.0808384e-05
1.0593219e-05
1.0369961e-05
1.0138759e-05
9.8998425e-06
9.653521e-06
9.4001861e-06
9.1403111e-06
8.8744475e-06
8.6032233e-06
8.3273363e-06
8.0475478e-06
7.7646737e-06
7.4795752e-06
7.1931474e-06
6.9063077e-06
6.619977e-06
6.3354449e-06
2.3009368e-05
2.2289213e-05
2.1624321e-05
2.1010771e-05
2.0444542e-05
1.9921828e-05
1.9439159e-05
1.8993362e-05
1.8581416e-05
1.8200627e-05
1.7848428e-05
1.7522491e-05
1.7220648e-05
1.6940888e-05
1.6681353e-05
1.644032e-05
1.6216192e-05
1.6007481e-05
1.58128e-05
1.5630867e-05
1.5460478e-05
1.5300513e-05
1.5149918e-05
1.5007709e-05
1.4872951e-05
1.4744774e-05
1.4622352e-05
1.4504898e-05
1.4391664e-05
1.4281937e-05
1.4175032e-05
1.4070296e-05
1.3967095e-05
1.3864816e-05
1.3762865e-05
1.3660664e-05
1.355765e-05
1.345327e-05
1.3346984e-05
1.3238263e-05
1.3126593e-05
1.3011464e-05
1.2892379e-05
1.2768859e-05
1.2640434e-05
1.2506651e-05
1.236708e-05
1.222131e-05
1.2068955e-05
1.1909664e-05
1.1743116e-05
1.156903e-05
1.1387172e-05
1.1197359e-05
1.099946e-05
1.0793411e-05
1.0579208e-05
1.0356924e-05
1.0126704e-05
9.8887719e-06
9.6434328e-06
9.3910736e-06
9.1321616e-06
8.8672434e-06
8.5969415e-06
8.3219487e-06
8.0430217e-06
7.7609716e-06
7.4766556e-06
7.1909651e-06
6.9048146e-06
6.6191228e-06
6.3351748e-06
2.2969091e-05
2.2249609e-05
2.1585341e-05
2.0972373e-05
2.0406684e-05
1.9884474e-05
1.9402271e-05
1.8956917e-05
1.8545382e-05
1.8164979e-05
1.7813145e-05
1.7487552e-05
1.7186035e-05
1.6906587e-05
1.6647349e-05
1.6406603e-05
1.618275e-05
1.5974308e-05
1.5779888e-05
1.5598213e-05
1.5428079e-05
1.5268366e-05
1.5118022e-05
1.4976064e-05
1.4841566e-05
1.4713653e-05
1.4591498e-05
1.4474319e-05
1.4361367e-05
1.4251933e-05
1.4145337e-05
1.4040921e-05
1.3938054e-05
1.3836126e-05
1.3734545e-05
1.3632732e-05
1.3530127e-05
1.3426177e-05
1.3320346e-05
1.3212106e-05
1.3100938e-05
1.2986342e-05
1.2867819e-05
1.2744889e-05
1.2617083e-05
1.2483953e-05
1.2345065e-05
1.2200007e-05
1.2048396e-05
1.1889877e-05
1.172413e-05
1.1550875e-05
1.1369873e-05
1.118094e-05
1.0983944e-05
1.0778816e-05
1.056555e-05
1.0344214e-05
1.011495e-05
9.8779765e-06
9.6335945e-06
9.3821851e-06
9.1242113e-06
8.8602143e-06
8.5908115e-06
8.3166908e-06
8.0386036e-06
7.7573573e-06
7.4738046e-06
7.1888337e-06
6.9033558e-06
6.618288e-06
6.3349121e-06
2.3705244e-05
2.2929379e-05
2.2210596e-05
2.1546975e-05
2.0934609e-05
2.0369479e-05
1.9847789e-05
1.9366074e-05
1.8921172e-05
1.8510064e-05
1.8130057e-05
1.7778597e-05
1.7453361e-05
1.7152179e-05
1.6873049e-05
1.6614115e-05
1.637366e-05
1.6150087e-05
1.5941915e-05
1.5747762e-05
1.5566345e-05
1.5396466e-05
1.5237007e-05
1.5086916e-05
1.4945214e-05
1.4810972e-05
1.4683317e-05
1.4561427e-05
1.4444518e-05
1.4331848e-05
1.4222705e-05
1.4116411e-05
1.4012309e-05
1.390977e-05
1.3808186e-05
1.3706965e-05
1.360553e-05
1.3503321e-05
1.3399793e-05
1.3294405e-05
1.3186633e-05
1.3075961e-05
1.2961881e-05
1.2843904e-05
1.2721548e-05
1.2594347e-05
1.2461848e-05
1.2323622e-05
1.2179258e-05
1.202837e-05
1.1870604e-05
1.1705637e-05
1.1533189e-05
1.1353021e-05
1.1164944e-05
1.0968826e-05
1.0764594e-05
1.0552239e-05
1.0331826e-05
1.0103492e-05
9.8674516e-06
9.6240013e-06
9.3735171e-06
9.1164569e-06
8.8533576e-06
8.5848309e-06
8.31156e-06
8.0342918e-06
7.7538293e-06
7.4710213e-06
7.1867526e-06
6.9019318e-06
6.617473e-06
6.3346555e-06
2.3665336e-05
2.2890223e-05
2.2172155e-05
2.1509206e-05
2.089746e-05
2.0332909e-05
1.9811755e-05
1.9330543e-05
1.888611e-05
1.847544e-05
1.8095842e-05
1.7744766e-05
1.7419892e-05
1.7119051e-05
1.6840247e-05
1.6581622e-05
1.6341466e-05
1.6118182e-05
1.5910285e-05
1.5716399e-05
1.5535244e-05
1.5365623e-05
1.5206418e-05
1.505658e-05
1.4915129e-05
1.4781141e-05
1.4653746e-05
1.453212e-05
1.4415481e-05
1.4303088e-05
1.4194231e-05
1.4088231e-05
1.3984437e-05
1.388222e-05
1.3780973e-05
1.3680104e-05
1.3579043e-05
1.3477226e-05
1.3374107e-05
1.3269151e-05
1.3161833e-05
1.3051638e-05
1.2938066e-05
1.2820622e-05
1.2698825e-05
1.2572211e-05
1.244033e-05
1.2302748e-05
1.2159056e-05
1.2008871e-05
1.1851835e-05
1.1687627e-05
1.1515965e-05
1.1336607e-05
1.1149363e-05
1.0954099e-05
1.0750738e-05
1.053927e-05
1.0319754e-05
1.0092325e-05
9.8571928e-06
9.6146493e-06
9.3650661e-06
9.1088961e-06
8.8466708e-06
8.5789975e-06
8.3065548e-06
8.0300851e-06
7.7503868e-06
7.468305e-06
7.1847213e-06
6.900541e-06
6.6166761e-06
6.3344041e-06
2.3625898e-05
2.2851586e-05
2.2134265e-05
2.1472008e-05
2.0860904e-05
2.0296952e-05
1.9776356e-05
1.9295656e-05
1.8851702e-05
1.8441483e-05
1.8062309e-05
1.7711627e-05
1.7387126e-05
1.7086639e-05
1.6808168e-05
1.6549862e-05
1.6310005e-05
1.6087009e-05
1.5879393e-05
1.5685779e-05
1.5504891e-05
1.5335528e-05
1.517658e-05
1.5026997e-05
1.48858e-05
1.4752068e-05
1.462493e-05
1.4503563e-05
1.438719e-05
1.4275071e-05
1.4166495e-05
1.4060787e-05
1.3957297e-05
1.3855396e-05
1.3754478e-05
1.3653957e-05
1.3553255e-05
1.3451819e-05
1.3349101e-05
1.3244566e-05
1.3137692e-05
1.3027966e-05
1.2914885e-05
1.2797958e-05
1.2676705e-05
1.2550661e-05
1.2419377e-05
1.2282424e-05
1.2139388e-05
1.1989886e-05
1.1833561e-05
1.1670091e-05
1.1499192e-05
1.1320621e-05
1.1134188e-05
1.0939754e-05
1.0737241e-05
1.0526635e-05
1.0307993e-05
1.0081444e-05
9.8471956e-06
9.6055347e-06
9.3568284e-06
9.1015246e-06
8.8401506e-06
8.5733088e-06
8.3016731e-06
8.0259814e-06
7.7470281e-06
7.4656546e-06
7.1827389e-06
6.8991839e-06
6.6158995e-06
6.3341591e-06
2.4409654e-05
2.3587785e-05
2.281424e-05
2.2097635e-05
2.1436041e-05
2.0825555e-05
2.0262171e-05
1.9742105e-05
1.9261905e-05
1.8818414e-05
1.8408623e-05
1.8029854e-05
1.7679556e-05
1.735541e-05
1.705526e-05
1.6777108e-05
1.6519106e-05
1.6279541e-05
1.6056823e-05
1.5849478e-05
1.5656124e-05
1.5475488e-05
1.5306376e-05
1.5147674e-05
1.4998336e-05
1.4857384e-05
1.4723895e-05
1.4597003e-05
1.4475891e-05
1.4359776e-05
1.4247919e-05
1.4139615e-05
1.4034189e-05
1.3930991e-05
1.3829395e-05
1.3728797e-05
1.3628608e-05
1.3528257e-05
1.3427189e-05
1.3324858e-05
1.3220731e-05
1.3114285e-05
1.3005011e-05
1.2892406e-05
1.2775979e-05
1.2655251e-05
1.2529761e-05
1.2399059e-05
1.2262711e-05
1.2120308e-05
1.1971467e-05
1.1815831e-05
1.1653075e-05
1.1482915e-05
1.1305107e-05
1.1119459e-05
1.0925829e-05
1.0724138e-05
1.0514367e-05
1.0296572e-05
1.0070877e-05
9.8374854e-06
9.5966805e-06
9.3488249e-06
9.0943619e-06
8.8338142e-06
8.5677798e-06
8.2969277e-06
8.0219916e-06
7.743762e-06
7.4630767e-06
7.1808104e-06
6.8978635e-06
6.6151435e-06
6.3339222e-06
2.4374216e-05
2.3552935e-05
2.2779976e-05
2.206393e-05
2.1402856e-05
2.079285e-05
2.0229915e-05
1.9710269e-05
1.9230455e-05
1.8787329e-05
1.8377881e-05
1.7999431e-05
1.7649432e-05
1.7325575e-05
1.7025695e-05
1.6747803e-05
1.6490049e-05
1.6250723e-05
1.6028236e-05
1.5821111e-05
1.5627976e-05
1.5447557e-05
1.5278656e-05
1.5120163e-05
1.4971034e-05
1.4830295e-05
1.4697024e-05
1.4570352e-05
1.4449462e-05
1.4333578e-05
1.422196e-05
1.4113905e-05
1.4008738e-05
1.390581e-05
1.3804496e-05
1.3704192e-05
1.3604314e-05
1.3504292e-05
1.3403569e-05
1.3301603e-05
1.3197862e-05
1.3091823e-05
1.2982976e-05
1.2870823e-05
1.2754872e-05
1.2634647e-05
1.2509685e-05
1.2379533e-05
1.2243764e-05
1.2101968e-05
1.195376e-05
1.1798782e-05
1.163671e-05
1.1467259e-05
1.1290182e-05
1.1105286e-05
1.0912429e-05
1.0711525e-05
1.0502558e-05
1.0285575e-05
1.0060701e-05
9.828133e-06
9.5881511e-06
9.3411138e-06
9.0874599e-06
8.8277075e-06
8.56245e-06
8.2923526e-06
8.0181442e-06
7.7406121e-06
7.4605901e-06
7.1789501e-06
6.8965891e-06
6.6144132e-06
6.3336927e-06
2.4339412e-05
2.3518736e-05
2.2746382e-05
2.2030905e-05
2.137036e-05
2.0760847e-05
2.0198368e-05
1.9679145e-05
1.9199732e-05
1.8756977e-05
1.8347877e-05
1.7969753e-05
1.7620062e-05
1.7296494e-05
1.699689e-05
1.6719258e-05
1.6461753e-05
1.6222666e-05
1.600041e-05
1.5793512e-05
1.5600595e-05
1.5420388e-05
1.5251699e-05
1.5093419e-05
1.4944502e-05
1.4803973e-05
1.4670912e-05
1.4544458e-05
1.442379e-05
1.4308133e-05
1.4196751e-05
1.4088939e-05
1.3984023e-05
1.3881358e-05
1.378032e-05
1.3680306e-05
1.3580732e-05
1.3481029e-05
1.3380643e-05
1.3279032e-05
1.3175663e-05
1.307002e-05
1.2961589e-05
1.2849872e-05
1.2734383e-05
1.2614645e-05
1.2490191e-05
1.2360576e-05
1.222537e-05
1.2084163e-05
1.1936568e-05
1.1782229e-05
1.162082e-05
1.1452055e-05
1.1275689e-05
1.1091523e-05
1.0899413e-05
1.0699275e-05
1.0491085e-05
1.0274891e-05
1.0050813e-05
9.8190448e-06
9.5798617e-06
9.3336188e-06
9.0807504e-06
8.8217702e-06
8.5572676e-06
8.2879031e-06
8.0144023e-06
7.7375481e-06
7.458171e-06
7.1771398e-06
6.8953495e-06
6.613703e-06
6.3334671e-06
2.3484974e-05
2.2713242e-05
2.1998357e-05
2.1338368e-05
2.072937e-05
2.016737e-05
1.9648592e-05
1.9169592e-05
1.8727226e-05
1.8318488e-05
1.7940703e-05
1.7591331e-05
1.7268063e-05
1.6968744e-05
1.6691383e-05
1.6434135e-05
1.6195294e-05
1.5973276e-05
1.5766608e-05
1.5573914e-05
1.5393926e-05
1.5225454e-05
1.5067383e-05
1.4918675e-05
1.4778359e-05
1.4645512e-05
1.4519273e-05
1.4398826e-05
1.4283394e-05
1.4172243e-05
1.4064672e-05
1.3960004e-05
1.3857597e-05
1.3756828e-05
1.3657099e-05
1.3557821e-05
1.3458429e-05
1.3358372e-05
1.3257106e-05
1.3154102e-05
1.3048841e-05
1.2940815e-05
1.2829527e-05
1.2714487e-05
1.2595219e-05
1.2471263e-05
1.234217e-05
1.2207508e-05
1.2066871e-05
1.1919871e-05
1.1766152e-05
1.1605387e-05
1.1437288e-05
1.126161e-05
1.1078151e-05
1.0886768e-05
1.0687372e-05
1.0479938e-05
1.026451e-05
1.0041203e-05
9.8102113e-06
9.5718039e-06
9.3263324e-06
9.0742269e-06
8.8159967e-06
8.5522275e-06
8.2835755e-06
8.0107623e-06
7.734567e-06
7.4558171e-06
7.1753781e-06
6.8941424e-06
6.6130113e-06
6.3332489e-06
2.345161e-05
2.2680529e-05
2.1966264e-05
2.130685e-05
2.0698392e-05
2.0136893e-05
1.9618579e-05
1.914001e-05
1.8698045e-05
1.8289686e-05
1.7912255e-05
1.7563216e-05
1.724026e-05
1.6941235e-05
1.6664152e-05
1.6407168e-05
1.6168581e-05
1.5946806e-05
1.5740371e-05
1.5547906e-05
1.5368139e-05
1.5199882e-05
1.5042028e-05
1.4893534e-05
1.4753429e-05
1.4620796e-05
1.4494774e-05
1.4374546e-05
1.4259338e-05
1.4148415e-05
1.4041078e-05
1.3936656e-05
1.3834506e-05
1.3734004e-05
1.363455e-05
1.3535563e-05
1.3436478e-05
1.333674e-05
1.323581e-05
1.3133161e-05
1.3028274e-05
1.2920643e-05
1.2809768e-05
1.2695163e-05
1.2576354e-05
1.2452879e-05
1.2324292e-05
1.2190161e-05
1.2050077e-05
1.1903654e-05
1.1750536e-05
1.1590396e-05
1.1422943e-05
1.1247932e-05
1.1065161e-05
1.0874483e-05
1.0675807e-05
1.0469106e-05
1.025442e-05
1.0031864e-05
9.8016256e-06
9.5639714e-06
9.3192488e-06
9.0678842e-06
8.8103828e-06
8.5473261e-06
8.2793664e-06
8.0072215e-06
7.7316668e-06
7.4535266e-06
7.1736638e-06
6.892968e-06
6.6123386e-06
6.333037e-06
2.423741e-05
2.3418626e-05
2.2648233e-05
2.1934619e-05
2.127581e-05
2.0667907e-05
2.0106929e-05
1.95891e-05
1.9110983e-05
1.8669435e-05
1.8261464e-05
1.78844e-05
1.7535703e-05
1.7213068e-05
1.6914349e-05
1.6637555e-05
1.6380846e-05
1.6142519e-05
1.5920993e-05
1.5714797e-05
1.5522563e-05
1.5343021e-05
1.5174985e-05
1.5017347e-05
1.4869068e-05
1.4729177e-05
1.4596758e-05
1.447095e-05
1.435094e-05
1.4235955e-05
1.4125261e-05
1.401816e-05
1.3913979e-05
1.3812076e-05
1.3711833e-05
1.3612652e-05
1.351395e-05
1.3415161e-05
1.3315735e-05
1.3215134e-05
1.3112831e-05
1.3008308e-05
1.2901058e-05
1.2790586e-05
1.2676407e-05
1.2558046e-05
1.2435039e-05
1.230694e-05
1.2173322e-05
1.2033775e-05
1.1887913e-05
1.1735378e-05
1.1575843e-05
1.1409018e-05
1.1234654e-05
1.105255e-05
1.0862555e-05
1.0664577e-05
1.0458587e-05
1.0244622e-05
1.0022794e-05
9.793286e-06
9.5563626e-06
9.3123668e-06
9.0617212e-06
8.8049278e-06
8.5425628e-06
8.2752752e-06
8.0037794e-06
7.7288474e-06
7.4512997e-06
7.1719967e-06
6.8918254e-06
6.6116836e-06
6.3328301e-06
2.4204059e-05
2.3386002e-05
2.2616329e-05
2.1903391e-05
2.1245211e-05
2.0637897e-05
2.0077459e-05
1.956013e-05
1.908248e-05
1.864137e-05
1.8233805e-05
1.7857119e-05
1.7508778e-05
1.7186477e-05
1.6888068e-05
1.6611571e-05
1.6355143e-05
1.6117084e-05
1.5895814e-05
1.5689863e-05
1.5497866e-05
1.5318554e-05
1.5150741e-05
1.4993322e-05
1.4845258e-05
1.4705581e-05
1.4573375e-05
1.4447784e-05
1.432799e-05
1.4213224e-05
1.4102756e-05
1.3995885e-05
1.3891942e-05
1.3790288e-05
1.3690302e-05
1.3591385e-05
1.3492962e-05
1.3394465e-05
1.3295344e-05
1.3195064e-05
1.3093097e-05
1.2988927e-05
1.2882051e-05
1.2771972e-05
1.2658203e-05
1.2540272e-05
1.241772e-05
1.2290099e-05
1.215698e-05
1.2017954e-05
1.1872636e-05
1.1720666e-05
1.1561718e-05
1.1395502e-05
1.1221765e-05
1.1040307e-05
1.0850975e-05
1.0653674e-05
1.0448373e-05
1.0235108e-05
1.0013985e-05
9.7851866e-06
9.5489722e-06
9.3056817e-06
9.0557341e-06
8.7996272e-06
8.5379339e-06
8.2712995e-06
8.0004341e-06
7.7261065e-06
7.4491347e-06
7.1703758e-06
6.890715e-06
6.6110474e-06
6.3326289e-06
2.4171072e-05
2.3353742e-05
2.2584813e-05
2.1872577e-05
2.121505e-05
2.060834e-05
2.0048463e-05
1.9531658e-05
1.9054493e-05
1.8613834e-05
1.8206688e-05
1.7830395e-05
1.7482422e-05
1.7160468e-05
1.6862384e-05
1.658619e-05
1.633005e-05
1.6092265e-05
1.5871256e-05
1.5665554e-05
1.5473798e-05
1.5294721e-05
1.5127134e-05
1.4969936e-05
1.4822092e-05
1.4682631e-05
1.455064e-05
1.4425261e-05
1.4305685e-05
1.4191141e-05
1.4080894e-05
1.397425e-05
1.3870543e-05
1.376913e-05
1.3669395e-05
1.3570742e-05
1.347259e-05
1.3374376e-05
1.3275555e-05
1.3175586e-05
1.3073947e-05
1.2970124e-05
1.2863609e-05
1.2753909e-05
1.2640541e-05
1.2523032e-05
1.240092e-05
1.2273761e-05
1.2141126e-05
1.2002605e-05
1.1857814e-05
1.1706393e-05
1.1548014e-05
1.1382387e-05
1.1209259e-05
1.1028427e-05
1.0839737e-05
1.0643093e-05
1.0438461e-05
1.0225874e-05
1.0005435e-05
9.7773239e-06
9.5417973e-06
9.2991911e-06
9.0499207e-06
8.79448e-06
8.5334385e-06
8.2674374e-06
7.9971843e-06
7.7234438e-06
7.447031e-06
7.1688006e-06
6.8896351e-06
6.610428e-06
6.3324344e-06
2.4138355e-05
2.3321813e-05
2.2553661e-05
2.184216e-05
2.118531e-05
2.0579229e-05
2.0019936e-05
1.9503671e-05
1.9027005e-05
1.8586814e-05
1.8180108e-05
1.7804219e-05
1.7456623e-05
1.7135022e-05
1.6837274e-05
1.6561396e-05
1.6305553e-05
1.6068048e-05
1.5847307e-05
1.5641865e-05
1.5450352e-05
1.5271509e-05
1.5104153e-05
1.4947179e-05
1.4799552e-05
1.4660309e-05
1.4528535e-05
1.4403372e-05
1.4284011e-05
1.4169684e-05
1.4059659e-05
1.3953243e-05
1.3849768e-05
1.3748594e-05
1.3649105e-05
1.3550706e-05
1.3452821e-05
1.3354887e-05
1.3256355e-05
1.3156692e-05
1.3055373e-05
1.2951884e-05
1.2845723e-05
1.2736395e-05
1.2623415e-05
1.2506312e-05
1.2384628e-05
1.2257917e-05
1.2125751e-05
1.198772e-05
1.184344e-05
1.169255e-05
1.1534724e-05
1.1369668e-05
1.119713e-05
1.1016904e-05
1.0828837e-05
1.0632829e-05
1.0428845e-05
1.0216915e-05
9.9971391e-06
9.7696946e-06
9.5348348e-06
9.292892e-06
9.044278e-06
8.7894835e-06
8.5290743e-06
8.2636882e-06
7.9940287e-06
7.7208581e-06
7.4449881e-06
7.1672706e-06
6.8885863e-06
6.609827e-06
6.3322456e-06
2.4924246e-05
2.4105976e-05
2.3290221e-05
2.252286e-05
2.1812118e-05
2.1155975e-05
2.0550544e-05
1.9991854e-05
1.9476152e-05
1.9000009e-05
1.8560299e-05
1.815404e-05
1.7778573e-05
1.743137e-05
1.7110135e-05
1.6812728e-05
1.6537172e-05
1.6281634e-05
1.6044421e-05
1.5823953e-05
1.5618769e-05
1.5427507e-05
1.5248906e-05
1.5081783e-05
1.4925037e-05
1.4777634e-05
1.4638608e-05
1.4507048e-05
1.43821e-05
1.4262954e-05
1.4148842e-05
1.4039037e-05
1.3932845e-05
1.3829599e-05
1.372866e-05
1.3629415e-05
1.3531268e-05
1.3433643e-05
1.3335981e-05
1.3237735e-05
1.3138369e-05
1.3037361e-05
1.2934201e-05
1.282838e-05
1.2719409e-05
1.2606808e-05
1.2490103e-05
1.2368834e-05
1.2242558e-05
1.2110847e-05
1.1973291e-05
1.1829506e-05
1.1679132e-05
1.152184e-05
1.1357337e-05
1.1185371e-05
1.1005734e-05
1.0818269e-05
1.0622878e-05
1.0419522e-05
1.0208227e-05
9.9890942e-06
9.7622956e-06
9.5280817e-06
9.2867818e-06
9.0388042e-06
8.7846362e-06
8.52484e-06
8.2600499e-06
7.9909663e-06
7.7183482e-06
7.4430048e-06
7.1657853e-06
6.8875678e-06
6.6092428e-06
6.3320595e-06
2.4891502e-05
2.4073871e-05
2.3258929e-05
2.2492401e-05
2.1782443e-05
2.1127032e-05
2.0522276e-05
1.996421e-05
1.9449087e-05
1.8973482e-05
1.8534273e-05
1.8128477e-05
1.7753442e-05
1.7406642e-05
1.7085787e-05
1.6788735e-05
1.6513512e-05
1.6258285e-05
1.6021365e-05
1.5801179e-05
1.5596263e-05
1.5405258e-05
1.5226904e-05
1.5060016e-05
1.4903498e-05
1.4756319e-05
1.461751e-05
1.4486167e-05
1.4361435e-05
1.4242504e-05
1.412861e-05
1.4019025e-05
1.3913052e-05
1.381003e-05
1.3709324e-05
1.3610317e-05
1.3512418e-05
1.341505e-05
1.3317653e-05
1.3219683e-05
1.3120607e-05
1.3019904e-05
1.2917059e-05
1.2811573e-05
1.2702954e-05
1.2590718e-05
1.2474397e-05
1.2353531e-05
1.2227677e-05
1.2096406e-05
1.1959311e-05
1.1816006e-05
1.166613e-05
1.1509356e-05
1.134539e-05
1.1173977e-05
1.0994908e-05
1.0808028e-05
1.0613234e-05
1.0410485e-05
1.0199807e-05
9.9812964e-06
9.7551233e-06
9.5215351e-06
9.2808578e-06
9.0334968e-06
8.7799358e-06
8.5207335e-06
8.2565212e-06
7.9879959e-06
7.7159137e-06
7.4410809e-06
7.1643442e-06
6.8865801e-06
6.6086762e-06
6.3318802e-06
2.4860278e-05
2.4043259e-05
2.3229091e-05
2.2463343e-05
2.1754121e-05
2.1099395e-05
2.0495276e-05
1.9937799e-05
1.9423218e-05
1.8948117e-05
1.8509378e-05
1.810402e-05
1.7729392e-05
1.7382969e-05
1.706247e-05
1.6765749e-05
1.6490839e-05
1.6235908e-05
1.5999267e-05
1.5779343e-05
1.5574679e-05
1.5383914e-05
1.5205789e-05
1.5039126e-05
1.4882825e-05
1.4735855e-05
1.4597259e-05
1.4466122e-05
1.4341592e-05
1.4222866e-05
1.4109176e-05
1.3999797e-05
1.3894036e-05
1.3791231e-05
1.3690744e-05
1.3591966e-05
1.3494302e-05
1.3397177e-05
1.3300036e-05
1.3202333e-05
1.3103535e-05
1.3003119e-05
1.2900579e-05
1.2795413e-05
1.2687129e-05
1.2575245e-05
1.2459292e-05
1.2338813e-05
1.2213363e-05
1.2082516e-05
1.1945863e-05
1.1803018e-05
1.1653622e-05
1.1497345e-05
1.1333893e-05
1.1163012e-05
1.098449e-05
1.0798171e-05
1.0603951e-05
1.0401786e-05
1.01917e-05
9.9737881e-06
9.7482167e-06
9.5152304e-06
9.2751523e-06
9.0283845e-06
8.7754076e-06
8.516777e-06
8.253121e-06
7.9851334e-06
7.7135671e-06
7.4392263e-06
7.1629548e-06
6.8856272e-06
6.60813e-06
6.331708e-06
2.4832486e-05
2.4015837e-05
2.3202253e-05
2.2437125e-05
2.1728486e-05
2.1074301e-05
2.0470687e-05
1.9913681e-05
1.9399535e-05
1.8924838e-05
1.8486475e-05
1.8081469e-05
1.7707169e-05
1.7361053e-05
1.7040838e-05
1.6744389e-05
1.6469733e-05
1.6215044e-05
1.597863e-05
1.5758925e-05
1.5554469e-05
1.5363902e-05
1.518597e-05
1.5019494e-05
1.4863379e-05
1.4716591e-05
1.4578171e-05
1.4447213e-05
1.4322862e-05
1.4204314e-05
1.4090805e-05
1.3981611e-05
1.387604e-05
1.3773429e-05
1.3673143e-05
1.3574571e-05
1.3477121e-05
1.3380222e-05
1.3283316e-05
1.318586e-05
1.308732e-05
1.2987177e-05
1.2884923e-05
1.2780055e-05
1.2672084e-05
1.2560531e-05
1.2444926e-05
1.2324811e-05
1.2199743e-05
1.2069296e-05
1.1933061e-05
1.1790652e-05
1.164171e-05
1.1485905e-05
1.1322942e-05
1.1152565e-05
1.0974563e-05
1.0788778e-05
1.0595102e-05
1.0393493e-05
1.0183971e-05
9.9666285e-06
9.7416298e-06
9.5092167e-06
9.2697095e-06
9.0235071e-06
8.7710867e-06
8.5130013e-06
8.2498757e-06
7.9824008e-06
7.7113269e-06
7.4374554e-06
7.1616281e-06
6.8847177e-06
6.6076085e-06
6.3315429e-06
2.4805157e-05
2.3988815e-05
2.3175827e-05
2.2411331e-05
2.1703301e-05
2.1049681e-05
2.0446587e-05
1.9890063e-05
1.9376368e-05
1.890209e-05
1.8464114e-05
1.8059467e-05
1.7685503e-05
1.7339704e-05
1.7019784e-05
1.672361e-05
1.6449214e-05
1.6194769e-05
1.5958589e-05
1.5739106e-05
1.5534862e-05
1.53445e-05
1.5166765e-05
1.500048e-05
1.4844549e-05
1.4697942e-05
1.4559702e-05
1.4428921e-05
1.4304747e-05
1.4186377e-05
1.4073048e-05
1.3964036e-05
1.3858652e-05
1.3756231e-05
1.3656141e-05
1.3557773e-05
1.3460537e-05
1.3363857e-05
1.3267178e-05
1.3169958e-05
1.3071669e-05
1.297179e-05
1.2869811e-05
1.2765233e-05
1.2657567e-05
1.2546333e-05
1.2431063e-05
1.23113e-05
1.2186602e-05
1.2056541e-05
1.1920709e-05
1.1778721e-05
1.1630218e-05
1.1474867e-05
1.1312375e-05
1.1142485e-05
1.0964985e-05
1.0779713e-05
1.0586564e-05
1.038549e-05
1.0176512e-05
9.9597186e-06
9.7352722e-06
9.5034118e-06
9.264455e-06
9.0187983e-06
8.7669148e-06
8.5093555e-06
8.2467418e-06
7.9797617e-06
7.7091633e-06
7.4357449e-06
7.1603465e-06
6.8838384e-06
6.6071039e-06
6.3313827e-06
2.4777684e-05
2.3961963e-05
2.3149674e-05
2.2385855e-05
2.1678458e-05
2.1025428e-05
2.042288e-05
1.9866862e-05
1.9353637e-05
1.8879791e-05
1.8442219e-05
1.8037948e-05
1.7664334e-05
1.7318863e-05
1.6999249e-05
1.6703362e-05
1.6429234e-05
1.6175046e-05
1.5939105e-05
1.5719848e-05
1.5515821e-05
1.5325667e-05
1.5148134e-05
1.4982042e-05
1.4826299e-05
1.4679876e-05
1.4541816e-05
1.4411211e-05
1.4287217e-05
1.4169026e-05
1.4055876e-05
1.3947045e-05
1.3841842e-05
1.3739609e-05
1.3639713e-05
1.3541543e-05
1.3444513e-05
1.3348049e-05
1.3251594e-05
1.3154608e-05
1.3056562e-05
1.2956938e-05
1.2855227e-05
1.275093e-05
1.2643559e-05
1.2532635e-05
1.241769e-05
1.2298267e-05
1.2173925e-05
1.2044237e-05
1.1908795e-05
1.1767213e-05
1.1619132e-05
1.146422e-05
1.1302183e-05
1.1132761e-05
1.0955744e-05
1.0770969e-05
1.0578326e-05
1.0377769e-05
1.0169315e-05
9.9530512e-06
9.7291374e-06
9.4978105e-06
9.2593847e-06
9.0142537e-06
8.7628886e-06
8.5058365e-06
8.2437164e-06
7.977214e-06
7.7070742e-06
7.4340932e-06
7.1591088e-06
6.8829894e-06
6.6066167e-06
6.3312291e-06
2.4750449e-05
2.3935367e-05
2.3123793e-05
2.2360679e-05
2.1653942e-05
2.1001526e-05
2.0399549e-05
1.9844054e-05
1.9331316e-05
1.8857923e-05
1.8420772e-05
1.8016894e-05
1.7643643e-05
1.729851e-05
1.6979213e-05
1.6683623e-05
1.6409776e-05
1.6155849e-05
1.5920157e-05
1.5701136e-05
1.5497332e-05
1.5307391e-05
1.5130058e-05
1.4964162e-05
1.4808611e-05
1.4662375e-05
1.4524499e-05
1.4394075e-05
1.4270256e-05
1.4152242e-05
1.403927e-05
1.3930618e-05
1.38256e-05
1.3723554e-05
1.362385e-05
1.3525877e-05
1.3429046e-05
1.333279e-05
1.3236555e-05
1.3139797e-05
1.3041987e-05
1.294261e-05
1.2841158e-05
1.2737133e-05
1.2630048e-05
1.2519423e-05
1.2404791e-05
1.2285698e-05
1.21617e-05
1.2032371e-05
1.1897305e-05
1.1756115e-05
1.1608442e-05
1.1453954e-05
1.1292354e-05
1.1123385e-05
1.0946834e-05
1.0762536e-05
1.0570382e-05
1.0370323e-05
1.0162375e-05
9.9466212e-06
9.7232207e-06
9.4924074e-06
9.2544934e-06
9.0098693e-06
8.7590039e-06
8.5024411e-06
8.2407975e-06
7.9747556e-06
7.7050583e-06
7.4324992e-06
7.1579142e-06
6.88217e-06
6.6061467e-06
6.3310811e-06
2.4723637e-05
2.3909051e-05
2.3098181e-05
2.2335792e-05
2.1629746e-05
2.0977966e-05
2.037658e-05
1.9821636e-05
1.9309406e-05
1.8836485e-05
1.8399767e-05
1.7996295e-05
1.7623422e-05
1.7278639e-05
1.6959671e-05
1.666439e-05
1.6390829e-05
1.6137171e-05
1.5901734e-05
1.5682955e-05
1.5479379e-05
1.5289657e-05
1.5112536e-05
1.4946841e-05
1.4791484e-05
1.4645436e-05
1.4507741e-05
1.4377497e-05
1.4253858e-05
1.4136021e-05
1.4023226e-05
1.3914754e-05
1.3809915e-05
1.3708051e-05
1.3608533e-05
1.3510753e-05
1.3414123e-05
1.3318073e-05
1.3222047e-05
1.3125511e-05
1.3027933e-05
1.2928797e-05
1.2827597e-05
1.2723836e-05
1.2617027e-05
1.2506692e-05
1.2392363e-05
1.2273587e-05
1.2149921e-05
1.202094e-05
1.1886237e-05
1.1745424e-05
1.1598144e-05
1.1444063e-05
1.1282885e-05
1.1114352e-05
1.093825e-05
1.0754413e-05
1.056273e-05
1.036315e-05
1.0155688e-05
9.9404256e-06
9.7175196e-06
9.4872012e-06
9.2497803e-06
9.0056444e-06
8.7552602e-06
8.4991687e-06
8.2379838e-06
7.9723857e-06
7.7031147e-06
7.4309623e-06
7.1567623e-06
6.8813797e-06
6.6056933e-06
6.3309368e-06
2.4696936e-05
2.3882948e-05
2.3072819e-05
2.2311184e-05
2.1605853e-05
2.0954744e-05
2.035397e-05
1.9799593e-05
1.9287888e-05
1.8815456e-05
1.8379194e-05
1.7976142e-05
1.7603659e-05
1.7259242e-05
1.6940612e-05
1.6645647e-05
1.6372384e-05
1.6119005e-05
1.588383e-05
1.5665299e-05
1.5461959e-05
1.5272459e-05
1.5095551e-05
1.493006e-05
1.4774897e-05
1.4629041e-05
1.4491534e-05
1.4361471e-05
1.4238011e-05
1.4120354e-05
1.4007737e-05
1.389944e-05
1.3794781e-05
1.36931e-05
1.3593765e-05
1.3496174e-05
1.3399738e-05
1.3303887e-05
1.3208071e-05
1.3111749e-05
1.3014395e-05
1.2915493e-05
1.2814537e-05
1.2711031e-05
1.2604489e-05
1.2494434e-05
1.2380398e-05
1.2261929e-05
1.2138584e-05
1.2009937e-05
1.1875583e-05
1.1735135e-05
1.1588233e-05
1.1434545e-05
1.1273774e-05
1.110566e-05
1.0929989e-05
1.0746595e-05
1.0555364e-05
1.0356246e-05
1.0149252e-05
9.9344624e-06
9.7120319e-06
9.4821895e-06
9.2452429e-06
9.0015771e-06
8.7516557e-06
8.4960178e-06
8.2352745e-06
7.9701036e-06
7.701243e-06
7.4294822e-06
7.155653e-06
6.8806185e-06
6.6052564e-06
6.3307983e-06
2.4670572e-05
2.3857088e-05
2.3047703e-05
2.2286849e-05
2.1582259e-05
2.0931838e-05
2.0331703e-05
1.9777918e-05
1.926676e-05
1.8794834e-05
1.8359039e-05
1.7956424e-05
1.7584346e-05
1.7240306e-05
1.6922028e-05
1.662739e-05
1.6354433e-05
1.6101341e-05
1.5866437e-05
1.5648158e-05
1.5445058e-05
1.5255786e-05
1.5079093e-05
1.4913812e-05
1.4758851e-05
1.4613186e-05
1.4475866e-05
1.434599e-05
1.4222709e-05
1.4105226e-05
1.3992787e-05
1.3884669e-05
1.3780186e-05
1.3678682e-05
1.3579532e-05
1.3482127e-05
1.3385879e-05
1.3290224e-05
1.3194611e-05
1.3098499e-05
1.3001363e-05
1.2902688e-05
1.2801969e-05
1.2698711e-05
1.2592427e-05
1.2482642e-05
1.2368889e-05
1.2250715e-05
1.2127679e-05
1.1999356e-05
1.1865338e-05
1.172524e-05
1.1578702e-05
1.1425392e-05
1.1265011e-05
1.1097301e-05
1.0922045e-05
1.0739077e-05
1.0548282e-05
1.0349607e-05
1.0143062e-05
9.9287274e-06
9.706754e-06
9.4773696e-06
9.2408788e-06
8.9976647e-06
8.7481885e-06
8.4929868e-06
8.2326682e-06
7.9679081e-06
7.6994421e-06
7.428058e-06
7.1545854e-06
6.879886e-06
6.6048361e-06
6.3306651e-06
2.0309768e-05
1.9756595e-05
1.9246002e-05
1.8774601e-05
1.8339294e-05
1.7937128e-05
1.7565467e-05
1.7221816e-05
1.6903901e-05
1.66096e-05
1.633696e-05
1.6084163e-05
1.5849535e-05
1.5631518e-05
1.5428665e-05
1.5239629e-05
1.5063159e-05
1.4898088e-05
1.4743329e-05
1.4597858e-05
1.4460728e-05
1.4331035e-05
1.4207936e-05
1.4090635e-05
1.3978369e-05
1.3870424e-05
1.3766118e-05
1.3664794e-05
1.3565821e-05
1.3468598e-05
1.337254e-05
1.3277077e-05
1.3181661e-05
1.3085753e-05
1.2988829e-05
1.2890375e-05
1.2789885e-05
1.2686866e-05
1.2580833e-05
1.2471309e-05
1.2357829e-05
1.223994e-05
1.2117201e-05
1.1989188e-05
1.1855494e-05
1.1715734e-05
1.1569546e-05
1.1416598e-05
1.1256594e-05
1.1089271e-05
1.0914414e-05
1.0731855e-05
1.0541477e-05
1.0343229e-05
1.0137116e-05
9.9232179e-06
9.7016839e-06
9.4727388e-06
9.2366858e-06
8.9939056e-06
8.7448571e-06
8.4900743e-06
8.2301633e-06
7.965798e-06
7.6977113e-06
7.4266891e-06
7.1535591e-06
6.8791818e-06
6.6044317e-06
6.3305379e-06
1.9225611e-05
1.8754749e-05
1.8319943e-05
1.7918245e-05
1.7547019e-05
1.7203768e-05
1.6886225e-05
1.6592274e-05
1.6319958e-05
1.6067466e-05
1.5833125e-05
1.5615376e-05
1.5412773e-05
1.5223973e-05
1.504773e-05
1.4882875e-05
1.4728324e-05
1.4583055e-05
1.4446114e-05
1.4316608e-05
1.4193689e-05
1.4076564e-05
1.3964476e-05
1.3856708e-05
1.3752576e-05
1.3651425e-05
1.3552631e-05
1.3455587e-05
1.335971e-05
1.3264436e-05
1.3169213e-05
1.3073504e-05
1.2976787e-05
1.2878546e-05
1.2778279e-05
1.2675492e-05
1.2569699e-05
1.2460427e-05
1.234721e-05
1.2229596e-05
1.2107145e-05
1.1979431e-05
1.1846048e-05
1.1706611e-05
1.156076e-05
1.1408161e-05
1.1248517e-05
1.1081566e-05
1.0907092e-05
1.0724925e-05
1.0534949e-05
1.0337109e-05
1.0131411e-05
9.9179316e-06
9.6968187e-06
9.4682951e-06
9.2326621e-06
8.9902982e-06
8.7416597e-06
8.4872787e-06
8.2277593e-06
7.9637725e-06
7.6960499e-06
7.4253748e-06
7.1525738e-06
6.8785057e-06
6.6040441e-06
6.3304159e-06
1.8300985e-05
1.7899768e-05
1.7528988e-05
1.7186151e-05
1.6868995e-05
1.6575402e-05
1.6303421e-05
1.6051242e-05
1.5817191e-05
1.5599716e-05
1.5397373e-05
1.5208819e-05
1.5032808e-05
1.4868172e-05
1.4713828e-05
1.4568761e-05
1.4432014e-05
1.4302694e-05
1.4179959e-05
1.4063011e-05
1.3951098e-05
1.3843504e-05
1.3739546e-05
1.363857e-05
1.3539949e-05
1.3443083e-05
1.3347386e-05
1.3252295e-05
1.315726e-05
1.3061746e-05
1.2965229e-05
1.2867196e-05
1.2767144e-05
1.266458e-05
1.2559021e-05
1.2449992e-05
1.2337029e-05
1.2219679e-05
1.2097503e-05
1.1970077e-05
1.1836993e-05
1.1697868e-05
1.1552339e-05
1.1400075e-05
1.1240777e-05
1.1074183e-05
1.0900076e-05
1.0718285e-05
1.0528694e-05
1.0331245e-05
1.0125944e-05
9.9128656e-06
9.692156e-06
9.4640367e-06
9.2288062e-06
8.9868408e-06
8.7385952e-06
8.4845993e-06
8.2254549e-06
1.7882082e-05
1.7511738e-05
1.7169305e-05
1.6852524e-05
1.6559279e-05
1.6287624e-05
1.6035748e-05
1.5801982e-05
1.5584777e-05
1.5382684e-05
1.5194364e-05
1.5018575e-05
1.4854154e-05
1.4166882e-05
1.4050109e-05
1.3938366e-05
1.3830938e-05
1.3727144e-05
1.3626335e-05
1.3527883e-05
1.3431186e-05
1.3335661e-05
1.3240746e-05
1.3145891e-05
1.3050562e-05
1.2954236e-05
1.28564e-05
1.2756554e-05
1.2654204e-05
1.2548868e-05
1.244007e-05
1.2327348e-05
1.221025e-05
1.2088336e-05
1.1961183e-05
1.1828384e-05
1.1689554e-05
1.1544332e-05
1.1392386e-05
1.1233417e-05
1.1067162e-05
1.0893404e-05
1.071197e-05
1.0522744e-05
1.0325668e-05
1.0120744e-05
9.9080475e-06
9.6877215e-06
9.4599861e-06
1.3324817e-05
1.3230058e-05
1.3135364e-05
1.3040202e-05
1.2944048e-05
1.2846391e-05
1.2746732e-05
1.2644576e-05
1.2539442e-05
1.2430856e-05
1.2318356e-05
1.2201489e-05
1.2079817e-05
1.1952915e-05
1.1820379e-05
1.1681822e-05
1.1536884e-05
1.1385233e-05
1.1226568e-05
1.1060628e-05
1.0887193e-05
1.0706091e-05
1.0517205e-05
1.0320474e-05
1.0115901e-05
9.903559e-06
1.312536e-05
1.3030358e-05
1.2934369e-05
1.2836885e-05
1.2737403e-05
1.2635433e-05
1.2530493e-05
1.2422109e-05
1.230982e-05
1.2193173e-05
1.207173e-05
1.1945069e-05
1.1812782e-05
1.1674485e-05
1.1529817e-05
1.1378445e-05
1.1220069e-05
1.1054428e-05
1.08813e-05
1.0700513e-05
1.0511949e-05
1.0315546e-05
1.2827846e-05
1.2728537e-05
1.2626745e-05
1.252199e-05
1.24138e-05
1.2301712e-05
1.2185276e-05
1.2064052e-05
1.1937619e-05
1.180557e-05
1.166752e-05
1.1523109e-05
1.1372003e-05
1.1213902e-05
1.1048544e-05
1.0875707e-05
1.2056772e-05
1.1930556e-05
1.1798733e-05
1.1660918e-05
1.1516751e-05
)
;

boundaryField
{
    Side
    {
        type            empty;
    }
    Inlet
    {
        type            zeroGradient;
    }
    Airfoil
    {
        type            zeroGradient;
    }
    Outlet
    {
        type            zeroGradient;
    }
    procBoundary18to2
    {
        type            processor;
        value           nonuniform List<scalar> 
18
(
2.4644596e-05
2.3831468e-05
2.3022826e-05
2.2262772e-05
2.1558948e-05
2.090924e-05
2.090924e-05
2.0288155e-05
1.9735616e-05
1.9735616e-05
1.920557e-05
1.8735271e-05
1.8735271e-05
1.8282834e-05
1.8282834e-05
1.7866311e-05
1.7496316e-05
1.7154207e-05
)
;
    }
    procBoundary18to10
    {
        type            processor;
        value           nonuniform List<scalar> 
55
(
1.9404714e-05
1.9766512e-05
1.9710756e-05
1.9710756e-05
2.0110159e-05
2.0058314e-05
2.0058314e-05
2.0496061e-05
2.0496061e-05
2.0974334e-05
2.0924446e-05
2.0924446e-05
2.1446909e-05
2.1446909e-05
2.2016749e-05
2.1968152e-05
2.192028e-05
2.192028e-05
2.2541492e-05
2.2541492e-05
2.3220099e-05
2.3176627e-05
2.3176627e-05
2.3913105e-05
2.3870356e-05
2.3828218e-05
2.3786681e-05
2.3745693e-05
2.3745693e-05
2.4529468e-05
2.4488833e-05
2.4448574e-05
2.4448574e-05
2.5232679e-05
2.5196703e-05
2.5161393e-05
2.4305043e-05
2.4305043e-05
2.4271062e-05
2.4271062e-05
2.505813e-05
2.5024184e-05
2.499065e-05
2.4957227e-05
2.4957227e-05
2.5604016e-05
2.5571192e-05
2.5539837e-05
2.5512247e-05
2.548533e-05
2.5457559e-05
2.542992e-05
2.5403152e-05
2.5376353e-05
2.5350095e-05
)
;
    }
    procBoundary18to34
    {
        type            processor;
        value           nonuniform List<scalar> 
74
(
7.961831e-06
7.6944571e-06
7.4241149e-06
7.1516294e-06
6.8778575e-06
6.6036715e-06
6.3302961e-06
1.4700013e-05
1.4555138e-05
1.4418581e-05
1.4289441e-05
9.225138e-06
8.9835519e-06
8.7356801e-06
8.4820504e-06
7.961831e-06
8.2232627e-06
1.6837725e-05
1.6544763e-05
1.6273368e-05
1.6021741e-05
1.5788205e-05
1.5571213e-05
1.5369328e-05
1.5181202e-05
1.5005596e-05
1.4700013e-05
1.484135e-05
1.4289441e-05
1.4154867e-05
1.4038238e-05
1.3926639e-05
1.3819356e-05
1.3715708e-05
1.3615043e-05
1.3516737e-05
1.3420189e-05
9.6835896e-06
9.225138e-06
9.4562117e-06
1.3420189e-05
1.3314507e-05
1.3219899e-05
1.0111306e-05
9.6835896e-06
9.8993001e-06
1.3219899e-05
1.3115842e-05
1.3020994e-05
1.2925165e-05
1.069522e-05
1.0506961e-05
1.0111306e-05
1.031087e-05
1.2925165e-05
1.2819264e-05
1.2720119e-05
1.2618499e-05
1.2513922e-05
1.2405917e-05
1.2294022e-05
1.2177786e-05
1.1365897e-05
1.1208058e-05
1.1042969e-05
1.069522e-05
1.0870409e-05
1.2177786e-05
1.2049889e-05
1.192388e-05
1.1792272e-05
1.165468e-05
1.1365897e-05
1.1510744e-05
)
;
    }
    procBoundary18to50
    {
        type            processor;
        value           nonuniform List<scalar> 
74
(
6.9516095e-06
6.6458306e-06
6.3435532e-06
1.2901282e-05
1.2724418e-05
1.253966e-05
1.2346725e-05
1.2145385e-05
1.193547e-05
1.1716873e-05
1.1489556e-05
1.1253556e-05
1.1008989e-05
1.0756058e-05
1.0495049e-05
1.0226335e-05
9.9503794e-06
9.6677305e-06
9.3790209e-06
9.0849613e-06
8.7863346e-06
8.483987e-06
8.1788189e-06
7.8717731e-06
7.5638226e-06
7.2559572e-06
7.2559572e-06
1.3493424e-05
1.3345677e-05
1.319163e-05
1.3030844e-05
1.3030844e-05
1.3727261e-05
1.3591761e-05
1.3591761e-05
1.3938937e-05
1.3813426e-05
1.3813426e-05
1.838301e-05
1.8074847e-05
1.7788999e-05
1.4362135e-05
1.4248752e-05
1.4133407e-05
1.4015528e-05
1.4015528e-05
1.9017085e-05
1.8658391e-05
1.8658391e-05
1.7467938e-05
1.7467938e-05
1.7221522e-05
1.6992123e-05
1.6778223e-05
1.6578401e-05
1.4648166e-05
1.4537694e-05
1.4427092e-05
1.4427092e-05
1.6338659e-05
1.6338659e-05
1.6163481e-05
1.5998683e-05
1.5843185e-05
1.5695969e-05
1.5556081e-05
1.5422617e-05
1.5294717e-05
1.5171571e-05
1.50524e-05
1.4936461e-05
1.4823041e-05
1.4711454e-05
1.4711454e-05
)
;
    }
}


// ************************************************************************* //
