/*--------------------------------*- C++ -*----------------------------------*\
| =========                 |                                                 |
| \\      /  F ield         | OpenFOAM: The Open Source CFD Toolbox           |
|  \\    /   O peration     | Version:  2506                                  |
|   \\  /    A nd           | Website:  www.openfoam.com                      |
|    \\/     M anipulation  |                                                 |
\*---------------------------------------------------------------------------*/
FoamFile
{
    version     2.0;
    format      ascii;
    arch        "LSB;label=32;scalar=64";
    class       volScalarField;
    location    "0.00049";
    object      Ma;
}
// * * * * * * * * * * * * * * * * * * * * * * * * * * * * * * * * * * * * * //

dimensions      [0 0 0 0 0 0 0];

internalField   nonuniform List<scalar> 
3418
(
0.68903865
0.68660966
0.68875323
0.68702428
0.70591326
0.70041587
0.69071458
0.68893433
0.29959229
0.29959221
0.29959212
0.29959204
0.29959184
0.29959186
0.29959189
0.29959195
0.29959294
0.29960088
0.29968817
0.30055216
0.30819892
0.36270242
0.57335107
0.69692854
0.70596224
0.7005303
0.69089817
0.68909066
0.29959231
0.29959231
0.29959231
0.29959232
0.29959231
0.29959231
0.29959232
0.29959231
0.29959231
0.29959232
0.29959232
0.29959229
0.29959221
0.29959212
0.29959203
0.29959183
0.29959188
0.2995919
0.29959204
0.29959314
0.29960064
0.29968796
0.30054859
0.30817697
0.36258754
0.57313831
0.69689874
0.70595642
0.70055624
0.69091997
0.29959231
0.29959231
0.29959231
0.29959232
0.29959231
0.29959231
0.29959231
0.29959231
0.29959231
0.29959231
0.29959231
0.29959231
0.29959231
0.29959231
0.29959231
0.29959231
0.29959231
0.29959231
0.29959232
0.29959232
0.29959231
0.29959231
0.29959232
0.29959232
0.29959229
0.29959222
0.29959212
0.29959203
0.29959183
0.29959193
0.29959194
0.29959206
0.29959254
0.29960133
0.2996875
0.30054665
0.3081537
0.36245681
0.57291938
0.69688805
0.70590574
0.70059487
0.69176417
0.29959231
0.29959231
0.29959231
0.29959231
0.29959231
0.29959231
0.29959231
0.29959231
0.29959231
0.29959231
0.29959231
0.29959231
0.29959232
0.29959231
0.29959231
0.29959231
0.29959231
0.29959231
0.29959231
0.29959231
0.29959231
0.29959231
0.29959231
0.29959231
0.29959231
0.29959231
0.29959231
0.29959232
0.29959232
0.29959231
0.29959231
0.29959232
0.29959232
0.2995923
0.29959222
0.29959213
0.29959204
0.29959183
0.29959176
0.29959181
0.29959196
0.29959289
0.29960024
0.29968709
0.30054283
0.30812925
0.36232552
0.57267247
0.69687812
0.70591046
0.70090106
0.69324751
0.29959231
0.29959231
0.29959231
0.29959231
0.29959231
0.29959231
0.29959231
0.29959231
0.29959231
0.29959231
0.29959231
0.29959231
0.29959232
0.29959231
0.29959231
0.29959231
0.29959231
0.29959231
0.29959231
0.29959231
0.29959231
0.29959231
0.29959231
0.29959231
0.29959231
0.29959231
0.29959231
0.29959232
0.29959232
0.29959231
0.29959231
0.29959232
0.29959232
0.2995923
0.29959222
0.29959213
0.29959204
0.29959184
0.29959192
0.29959197
0.29959196
0.29959278
0.29960125
0.29968668
0.30053954
0.30810217
0.36217914
0.57241419
0.69683627
0.7058434
0.70073186
0.69323735
0.29959231
0.29959231
0.29959231
0.29959231
0.29959231
0.29959231
0.29959231
0.29959231
0.29959231
0.29959231
0.29959231
0.29959231
0.29959232
0.29959231
0.29959231
0.29959231
0.29959231
0.29959231
0.29959231
0.29959231
0.29959231
0.29959231
0.29959231
0.29959231
0.29959231
0.29959231
0.29959231
0.29959232
0.29959232
0.29959231
0.29959231
0.29959232
0.29959232
0.2995923
0.29959222
0.29959213
0.29959204
0.29959182
0.2995918
0.29959183
0.29959196
0.29959272
0.29960071
0.29968622
0.30053623
0.3080766
0.36203103
0.57213033
0.69676528
0.70565946
0.6995089
0.69111819
0.29959231
0.29959231
0.29959231
0.29959231
0.29959231
0.29959231
0.29959231
0.29959231
0.29959231
0.29959231
0.29959231
0.29959231
0.29959232
0.29959231
0.29959231
0.29959231
0.29959231
0.29959231
0.29959231
0.29959231
0.29959231
0.29959231
0.29959231
0.29959231
0.29959231
0.29959231
0.29959231
0.29959232
0.29959232
0.29959231
0.29959231
0.29959232
0.29959232
0.2995923
0.29959223
0.29959214
0.29959205
0.29959177
0.29959181
0.29959178
0.29959197
0.29959266
0.29960086
0.29968581
0.3005325
0.30804542
0.36186568
0.57182557
0.69668983
0.70557706
0.69876504
0.29959231
0.29959231
0.29959231
0.29959231
0.29959231
0.29959231
0.29959231
0.29959231
0.29959231
0.29959231
0.29959231
0.29959231
0.29959231
0.29959231
0.29959232
0.29959231
0.29959231
0.29959231
0.29959231
0.29959231
0.29959231
0.29959231
0.29959231
0.29959231
0.29959231
0.29959231
0.29959231
0.29959231
0.29959231
0.29959232
0.29959232
0.29959231
0.29959231
0.29959232
0.29959232
0.2995923
0.29959223
0.29959214
0.29959203
0.29959195
0.29959181
0.29959189
0.29959199
0.29959278
0.29960077
0.29968536
0.30052824
0.30801729
0.36169806
0.57149878
0.69662365
0.70571152
0.6990659
0.29959231
0.29959231
0.29959231
0.29959231
0.29959231
0.29959231
0.29959231
0.29959231
0.29959231
0.29959231
0.29959231
0.29959231
0.29959231
0.29959231
0.29959232
0.29959231
0.29959231
0.29959231
0.29959231
0.29959231
0.29959231
0.29959231
0.29959231
0.29959231
0.29959231
0.29959231
0.29959231
0.29959231
0.29959231
0.29959232
0.29959232
0.29959231
0.29959231
0.29959232
0.29959232
0.29959231
0.29959223
0.29959214
0.29959207
0.29959179
0.2995918
0.29959177
0.29959205
0.29959287
0.29960075
0.29968496
0.30052499
0.30798285
0.36151356
0.57115819
0.69662287
0.70584619
0.69996994
0.29959231
0.29959231
0.29959231
0.29959231
0.29959231
0.29959231
0.29959231
0.29959231
0.29959231
0.29959231
0.29959231
0.29959231
0.29959231
0.29959231
0.29959232
0.29959231
0.29959231
0.29959231
0.29959231
0.29959231
0.29959231
0.29959231
0.29959231
0.29959231
0.29959231
0.29959231
0.29959231
0.29959231
0.29959231
0.29959232
0.29959232
0.29959231
0.29959231
0.29959232
0.29959233
0.29959231
0.29959224
0.29959215
0.29959198
0.29959191
0.2995918
0.29959178
0.29959187
0.29959278
0.29960069
0.29968438
0.30051969
0.3079501
0.36132462
0.57080148
0.69665697
0.70592659
0.70096705
0.29959231
0.29959231
0.29959231
0.29959231
0.29959231
0.29959231
0.29959231
0.29959231
0.29959231
0.29959231
0.29959231
0.29959231
0.29959231
0.29959231
0.29959231
0.29959232
0.29959231
0.29959231
0.29959231
0.29959231
0.29959231
0.29959231
0.29959231
0.29959231
0.29959231
0.29959231
0.29959231
0.29959231
0.29959231
0.29959231
0.29959232
0.29959232
0.29959231
0.29959231
0.29959232
0.29959233
0.29959231
0.29959224
0.29959215
0.29959206
0.29959189
0.2995918
0.29959178
0.29959202
0.29959271
0.29960067
0.29968385
0.30051602
0.30791444
0.36112007
0.57040543
0.69670392
0.70591956
0.29959231
0.29959231
0.29959231
0.29959231
0.29959231
0.29959231
0.29959231
0.29959231
0.29959231
0.29959231
0.29959231
0.29959231
0.29959231
0.29959231
0.29959231
0.29959232
0.29959231
0.29959231
0.29959231
0.29959231
0.29959231
0.29959231
0.29959231
0.29959231
0.29959231
0.29959231
0.29959231
0.29959231
0.29959231
0.29959231
0.29959232
0.29959232
0.29959231
0.29959231
0.29959232
0.29959233
0.29959231
0.29959225
0.29959215
0.29959206
0.2995919
0.29959179
0.29959178
0.29959191
0.29959285
0.29960058
0.29968359
0.30051103
0.3078762
0.36090287
0.56998003
0.69670173
0.70585287
0.29959231
0.29959231
0.29959231
0.29959231
0.29959231
0.29959231
0.29959231
0.29959231
0.29959231
0.29959231
0.29959231
0.29959231
0.29959231
0.29959231
0.29959231
0.29959231
0.29959232
0.29959231
0.29959231
0.29959231
0.29959231
0.29959231
0.29959231
0.29959231
0.29959231
0.29959231
0.29959231
0.29959231
0.29959231
0.29959231
0.29959231
0.29959232
0.29959232
0.29959231
0.29959231
0.29959232
0.29959233
0.29959231
0.29959225
0.29959216
0.29959207
0.29959189
0.29959181
0.29959178
0.29959194
0.29959266
0.29960053
0.29968287
0.30050573
0.30783676
0.36067704
0.56949655
0.69661506
0.29959231
0.29959231
0.29959231
0.29959231
0.29959231
0.29959231
0.29959231
0.29959231
0.29959231
0.29959231
0.29959231
0.29959231
0.29959231
0.29959231
0.29959231
0.29959231
0.29959232
0.29959231
0.29959231
0.29959231
0.29959231
0.29959231
0.29959231
0.29959231
0.29959231
0.29959231
0.29959231
0.29959231
0.29959231
0.29959231
0.29959231
0.29959232
0.29959232
0.29959231
0.29959231
0.29959232
0.29959233
0.29959231
0.29959225
0.29959217
0.29959207
0.2995919
0.29959177
0.29959178
0.29959187
0.29959279
0.29960045
0.29968245
0.30050098
0.30779485
0.3604367
0.56897025
0.69645167
0.29959231
0.29959231
0.29959231
0.29959231
0.29959231
0.29959231
0.29959231
0.29959231
0.29959231
0.29959231
0.29959231
0.29959231
0.29959231
0.29959231
0.29959231
0.29959231
0.29959232
0.29959231
0.29959231
0.29959231
0.29959231
0.29959231
0.29959231
0.29959231
0.29959231
0.29959231
0.29959231
0.29959231
0.29959231
0.29959231
0.29959231
0.29959232
0.29959232
0.29959231
0.29959231
0.29959232
0.29959233
0.29959232
0.29959226
0.29959216
0.29959208
0.2995919
0.29959186
0.29959177
0.29959194
0.29959276
0.29960029
0.29968181
0.30049506
0.30775125
0.36018156
0.56842823
0.29959231
0.29959231
0.29959231
0.29959231
0.29959231
0.29959231
0.29959231
0.29959231
0.29959231
0.29959231
0.29959231
0.29959231
0.29959231
0.29959231
0.29959231
0.29959231
0.29959232
0.29959231
0.29959231
0.29959231
0.29959231
0.29959231
0.29959231
0.29959231
0.29959231
0.29959231
0.29959231
0.29959231
0.29959231
0.29959231
0.29959231
0.29959232
0.29959232
0.29959231
0.29959231
0.29959232
0.29959233
0.29959232
0.29959226
0.29959218
0.29959208
0.2995919
0.29959178
0.29959177
0.29959186
0.29959268
0.29960023
0.29968117
0.30048956
0.30770502
0.35991851
0.56785531
0.29959231
0.29959231
0.29959231
0.29959231
0.29959231
0.29959231
0.29959231
0.29959231
0.29959231
0.29959231
0.29959231
0.29959231
0.29959231
0.29959231
0.29959231
0.29959231
0.29959232
0.29959231
0.29959231
0.29959231
0.29959231
0.29959231
0.29959231
0.29959231
0.29959231
0.29959231
0.29959231
0.29959231
0.29959231
0.29959231
0.29959231
0.29959232
0.29959232
0.29959231
0.29959231
0.29959232
0.29959233
0.29959232
0.29959226
0.29959218
0.29959209
0.2995919
0.29959184
0.29959179
0.29959192
0.29959259
0.29960015
0.29968044
0.30048379
0.30765561
0.35963521
0.29959231
0.29959231
0.29959231
0.29959231
0.29959231
0.29959231
0.29959231
0.29959231
0.29959231
0.29959231
0.29959231
0.29959231
0.29959231
0.29959231
0.29959231
0.29959231
0.29959231
0.29959232
0.29959231
0.29959231
0.29959231
0.29959231
0.29959231
0.29959231
0.29959231
0.29959231
0.29959231
0.29959231
0.29959231
0.29959231
0.29959231
0.29959231
0.29959232
0.29959232
0.29959231
0.29959231
0.29959232
0.29959233
0.29959232
0.29959226
0.29959218
0.29959209
0.2995919
0.29959183
0.29959174
0.29959197
0.29959263
0.29960008
0.29967975
0.30047668
0.30760503
0.35934212
0.29959231
0.29959231
0.29959231
0.29959231
0.29959231
0.29959231
0.29959231
0.29959231
0.29959231
0.29959231
0.29959231
0.29959231
0.29959231
0.29959231
0.29959231
0.29959231
0.29959231
0.29959232
0.29959231
0.29959231
0.29959231
0.29959231
0.29959231
0.29959231
0.29959231
0.29959231
0.29959231
0.29959231
0.29959231
0.29959231
0.29959231
0.29959231
0.29959232
0.29959232
0.29959231
0.29959231
0.29959231
0.29959233
0.29959233
0.29959226
0.2995922
0.2995921
0.29959186
0.29959182
0.29959185
0.29959193
0.29959263
0.29960001
0.29967909
0.30047037
0.30755066
0.29959231
0.29959231
0.29959231
0.29959231
0.29959231
0.29959231
0.29959231
0.29959231
0.29959231
0.29959231
0.29959231
0.29959231
0.29959231
0.29959231
0.29959231
0.29959231
0.29959231
0.29959231
0.29959232
0.29959231
0.29959231
0.29959231
0.29959231
0.29959231
0.29959231
0.29959231
0.29959231
0.29959231
0.29959231
0.29959231
0.29959231
0.29959231
0.29959231
0.29959232
0.29959232
0.29959231
0.29959231
0.29959231
0.29959233
0.29959233
0.29959226
0.2995922
0.29959211
0.29959198
0.29959177
0.29959177
0.29959197
0.29959251
0.29959991
0.29967821
0.30046267
0.30749335
0.29959231
0.29959231
0.29959231
0.29959231
0.29959231
0.29959231
0.29959231
0.29959231
0.29959231
0.29959231
0.29959231
0.29959231
0.29959231
0.29959231
0.29959231
0.29959231
0.29959231
0.29959231
0.29959232
0.29959231
0.29959231
0.29959231
0.29959231
0.29959231
0.29959231
0.29959231
0.29959231
0.29959231
0.29959231
0.29959231
0.29959231
0.29959231
0.29959231
0.29959232
0.29959232
0.29959231
0.29959231
0.29959231
0.29959233
0.29959233
0.29959226
0.2995922
0.2995921
0.29959191
0.29959189
0.29959179
0.29959186
0.29959263
0.29959979
0.29967748
0.30045534
0.29959231
0.29959231
0.29959231
0.29959231
0.29959231
0.29959231
0.29959231
0.29959231
0.29959231
0.29959231
0.29959231
0.29959231
0.29959231
0.29959231
0.29959231
0.29959231
0.29959231
0.29959231
0.29959232
0.29959231
0.29959231
0.29959231
0.29959231
0.29959231
0.29959231
0.29959231
0.29959231
0.29959231
0.29959231
0.29959231
0.29959231
0.29959231
0.29959231
0.29959232
0.29959232
0.29959231
0.29959231
0.29959231
0.29959233
0.29959234
0.29959227
0.2995922
0.29959212
0.29959198
0.29959178
0.29959172
0.29959185
0.29959264
0.29959981
0.2996767
0.30044686
0.29959231
0.29959231
0.29959231
0.29959231
0.29959231
0.29959231
0.29959231
0.29959231
0.29959231
0.29959231
0.29959231
0.29959231
0.29959231
0.29959231
0.29959231
0.29959231
0.29959231
0.29959231
0.29959232
0.29959231
0.29959231
0.29959231
0.29959231
0.29959231
0.29959231
0.29959231
0.29959231
0.29959231
0.29959231
0.29959231
0.29959231
0.29959231
0.29959231
0.29959232
0.29959232
0.29959231
0.29959231
0.29959231
0.29959232
0.29959233
0.29959227
0.29959221
0.29959213
0.29959198
0.29959186
0.29959175
0.29959177
0.29959264
0.29959966
0.29967568
0.29959231
0.29959231
0.29959231
0.29959231
0.29959231
0.29959231
0.29959231
0.29959231
0.29959231
0.29959231
0.29959231
0.29959231
0.29959231
0.29959231
0.29959231
0.29959231
0.29959231
0.29959231
0.29959232
0.29959231
0.29959231
0.29959231
0.29959231
0.29959231
0.29959231
0.29959231
0.29959231
0.29959231
0.29959231
0.29959231
0.29959231
0.29959231
0.29959231
0.29959232
0.29959232
0.29959231
0.29959231
0.29959231
0.29959232
0.29959233
0.29959228
0.29959222
0.29959215
0.29959199
0.2995919
0.29959172
0.29959178
0.29959256
0.29959964
0.29967465
0.29959231
0.29959231
0.29959231
0.29959231
0.29959231
0.29959231
0.29959231
0.29959231
0.29959231
0.29959231
0.29959231
0.29959231
0.29959231
0.29959231
0.29959231
0.29959231
0.29959231
0.29959231
0.29959232
0.29959231
0.29959231
0.29959231
0.29959231
0.29959231
0.29959231
0.29959231
0.29959231
0.29959231
0.29959231
0.29959231
0.29959231
0.29959231
0.29959231
0.29959232
0.29959232
0.29959231
0.29959231
0.29959231
0.29959232
0.29959233
0.29959228
0.29959224
0.29959214
0.29959199
0.29959185
0.29959166
0.29959178
0.2995925
0.29959956
0.29967355
0.29959231
0.29959231
0.29959231
0.29959231
0.29959231
0.29959231
0.29959231
0.29959231
0.29959231
0.29959231
0.29959231
0.29959231
0.29959231
0.29959231
0.29959231
0.29959231
0.29959231
0.29959231
0.29959232
0.29959231
0.29959231
0.29959231
0.29959231
0.29959231
0.29959231
0.29959231
0.29959231
0.29959231
0.29959231
0.29959231
0.29959231
0.29959231
0.29959231
0.29959232
0.29959232
0.29959231
0.29959231
0.29959231
0.29959232
0.29959233
0.29959229
0.29959224
0.29959216
0.299592
0.29959193
0.29959185
0.29959178
0.29959252
0.29959935
0.29967244
0.29959231
0.29959231
0.29959231
0.29959231
0.29959231
0.29959231
0.29959231
0.29959231
0.29959231
0.29959231
0.29959231
0.29959231
0.29959231
0.29959231
0.29959231
0.29959231
0.29959231
0.29959231
0.29959231
0.29959231
0.29959232
0.29959231
0.29959231
0.29959231
0.29959231
0.29959231
0.29959231
0.29959231
0.29959231
0.29959231
0.29959231
0.29959231
0.29959231
0.29959231
0.29959231
0.29959232
0.29959232
0.29959231
0.29959231
0.29959231
0.29959232
0.29959233
0.29959229
0.29959224
0.29959217
0.29959202
0.29959191
0.29959175
0.29959177
0.29959244
0.29959926
0.29967139
0.29959231
0.29959231
0.29959231
0.29959231
0.29959231
0.29959231
0.29959231
0.29959231
0.29959231
0.29959231
0.29959231
0.29959231
0.29959231
0.29959231
0.29959231
0.29959231
0.29959231
0.29959231
0.29959231
0.29959231
0.29959232
0.29959231
0.29959231
0.29959231
0.29959231
0.29959231
0.29959231
0.29959231
0.29959231
0.29959231
0.29959231
0.29959231
0.29959231
0.29959231
0.29959231
0.29959232
0.29959232
0.29959231
0.29959231
0.29959231
0.29959231
0.29959232
0.2995923
0.29959226
0.2995922
0.29959204
0.2995919
0.29959183
0.29959179
0.29959234
0.29959905
0.29967019
0.29959231
0.29959231
0.29959231
0.29959231
0.29959231
0.29959231
0.29959231
0.29959231
0.29959231
0.29959231
0.29959231
0.29959231
0.29959231
0.29959231
0.29959231
0.29959231
0.29959231
0.29959231
0.29959231
0.29959231
0.29959232
0.29959231
0.29959231
0.29959231
0.29959231
0.29959231
0.29959231
0.29959231
0.29959231
0.29959231
0.29959231
0.29959231
0.29959231
0.29959231
0.29959231
0.29959231
0.29959232
0.29959231
0.29959231
0.29959231
0.29959231
0.29959232
0.2995923
0.29959227
0.29959219
0.29959207
0.29959197
0.29959181
0.29959173
0.29959245
0.29959894
0.29966891
0.29959231
0.29959231
0.29959231
0.29959231
0.29959231
0.29959231
0.29959231
0.29959231
0.29959231
0.29959231
0.29959231
0.29959231
0.29959231
0.29959231
0.29959231
0.29959231
0.29959231
0.29959231
0.29959231
0.29959231
0.29959232
0.29959231
0.29959231
0.29959231
0.29959231
0.29959231
0.29959231
0.29959231
0.29959231
0.29959231
0.29959231
0.29959231
0.29959231
0.29959231
0.29959231
0.29959231
0.29959232
0.29959231
0.29959231
0.29959231
0.29959231
0.29959232
0.29959231
0.29959227
0.29959222
0.29959211
0.29959196
0.29959191
0.29959174
0.29959224
0.29959875
0.29966764
0.29959231
0.29959231
0.29959231
0.29959231
0.29959231
0.29959231
0.29959231
0.29959231
0.29959231
0.29959231
0.29959231
0.29959231
0.29959231
0.29959231
0.29959231
0.29959231
0.29959231
0.29959231
0.29959231
0.29959231
0.29959232
0.29959231
0.29959231
0.29959231
0.29959231
0.29959231
0.29959231
0.29959231
0.29959231
0.29959231
0.29959231
0.29959231
0.29959231
0.29959231
0.29959231
0.29959232
0.29959232
0.29959231
0.29959231
0.29959231
0.29959231
0.29959232
0.29959231
0.29959228
0.29959224
0.29959212
0.29959204
0.29959193
0.29959171
0.29959226
0.29959859
0.29966632
0.29959231
0.29959231
0.29959231
0.29959231
0.29959231
0.29959231
0.29959231
0.29959231
0.29959231
0.29959231
0.29959231
0.29959231
0.29959231
0.29959231
0.29959231
0.29959231
0.29959231
0.29959231
0.29959231
0.29959231
0.29959232
0.29959231
0.29959231
0.29959231
0.29959231
0.29959231
0.29959231
0.29959231
0.29959231
0.29959231
0.29959231
0.29959231
0.29959231
0.29959231
0.29959231
0.29959231
0.29959232
0.29959231
0.29959231
0.29959231
0.29959231
0.29959232
0.29959231
0.29959229
0.29959225
0.29959214
0.29959209
0.29959199
0.2995917
0.2995922
0.29959841
0.29966483
0.29959231
0.29959231
0.29959231
0.29959231
0.29959231
0.29959231
0.29959231
0.29959231
0.29959231
0.29959231
0.29959231
0.29959231
0.29959231
0.29959231
0.29959231
0.29959231
0.29959231
0.29959231
0.29959231
0.29959231
0.29959232
0.29959231
0.29959231
0.29959231
0.29959231
0.29959231
0.29959231
0.29959231
0.29959231
0.29959231
0.29959231
0.29959231
0.29959231
0.29959231
0.29959231
0.29959231
0.29959232
0.29959231
0.29959231
0.29959231
0.29959231
0.29959231
0.29959231
0.29959229
0.29959225
0.29959218
0.29959211
0.29959208
0.29959181
0.29959217
0.2995983
0.29966327
0.29959231
0.29959231
0.29959231
0.29959231
0.29959231
0.29959231
0.29959231
0.29959231
0.29959231
0.29959231
0.29959231
0.29959231
0.29959231
0.29959231
0.29959231
0.29959231
0.29959231
0.29959231
0.29959231
0.29959231
0.29959232
0.29959231
0.29959231
0.29959231
0.29959231
0.29959231
0.29959231
0.29959231
0.29959231
0.29959231
0.29959231
0.29959231
0.29959231
0.29959231
0.29959231
0.29959231
0.29959231
0.29959231
0.29959231
0.29959231
0.29959231
0.29959231
0.29959231
0.2995923
0.29959227
0.29959222
0.29959216
0.29959212
0.29959181
0.29959218
0.299598
0.29966156
0.29959231
0.29959231
0.29959231
0.29959231
0.29959231
0.29959231
0.29959231
0.29959231
0.29959231
0.29959231
0.29959231
0.29959231
0.29959231
0.29959231
0.29959231
0.29959231
0.29959231
0.29959231
0.29959231
0.29959231
0.29959232
0.29959231
0.29959231
0.29959231
0.29959231
0.29959231
0.29959231
0.29959231
0.29959231
0.29959231
0.29959231
0.29959231
0.29959231
0.29959231
0.29959231
0.29959231
0.29959231
0.29959231
0.29959231
0.29959231
0.29959231
0.29959231
0.29959231
0.29959231
0.29959228
0.29959223
0.29959219
0.29959212
0.29959185
0.29959215
0.29959785
0.29965989
0.29959231
0.29959231
0.29959231
0.29959231
0.29959231
0.29959231
0.29959231
0.29959231
0.29959231
0.29959231
0.29959231
0.29959231
0.29959231
0.29959231
0.29959231
0.29959231
0.29959231
0.29959231
0.29959231
0.29959231
0.29959232
0.29959231
0.29959231
0.29959231
0.29959231
0.29959231
0.29959231
0.29959231
0.29959231
0.29959231
0.29959231
0.29959231
0.29959231
0.29959231
0.29959231
0.29959231
0.29959231
0.29959231
0.29959231
0.29959231
0.29959231
0.29959231
0.29959231
0.29959231
0.29959229
0.29959227
0.29959222
0.29959218
0.29959198
0.29959211
0.29959757
0.29965824
0.29959231
0.29959231
0.29959231
0.29959231
0.29959231
0.29959231
0.29959231
0.29959231
0.29959231
0.29959231
0.29959231
0.29959231
0.29959231
0.29959231
0.29959231
0.29959231
0.29959231
0.29959231
0.29959231
0.29959232
0.29959231
0.29959231
0.29959231
0.29959231
0.29959231
0.29959231
0.29959231
0.29959231
0.29959231
0.29959231
0.29959231
0.29959231
0.29959231
0.29959231
0.29959231
0.29959231
0.29959231
0.29959231
0.29959231
0.29959231
0.29959231
0.29959231
0.29959231
0.2995923
0.29959229
0.29959225
0.29959218
0.29959194
0.29959213
0.29959734
0.29959231
0.29959231
0.29959231
0.29959231
0.29959231
0.29959231
0.29959231
0.29959231
0.29959231
0.29959231
0.29959231
0.29959231
0.29959231
0.29959231
0.29959231
0.29959231
0.29959231
0.29959231
0.29959231
0.29959232
0.29959231
0.29959231
0.29959231
0.29959231
0.29959231
0.29959231
0.29959231
0.29959231
0.29959231
0.29959231
0.29959231
0.29959231
0.29959231
0.29959231
0.29959231
0.29959231
0.29959231
0.29959231
0.29959231
0.29959231
0.29959231
0.29959231
0.29959231
0.2995923
0.29959231
0.2995923
0.29959223
0.29959207
0.2995922
0.29959715
0.29959231
0.29959231
0.29959231
0.29959231
0.29959231
0.29959231
0.29959231
0.29959231
0.29959231
0.29959231
0.29959231
0.29959231
0.29959231
0.29959231
0.29959231
0.29959231
0.29959231
0.29959231
0.29959231
0.29959231
0.29959231
0.29959231
0.29959231
0.29959231
0.29959231
0.29959231
0.29959231
0.29959231
0.29959231
0.29959231
0.29959231
0.29959231
0.29959231
0.29959231
0.29959231
0.29959231
0.29959231
0.29959231
0.29959232
0.29959231
0.29959231
0.29959231
0.29959231
0.2995923
0.29959232
0.29959234
0.29959225
0.29959206
0.29959224
0.29959694
0.29959231
0.29959231
0.29959231
0.29959231
0.29959231
0.29959231
0.29959231
0.29959231
0.29959231
0.29959231
0.29959231
0.29959231
0.29959231
0.29959231
0.29959231
0.29959231
0.29959231
0.29959231
0.29959231
0.29959231
0.29959231
0.29959231
0.29959231
0.29959231
0.29959231
0.29959231
0.29959231
0.29959231
0.29959231
0.29959231
0.29959231
0.29959231
0.29959231
0.29959231
0.29959231
0.29959231
0.29959231
0.29959232
0.29959232
0.29959232
0.29959231
0.29959231
0.29959231
0.2995923
0.29959232
0.29959236
0.29959228
0.29959213
0.29959226
0.2995966
0.29959231
0.29959231
0.29959231
0.29959231
0.29959231
0.29959231
0.29959231
0.29959231
0.29959231
0.29959231
0.29959231
0.29959231
0.29959231
0.29959231
0.29959231
0.29959231
0.29959231
0.29959231
0.29959231
0.29959231
0.29959231
0.29959231
0.29959231
0.29959231
0.29959231
0.29959231
0.29959231
0.29959231
0.29959231
0.29959231
0.29959231
0.29959231
0.29959231
0.29959231
0.29959231
0.29959231
0.29959231
0.29959232
0.29959232
0.29959232
0.29959231
0.29959231
0.29959231
0.2995923
0.29959231
0.29959237
0.2995923
0.29959216
0.29959233
0.29959658
0.29959231
0.29959231
0.29959231
0.29959231
0.29959231
0.29959231
0.29959231
0.29959231
0.29959231
0.29959231
0.29959231
0.29959231
0.29959231
0.29959231
0.29959231
0.29959231
0.29959231
0.29959231
0.29959231
0.29959231
0.29959231
0.29959231
0.29959231
0.29959231
0.29959231
0.29959231
0.29959231
0.29959231
0.29959231
0.29959231
0.29959231
0.29959231
0.29959231
0.29959231
0.29959231
0.29959231
0.29959231
0.29959232
0.29959232
0.29959232
0.29959231
0.29959231
0.29959231
0.2995923
0.2995923
0.29959236
0.29959232
0.29959219
0.29959232
0.2995963
0.29964529
0.29959231
0.29959231
0.29959231
0.29959231
0.29959231
0.29959231
0.29959231
0.29959231
0.29959231
0.29959231
0.29959231
0.29959231
0.29959231
0.29959231
0.29959231
0.29959231
0.29959231
0.29959231
0.29959231
0.29959231
0.29959231
0.29959231
0.29959231
0.29959231
0.29959231
0.29959231
0.29959231
0.29959231
0.29959231
0.29959231
0.29959231
0.29959231
0.29959231
0.29959231
0.29959231
0.29959231
0.29959231
0.29959232
0.29959232
0.29959232
0.29959231
0.29959231
0.29959232
0.29959231
0.29959229
0.29959233
0.29959233
0.29959226
0.29959237
0.29959628
0.29964294
0.29959231
0.29959231
0.29959231
0.29959231
0.29959231
0.29959231
0.29959231
0.29959231
0.29959231
0.29959231
0.29959231
0.29959231
0.29959231
0.29959231
0.29959231
0.29959231
0.29959231
0.29959231
0.29959231
0.29959231
0.29959231
0.29959231
0.29959231
0.29959231
0.29959231
0.29959231
0.29959231
0.29959231
0.29959231
0.29959231
0.29959231
0.29959231
0.29959231
0.29959231
0.29959231
0.29959231
0.29959232
0.29959232
0.29959232
0.29959231
0.29959231
0.29959232
0.29959231
0.29959229
0.29959231
0.29959234
0.29959231
0.29959239
0.299596
0.29964058
0.29959231
0.29959231
0.29959231
0.29959231
0.29959231
0.29959231
0.29959231
0.29959231
0.29959231
0.29959231
0.29959231
0.29959231
0.29959231
0.29959231
0.29959231
0.29959231
0.29959231
0.29959231
0.29959231
0.29959231
0.29959231
0.29959231
0.29959231
0.29959231
0.29959231
0.29959231
0.29959231
0.29959231
0.29959231
0.29959231
0.29959231
0.29959231
0.29959231
0.29959231
0.29959231
0.29959231
0.29959231
0.29959232
0.29959232
0.29959232
0.29959231
0.29959232
0.29959231
0.29959229
0.2995923
0.29959234
0.29959233
0.29959243
0.29959589
0.29963807
0.29959231
0.29959231
0.29959231
0.29959231
0.29959231
0.29959231
0.29959231
0.29959231
0.29959231
0.29959231
0.29959231
0.29959231
0.29959231
0.29959231
0.29959231
0.29959231
0.29959231
0.29959231
0.29959231
0.29959231
0.29959231
0.29959231
0.29959231
0.29959231
0.29959231
0.29959231
0.29959231
0.29959231
0.29959231
0.29959231
0.29959231
0.29959231
0.29959231
0.29959231
0.29959231
0.29959231
0.29959231
0.29959232
0.29959232
0.29959232
0.29959231
0.29959232
0.29959232
0.2995923
0.29959229
0.29959232
0.29959234
0.29959249
0.29959574
0.29963567
0.30006035
0.29959231
0.29959231
0.29959231
0.29959231
0.29959231
0.29959231
0.29959231
0.29959231
0.29959231
0.29959231
0.29959231
0.29959231
0.29959231
0.29959231
0.29959231
0.29959231
0.29959231
0.29959231
0.29959231
0.29959231
0.29959231
0.29959231
0.29959231
0.29959231
0.29959231
0.29959231
0.29959231
0.29959231
0.29959231
0.29959231
0.29959231
0.29959231
0.29959231
0.29959231
0.29959231
0.29959231
0.29959231
0.29959232
0.29959232
0.29959232
0.29959231
0.29959232
0.29959232
0.2995923
0.29959229
0.29959231
0.29959233
0.29959252
0.29959559
0.29963301
0.30003377
0.29959231
0.29959231
0.29959231
0.29959231
0.29959231
0.29959231
0.29959231
0.29959231
0.29959231
0.29959231
0.29959231
0.29959231
0.29959231
0.29959231
0.29959231
0.29959231
0.29959231
0.29959231
0.29959231
0.29959231
0.29959231
0.29959231
0.29959231
0.29959231
0.29959231
0.29959231
0.29959231
0.29959231
0.29959231
0.29959231
0.29959231
0.29959231
0.29959231
0.29959231
0.29959231
0.29959231
0.29959231
0.29959231
0.29959231
0.29959231
0.29959232
0.29959231
0.29959232
0.29959232
0.29959231
0.2995923
0.2995923
0.29959232
0.29959253
0.29959545
0.2996307
0.30000851
0.30365358
0.29959231
0.29959231
0.29959231
0.29959231
0.29959231
0.29959231
0.29959231
0.29959231
0.29959231
0.29959231
0.29959231
0.29959231
0.29959231
0.29959231
0.29959231
0.29959231
0.29959231
0.29959231
0.29959231
0.29959231
0.29959231
0.29959231
0.29959231
0.29959231
0.29959231
0.29959231
0.29959231
0.29959231
0.29959231
0.29959231
0.29959231
0.29959231
0.29959231
0.29959231
0.29959231
0.29959231
0.29959231
0.29959231
0.29959231
0.29959231
0.29959231
0.29959231
0.29959232
0.29959232
0.29959231
0.2995923
0.29959231
0.29959232
0.29959253
0.29959523
0.29962788
0.29998063
0.30340819
0.29959231
0.29959231
0.29959231
0.29959231
0.29959231
0.29959231
0.29959231
0.29959231
0.29959231
0.29959231
0.29959231
0.29959231
0.29959231
0.29959231
0.29959231
0.29959231
0.29959231
0.29959231
0.29959231
0.29959231
0.29959231
0.29959231
0.29959231
0.29959231
0.29959231
0.29959231
0.29959231
0.29959231
0.29959231
0.29959231
0.29959231
0.29959231
0.29959231
0.29959231
0.29959231
0.29959231
0.29959231
0.29959231
0.29959231
0.29959231
0.29959231
0.29959231
0.29959232
0.29959232
0.29959231
0.2995923
0.29959231
0.29959233
0.29959252
0.29959507
0.29962558
0.29995517
0.30316877
0.33054121
0.29959231
0.29959231
0.29959231
0.29959231
0.29959231
0.29959231
0.29959231
0.29959231
0.29959231
0.29959231
0.29959231
0.29959231
0.29959231
0.29959231
0.29959231
0.29959231
0.29959231
0.29959231
0.29959231
0.29959231
0.29959231
0.29959231
0.29959231
0.29959231
0.29959231
0.29959231
0.29959231
0.29959231
0.29959231
0.29959231
0.29959231
0.29959231
0.29959231
0.29959231
0.29959231
0.29959231
0.29959231
0.29959231
0.29959231
0.29959231
0.29959231
0.29959231
0.29959232
0.29959232
0.29959232
0.2995923
0.29959231
0.29959233
0.2995925
0.29959484
0.29962284
0.29992739
0.30291828
0.3286597
0.48187853
0.29959231
0.29959231
0.29959231
0.29959231
0.29959231
0.29959231
0.29959231
0.29959231
0.29959231
0.29959231
0.29959231
0.29959231
0.29959231
0.29959231
0.29959231
0.29959231
0.29959231
0.29959231
0.29959231
0.29959231
0.29959231
0.29959231
0.29959231
0.29959231
0.29959231
0.29959231
0.29959231
0.29959231
0.29959231
0.29959231
0.29959231
0.29959231
0.29959231
0.29959231
0.29959231
0.29959231
0.29959231
0.29959231
0.29959231
0.29959231
0.29959231
0.29959231
0.29959232
0.29959232
0.29959232
0.29959231
0.29959231
0.29959233
0.29959248
0.2995946
0.29962023
0.29990053
0.30266862
0.32672466
0.47421026
0.29959231
0.29959231
0.29959231
0.29959231
0.29959231
0.29959231
0.29959231
0.29959231
0.29959231
0.29959231
0.29959231
0.29959231
0.29959231
0.29959231
0.29959231
0.29959231
0.29959231
0.29959231
0.29959231
0.29959231
0.29959231
0.29959231
0.29959231
0.29959231
0.29959231
0.29959231
0.29959231
0.29959231
0.29959231
0.29959231
0.29959231
0.29959231
0.29959231
0.29959231
0.29959231
0.29959231
0.29959231
0.29959231
0.29959231
0.29959231
0.29959231
0.29959231
0.29959231
0.29959232
0.29959232
0.29959231
0.29959231
0.29959233
0.29959247
0.29959437
0.29961769
0.29987417
0.30242118
0.32477119
0.46600949
0.68582225
0.29959231
0.29959231
0.29959231
0.29959231
0.29959231
0.29959231
0.29959231
0.29959231
0.29959231
0.29959231
0.29959231
0.29959231
0.29959231
0.29959231
0.29959231
0.29959231
0.29959231
0.29959231
0.29959231
0.29959231
0.29959231
0.29959231
0.29959231
0.29959231
0.29959231
0.29959231
0.29959231
0.29959231
0.29959231
0.29959231
0.29959231
0.29959231
0.29959231
0.29959231
0.29959231
0.29959231
0.29959231
0.29959231
0.29959231
0.29959231
0.29959231
0.29959231
0.29959231
0.29959232
0.29959232
0.29959231
0.29959231
0.29959233
0.29959245
0.29959415
0.29961505
0.29984703
0.30216997
0.32277439
0.4572076
0.68362642
0.29959231
0.29959231
0.29959231
0.29959231
0.29959231
0.29959231
0.29959231
0.29959231
0.29959231
0.29959231
0.29959231
0.29959231
0.29959231
0.29959231
0.29959231
0.29959231
0.29959231
0.29959231
0.29959231
0.29959231
0.29959231
0.29959231
0.29959231
0.29959231
0.29959231
0.29959231
0.29959231
0.29959231
0.29959231
0.29959231
0.29959231
0.29959231
0.29959231
0.29959231
0.29959231
0.29959231
0.29959231
0.29959231
0.29959231
0.29959231
0.29959231
0.29959231
0.29959231
0.29959231
0.29959231
0.29959232
0.29959231
0.29959231
0.29959233
0.29959244
0.29959396
0.29961268
0.29982166
0.30192703
0.32078322
0.44783277
0.68102674
0.29959231
0.29959231
0.29959231
0.29959231
0.29959231
0.29959231
0.29959231
0.29959231
0.29959231
0.29959231
0.29959231
0.29959231
0.29959231
0.29959231
0.29959231
0.29959231
0.29959231
0.29959231
0.29959231
0.29959231
0.29959232
0.29959231
0.29959231
0.29959231
0.29959231
0.29959231
0.29959231
0.29959231
0.29959231
0.29959231
0.29959231
0.29959231
0.29959231
0.29959231
0.29959231
0.29959231
0.29959231
0.29959231
0.29959231
0.29959231
0.29959231
0.29959231
0.29959231
0.29959231
0.29959231
0.29959231
0.29959231
0.29959231
0.29959233
0.29959243
0.29959375
0.29961025
0.29979626
0.30168633
0.31878905
0.43778846
0.6778666
0.29959231
0.29959231
0.29959231
0.29959231
0.29959231
0.29959231
0.29959231
0.29959231
0.29959231
0.29959231
0.29959231
0.29959231
0.29959231
0.29959231
0.29959231
0.29959231
0.29959231
0.29959231
0.29959231
0.29959231
0.29959232
0.29959231
0.29959231
0.29959231
0.29959231
0.29959231
0.29959231
0.29959231
0.29959231
0.29959231
0.29959231
0.29959231
0.29959231
0.29959231
0.29959231
0.29959231
0.29959231
0.29959231
0.29959231
0.29959231
0.29959231
0.29959231
0.29959231
0.29959231
0.29959231
0.29959231
0.29959231
0.29959231
0.29959232
0.29959241
0.29959356
0.29960798
0.29977209
0.301455
0.31685012
0.4274711
0.67371449
0.29959231
0.29959231
0.29959231
0.29959231
0.29959231
0.29959231
0.29959231
0.29959231
0.29959231
0.29959231
0.29959231
0.29959231
0.29959231
0.29959231
0.29959231
0.29959231
0.29959231
0.29959231
0.29959231
0.29959231
0.29959231
0.29959231
0.29959231
0.29959231
0.29959231
0.29959231
0.29959231
0.29959231
0.29959231
0.29959231
0.29959231
0.29959231
0.29959231
0.29959231
0.29959231
0.29959231
0.29959231
0.29959231
0.29959231
0.29959231
0.29959231
0.29959231
0.29959231
0.29959231
0.29959231
0.29959231
0.29959231
0.29959231
0.29959232
0.29959239
0.29959338
0.29960586
0.29974911
0.30123185
0.31492591
0.41610624
0.66752136
0.29959231
0.29959231
0.29959231
0.29959231
0.29959231
0.29959231
0.29959231
0.29959231
0.29959231
0.29959231
0.29959231
0.29959231
0.29959231
0.29959231
0.29959231
0.29959231
0.29959231
0.29959231
0.29959231
0.29959231
0.29959231
0.29959231
0.29959231
0.29959231
0.29959231
0.29959231
0.29959231
0.29959231
0.29959231
0.29959231
0.29959231
0.29959231
0.29959231
0.29959231
0.29959231
0.29959231
0.29959231
0.29959231
0.29959231
0.29959231
0.29959231
0.29959231
0.29959231
0.29959231
0.29959231
0.29959231
0.29959231
0.29959231
0.29959232
0.29959238
0.29959321
0.29960383
0.29972711
0.30101637
0.31298998
0.40208566
0.65723408
0.7456366
0.29959231
0.29959231
0.29959231
0.29959231
0.29959231
0.29959231
0.29959231
0.29959231
0.29959231
0.29959231
0.29959231
0.29959231
0.29959231
0.29959231
0.29959231
0.29959231
0.29959231
0.29959231
0.29959231
0.29959231
0.29959231
0.29959231
0.29959231
0.29959231
0.29959231
0.29959231
0.29959231
0.29959231
0.29959231
0.29959231
0.29959231
0.29959231
0.29959231
0.29959231
0.29959231
0.29959231
0.29959231
0.29959231
0.29959231
0.29959231
0.29959231
0.29959231
0.29959231
0.29959231
0.29959231
0.29959231
0.29959231
0.29959231
0.29959231
0.29959237
0.29959305
0.29960193
0.29970609
0.30080321
0.31099353
0.38574238
0.64100357
0.8158552
0.29959231
0.29959231
0.29959231
0.29959231
0.29959231
0.29959231
0.29959231
0.29959231
0.29959231
0.29959231
0.29959231
0.29959231
0.29959231
0.29959231
0.29959231
0.29959231
0.29959231
0.29959231
0.29959231
0.29959231
0.29959231
0.29959231
0.29959231
0.29959231
0.29959231
0.29959231
0.29959231
0.29959231
0.29959231
0.29959231
0.29959231
0.29959231
0.29959231
0.29959231
0.29959231
0.29959231
0.29959231
0.29959231
0.29959231
0.29959231
0.29959231
0.29959231
0.29959231
0.29959231
0.29959231
0.29959231
0.29959231
0.29959231
0.29959231
0.29959236
0.2995929
0.29960018
0.29968644
0.30060013
0.30915592
0.37641505
0.65871009
1.2044145
0.29959231
0.29959231
0.29959231
0.29959231
0.29959231
0.29959231
0.29959231
0.29959231
0.29959231
0.29959231
0.29959231
0.29959231
0.29959231
0.29959231
0.29959231
0.29959231
0.29959231
0.29959231
0.29959231
0.29959231
0.29959231
0.29959231
0.29959231
0.29959231
0.29959231
0.29959231
0.29959231
0.29959231
0.29959231
0.29959231
0.29959231
0.29959231
0.29959231
0.29959231
0.29959231
0.29959231
0.29959231
0.29959231
0.29959231
0.29959231
0.29959231
0.29959231
0.29959231
0.29959231
0.29959231
0.29959231
0.29959231
0.29959231
0.29959231
0.29959231
0.29959235
0.29959278
0.29959861
0.29966868
0.3004301
0.30836307
0.29959231
0.29959231
0.29959231
0.29959231
0.29959231
0.29959231
0.29959231
0.29959231
0.29959231
0.29959231
0.29959231
0.29959231
0.29959231
0.29959231
0.29959231
0.29959231
0.29959231
0.29959231
0.29959231
0.29959231
0.29959231
0.29959231
0.29959231
0.29959231
0.29959231
0.29959231
0.29959231
0.29959231
0.29959231
0.29959231
0.29959231
0.29959231
0.29959231
0.29959231
0.29959231
0.29959231
0.29959231
0.29959234
0.29959268
0.29959728
0.29965524
0.30039989
0.31274322
0.29959231
0.29959231
0.29959231
0.29959231
0.29959231
0.29959231
0.29959231
0.29959231
0.29959231
0.29959231
0.29959231
0.29959231
0.29959231
0.29959231
0.29959231
0.29959231
0.29959231
0.29959231
0.29959231
0.29959231
0.29959231
0.29959231
0.29959231
0.29959231
0.29959231
0.29959231
0.29959231
0.29959231
0.29959231
0.29959231
0.29959231
0.29959231
0.29959231
0.29959231
0.29959231
0.29959231
0.29959231
0.29959231
0.29959231
0.29959231
0.29959231
0.29959231
0.29959231
0.29959231
0.29959231
0.29959231
0.29959231
0.29959231
0.29959231
0.29959231
0.29959231
0.29959231
0.29959231
0.29959231
0.29959231
0.29959231
0.29959231
0.29959231
0.29959231
0.29959231
0.29959231
0.29959231
0.29959231
0.29959231
0.29959231
0.29959231
0.29959231
0.29959231
0.29959231
0.29959231
0.29959231
0.29959231
0.29959231
0.29959231
0.29959231
0.29959231
0.29959231
0.29959231
0.29959231
0.29959231
0.29959231
0.29959231
0.29959231
0.29959231
0.29959231
0.29959231
0.29959231
0.29959231
0.29959231
0.29959231
0.29959231
0.29959231
0.29959231
0.29959231
0.29959231
0.29959231
0.29959231
0.29959231
0.29959231
0.29959231
0.29959231
0.29959231
0.29959231
0.29959231
0.29959231
0.29959231
0.29959231
0.29959231
0.29959231
0.29959231
0.29959231
0.29959231
0.29959231
0.29959231
0.29959231
0.29959231
0.29959231
0.29959231
0.29959231
0.29959231
0.29959231
0.29959231
0.29959231
0.29959231
0.29959231
0.29959231
0.29959231
0.29959231
0.29959231
0.29959231
0.29959231
0.29959231
0.29959231
0.29959231
0.29959231
0.29959231
0.29959231
0.29959231
0.29959231
0.29959231
0.29959231
0.29959231
0.29959231
0.29959231
0.29959231
0.29959231
0.29959231
0.29959231
0.29959231
0.29959231
0.29959231
0.29959231
0.29959231
0.29959231
0.29959231
0.29959231
0.29959231
0.29959231
0.29959231
0.29959231
0.29959231
0.29959231
0.29959231
0.29959231
0.29959231
0.29959231
0.29959231
0.29959231
0.29959231
0.29959231
)
;

boundaryField
{
    Side
    {
        type            empty;
    }
    Inlet
    {
        type            calculated;
        value           nonuniform List<scalar> 0();
    }
    Airfoil
    {
        type            calculated;
        value           nonuniform List<scalar> 0();
    }
    Outlet
    {
        type            calculated;
        value           nonuniform List<scalar> 0();
    }
    procBoundary19to3
    {
        type            processor;
        value           nonuniform List<scalar> 5(0.29959231 0.29959231 0.29959231 0.29959231 0.29959231);
    }
    procBoundary19to11
    {
        type            processor;
        value           nonuniform List<scalar> 
82
(
0.68255556
0.68233416
0.68737207
0.68737207
0.68793289
0.68928399
0.68928399
0.69016037
0.69054154
0.68999552
0.68953809
0.68952319
0.68952319
0.68962297
0.69018494
0.69057671
0.70121773
0.70121773
0.70044067
0.70570233
0.70570233
0.70553049
0.69625731
0.69625731
0.69611646
0.56725768
0.56725768
0.56663115
0.35902784
0.35902784
0.35870005
0.30743194
0.30743194
0.30736836
0.30043857
0.30043857
0.30042931
0.30041979
0.3004097
0.30039944
0.30038834
0.3003771
0.30036494
0.30035188
0.30033821
0.30032352
0.30030845
0.30029246
0.30027578
0.29965626
0.29965626
0.29965407
0.2996521
0.29964979
0.29964758
0.29964758
0.30015579
0.30013307
0.30010903
0.30008472
0.30008472
0.30411808
0.303884
0.303884
0.33413111
0.33235542
0.33235542
0.48891344
0.48891344
0.68906913
0.68771191
0.68771191
0.72001046
0.72153349
0.72318493
0.72528873
0.72692946
0.7300043
0.7300043
0.83593258
1.375645
3.1543337
)
;
    }
    procBoundary19to22
    {
        type            processor;
        value           nonuniform List<scalar> 
51
(
0.68877003
0.68587494
0.69009539
0.7059658
0.70059857
0.690424
0.690424
0.29959229
0.29959221
0.29959212
0.2995919
0.29959184
0.29959187
0.29959189
0.29959201
0.29959278
0.29960103
0.29968854
0.30055499
0.30822015
0.36282169
0.57354484
0.69693088
0.69693088
0.29959231
0.29959231
0.29959231
0.29959232
0.29959231
0.29959231
0.29959232
0.29959231
0.29959231
0.29959232
0.29959232
0.29959232
0.29959231
0.29959231
0.29959231
0.29959231
0.29959231
0.29959231
0.29959231
0.29959231
0.29959231
0.29959231
0.29959231
0.29959231
0.29959231
0.29959232
0.29959232
)
;
    }
    procBoundary19to35
    {
        type            processor;
        value           nonuniform List<scalar> 
62
(
0.29959231
0.29959231
0.29959231
0.29959231
0.29959231
0.29959231
0.29959231
0.29959231
0.29959231
0.29959231
0.29959231
0.29959231
0.29959231
0.29959231
0.29959231
0.29959231
0.29959231
0.29959231
0.29959231
0.29959231
0.29959231
0.29959231
0.29959233
0.29959259
0.29959629
0.29959231
0.29959231
0.29959231
0.29959231
0.29959231
0.29959231
0.29959231
0.29959231
0.29959231
0.29959231
0.29959231
0.29959231
0.29959231
0.29959231
0.29959231
0.29959231
0.29959231
0.29959231
0.29959231
0.29959231
0.29959231
0.29959231
0.29959231
0.29959231
0.29959231
0.29959231
0.29959231
0.29959231
0.29959231
0.29959231
0.29959231
0.29959231
0.29959231
0.29959231
0.29959231
0.29959231
0.29959231
)
;
    }
    procBoundary19to43
    {
        type            processor;
        value           nonuniform List<scalar> 8(0.38922035 0.93407114 2.7246845 0.38922035 0.29965378 0.30098252 0.54929545 0.34999669);
    }
    procBoundary19to51
    {
        type            processor;
        value           nonuniform List<scalar> 
77
(
0.29959231
0.29959231
0.29959231
0.29959231
0.29959231
0.29959231
0.29959231
0.29959231
0.29959231
0.29959231
0.29959231
0.29959231
0.29959231
0.29959231
0.29959231
0.29959231
0.29959231
0.29959231
0.29959231
0.29959231
0.29959231
0.29959231
0.29959231
0.29959231
0.29959231
0.29959231
0.29959231
0.29959231
0.29959231
0.29959231
0.29959231
0.29959231
0.29959231
0.29959231
0.29959231
0.29959231
0.29959231
0.29959231
0.29959231
0.29959231
0.29959231
0.29959231
0.29959231
0.29959231
0.29959231
0.29959231
0.29959231
0.29959231
0.29959231
0.29959231
0.29959231
0.29959231
0.29959231
0.29959231
0.29959231
0.29959231
0.29959231
0.29959231
0.29959231
0.29959231
0.29959231
0.29959231
0.29959231
0.29959231
0.29959231
0.29959231
0.29959231
0.29959231
0.29959231
0.29959231
0.29959231
0.29959231
0.29959231
0.29959231
0.29959231
0.29959231
0.29959231
)
;
    }
    procBoundary19to54
    {
        type            processor;
        value           nonuniform List<scalar> 
11
(
0.29959231
0.29959231
0.29959231
0.29959231
0.29959231
0.29959231
0.29959231
0.29959231
0.29959231
0.29959231
0.29959231
)
;
    }
}


// ************************************************************************* //
